# Grace project file
#
@version 50125
@page size 792, 612
@page scroll 5%
@page inout 5%
@link page off
@map font 8 to "Courier", "Courier"
@map font 10 to "Courier-Bold", "Courier-Bold"
@map font 14 to "Courier-BoldItalic", "Courier-BoldItalic"
@map font 11 to "Courier-BoldOblique", "Courier-BoldOblique"
@map font 16 to "Courier-Italic", "Courier-Italic"
@map font 9 to "Courier-Oblique", "Courier-Oblique"
@map font 18 to "Courier-Regular", "Courier-Regular"
@map font 19 to "D050000L-Regular", "D050000L-Regular"
@map font 20 to "Dingbats-Regular", "Dingbats-Regular"
@map font 4 to "Helvetica", "Helvetica"
@map font 6 to "Helvetica-Bold", "Helvetica-Bold"
@map font 7 to "Helvetica-BoldOblique", "Helvetica-BoldOblique"
@map font 5 to "Helvetica-Oblique", "Helvetica-Oblique"
@map font 25 to "NimbusMonoL-Bold", "NimbusMonoL-Bold"
@map font 26 to "NimbusMonoL-BoldOblique", "NimbusMonoL-BoldOblique"
@map font 27 to "NimbusMonoL-Regular", "NimbusMonoL-Regular"
@map font 28 to "NimbusMonoL-RegularOblique", "NimbusMonoL-RegularOblique"
@map font 29 to "NimbusMonoPS-Bold", "NimbusMonoPS-Bold"
@map font 30 to "NimbusMonoPS-BoldItalic", "NimbusMonoPS-BoldItalic"
@map font 31 to "NimbusMonoPS-Italic", "NimbusMonoPS-Italic"
@map font 32 to "NimbusMonoPS-Regular", "NimbusMonoPS-Regular"
@map font 33 to "NimbusRoman-Bold", "NimbusRoman-Bold"
@map font 34 to "NimbusRoman-BoldItalic", "NimbusRoman-BoldItalic"
@map font 35 to "NimbusRoman-Italic", "NimbusRoman-Italic"
@map font 36 to "NimbusRoman-Regular", "NimbusRoman-Regular"
@map font 37 to "NimbusRomanNo9L-Medium", "NimbusRomanNo9L-Medium"
@map font 38 to "NimbusRomanNo9L-MediumItalic", "NimbusRomanNo9L-MediumItalic"
@map font 39 to "NimbusRomanNo9L-Regular", "NimbusRomanNo9L-Regular"
@map font 40 to "NimbusRomanNo9L-RegularItalic", "NimbusRomanNo9L-RegularItalic"
@map font 41 to "NimbusSans-Bold", "NimbusSans-Bold"
@map font 42 to "NimbusSans-BoldItalic", "NimbusSans-BoldItalic"
@map font 43 to "NimbusSans-Italic", "NimbusSans-Italic"
@map font 44 to "NimbusSans-Regular", "NimbusSans-Regular"
@map font 45 to "NimbusSansL-Bold", "NimbusSansL-Bold"
@map font 46 to "NimbusSansL-BoldCondensed", "NimbusSansL-BoldCondensed"
@map font 47 to "NimbusSansL-BoldCondensedItalic", "NimbusSansL-BoldCondensedItalic"
@map font 48 to "NimbusSansL-BoldItalic", "NimbusSansL-BoldItalic"
@map font 49 to "NimbusSansL-Regular", "NimbusSansL-Regular"
@map font 50 to "NimbusSansL-RegularCondensed", "NimbusSansL-RegularCondensed"
@map font 51 to "NimbusSansL-RegularCondensedItalic", "NimbusSansL-RegularCondensedItalic"
@map font 52 to "NimbusSansL-RegularItalic", "NimbusSansL-RegularItalic"
@map font 53 to "NimbusSansNarrow-Bold", "NimbusSansNarrow-Bold"
@map font 54 to "NimbusSansNarrow-BoldOblique", "NimbusSansNarrow-BoldOblique"
@map font 55 to "NimbusSansNarrow-Oblique", "NimbusSansNarrow-Oblique"
@map font 56 to "NimbusSansNarrow-Regular", "NimbusSansNarrow-Regular"
@map font 57 to "P052-Bold", "P052-Bold"
@map font 58 to "P052-BoldItalic", "P052-BoldItalic"
@map font 59 to "P052-Italic", "P052-Italic"
@map font 60 to "P052-Roman", "P052-Roman"
@map font 61 to "StandardSymbolsL-Regular", "StandardSymbolsL-Regular"
@map font 62 to "StandardSymbolsPS-Regular", "StandardSymbolsPS-Regular"
@map font 12 to "Symbol", "Symbol"
@map font 2 to "Times-Bold", "Times-Bold"
@map font 3 to "Times-BoldItalic", "Times-BoldItalic"
@map font 1 to "Times-Italic", "Times-Italic"
@map font 0 to "Times-Roman", "Times-Roman"
@map font 68 to "URWBookman-Demi", "URWBookman-Demi"
@map font 69 to "URWBookman-DemiItalic", "URWBookman-DemiItalic"
@map font 70 to "URWBookman-Light", "URWBookman-Light"
@map font 71 to "URWBookman-LightItalic", "URWBookman-LightItalic"
@map font 72 to "URWBookmanL-DemiBold", "URWBookmanL-DemiBold"
@map font 73 to "URWBookmanL-DemiBoldItalic", "URWBookmanL-DemiBoldItalic"
@map font 74 to "URWBookmanL-Light", "URWBookmanL-Light"
@map font 75 to "URWBookmanL-LightItalic", "URWBookmanL-LightItalic"
@map font 76 to "URWChanceryL-MediumItalic", "URWChanceryL-MediumItalic"
@map font 77 to "URWGothic-Book", "URWGothic-Book"
@map font 78 to "URWGothic-BookOblique", "URWGothic-BookOblique"
@map font 79 to "URWGothic-Demi", "URWGothic-Demi"
@map font 80 to "URWGothic-DemiOblique", "URWGothic-DemiOblique"
@map font 81 to "URWGothicL-Book", "URWGothicL-Book"
@map font 82 to "URWGothicL-BookOblique", "URWGothicL-BookOblique"
@map font 83 to "URWGothicL-Demi", "URWGothicL-Demi"
@map font 84 to "URWGothicL-DemiOblique", "URWGothicL-DemiOblique"
@map font 85 to "URWPalladioL-Bold", "URWPalladioL-Bold"
@map font 86 to "URWPalladioL-BoldItalic", "URWPalladioL-BoldItalic"
@map font 87 to "URWPalladioL-Italic", "URWPalladioL-Italic"
@map font 88 to "URWPalladioL-Roman", "URWPalladioL-Roman"
@map font 89 to "Utopia-Bold", "Utopia-Bold"
@map font 90 to "Utopia-BoldItalic", "Utopia-BoldItalic"
@map font 91 to "Utopia-Italic", "Utopia-Italic"
@map font 92 to "Utopia-Regular", "Utopia-Regular"
@map font 93 to "Z003-MediumItalic", "Z003-MediumItalic"
@map font 13 to "ZapfDingbats", "ZapfDingbats"
@map color 0 to (255, 255, 255), "white"
@map color 1 to (0, 0, 0), "black"
@map color 2 to (255, 0, 0), "red"
@map color 3 to (0, 255, 0), "green"
@map color 4 to (0, 0, 255), "blue"
@map color 5 to (255, 255, 0), "yellow"
@map color 6 to (188, 143, 143), "brown"
@map color 7 to (220, 220, 220), "grey"
@map color 8 to (148, 0, 211), "violet"
@map color 9 to (0, 255, 255), "cyan"
@map color 10 to (255, 0, 255), "magenta"
@map color 11 to (255, 165, 0), "orange"
@map color 12 to (114, 33, 188), "indigo"
@map color 13 to (103, 7, 72), "maroon"
@map color 14 to (64, 224, 208), "turquoise"
@map color 15 to (0, 139, 0), "green4"
@reference date 0
@date wrap off
@date wrap year 1950
@default linewidth 1.0
@default linestyle 1
@default color 1
@default pattern 1
@default font 0
@default char size 1.000000
@default symbol size 1.000000
@default sformat "%.8g"
@background color 0
@page background fill on
@timestamp off
@timestamp 0.03, 0.03
@timestamp color 1
@timestamp rot 0
@timestamp font 0
@timestamp char size 1.000000
@timestamp def "Sun Oct 16 19:52:56 2022"
@r0 off
@link r0 to g0
@r0 type above
@r0 linestyle 1
@r0 linewidth 1.0
@r0 color 1
@r0 line 0, 0, 0, 0
@r1 off
@link r1 to g0
@r1 type above
@r1 linestyle 1
@r1 linewidth 1.0
@r1 color 1
@r1 line 0, 0, 0, 0
@r2 off
@link r2 to g0
@r2 type above
@r2 linestyle 1
@r2 linewidth 1.0
@r2 color 1
@r2 line 0, 0, 0, 0
@r3 off
@link r3 to g0
@r3 type above
@r3 linestyle 1
@r3 linewidth 1.0
@r3 color 1
@r3 line 0, 0, 0, 0
@r4 off
@link r4 to g0
@r4 type above
@r4 linestyle 1
@r4 linewidth 1.0
@r4 color 1
@r4 line 0, 0, 0, 0
@g0 on
@g0 hidden false
@g0 type XY
@g0 stacked false
@g0 bar hgap 0.000000
@g0 fixedpoint off
@g0 fixedpoint type 0
@g0 fixedpoint xy 0.000000, 0.000000
@g0 fixedpoint format general general
@g0 fixedpoint prec 6, 6
@with g0
@    world -5, -5, 5, 5
@    stack world 0, 0, 0, 0
@    znorm 1
@    view 0.250000, 0.150000, 1.150000, 0.850000
@    title "X-Y scatter plot"
@    title font 0
@    title size 1.500000
@    title color 1
@    subtitle ""
@    subtitle font 0
@    subtitle size 1.000000
@    subtitle color 1
@    xaxes scale Normal
@    yaxes scale Normal
@    xaxes invert off
@    yaxes invert off
@    xaxis  on
@    xaxis  type zero false
@    xaxis  offset 0.000000 , 0.000000
@    xaxis  bar on
@    xaxis  bar color 1
@    xaxis  bar linestyle 1
@    xaxis  bar linewidth 1.0
@    xaxis  label "X (cm)"
@    xaxis  label layout para
@    xaxis  label place auto
@    xaxis  label char size 1.000000
@    xaxis  label font 0
@    xaxis  label color 1
@    xaxis  label place normal
@    xaxis  tick on
@    xaxis  tick major 2
@    xaxis  tick minor ticks 1
@    xaxis  tick default 6
@    xaxis  tick place rounded true
@    xaxis  tick in
@    xaxis  tick major size 1.000000
@    xaxis  tick major color 1
@    xaxis  tick major linewidth 1.0
@    xaxis  tick major linestyle 1
@    xaxis  tick major grid off
@    xaxis  tick minor color 1
@    xaxis  tick minor linewidth 1.0
@    xaxis  tick minor linestyle 1
@    xaxis  tick minor grid off
@    xaxis  tick minor size 0.500000
@    xaxis  ticklabel on
@    xaxis  ticklabel format general
@    xaxis  ticklabel prec 5
@    xaxis  ticklabel formula ""
@    xaxis  ticklabel append ""
@    xaxis  ticklabel prepend ""
@    xaxis  ticklabel angle 0
@    xaxis  ticklabel skip 0
@    xaxis  ticklabel stagger 0
@    xaxis  ticklabel place normal
@    xaxis  ticklabel offset auto
@    xaxis  ticklabel offset 0.000000 , 0.010000
@    xaxis  ticklabel start type auto
@    xaxis  ticklabel start 0.000000
@    xaxis  ticklabel stop type auto
@    xaxis  ticklabel stop 0.000000
@    xaxis  ticklabel char size 1.000000
@    xaxis  ticklabel font 0
@    xaxis  ticklabel color 1
@    xaxis  tick place both
@    xaxis  tick spec type none
@    yaxis  on
@    yaxis  type zero false
@    yaxis  offset 0.000000 , 0.000000
@    yaxis  bar on
@    yaxis  bar color 1
@    yaxis  bar linestyle 1
@    yaxis  bar linewidth 1.0
@    yaxis  label "Y (cm)"
@    yaxis  label layout para
@    yaxis  label place auto
@    yaxis  label char size 1.000000
@    yaxis  label font 0
@    yaxis  label color 1
@    yaxis  label place normal
@    yaxis  tick on
@    yaxis  tick major 2
@    yaxis  tick minor ticks 1
@    yaxis  tick default 6
@    yaxis  tick place rounded true
@    yaxis  tick in
@    yaxis  tick major size 1.000000
@    yaxis  tick major color 1
@    yaxis  tick major linewidth 1.0
@    yaxis  tick major linestyle 1
@    yaxis  tick major grid off
@    yaxis  tick minor color 1
@    yaxis  tick minor linewidth 1.0
@    yaxis  tick minor linestyle 1
@    yaxis  tick minor grid off
@    yaxis  tick minor size 0.500000
@    yaxis  ticklabel on
@    yaxis  ticklabel format general
@    yaxis  ticklabel prec 5
@    yaxis  ticklabel formula ""
@    yaxis  ticklabel append ""
@    yaxis  ticklabel prepend ""
@    yaxis  ticklabel angle 0
@    yaxis  ticklabel skip 0
@    yaxis  ticklabel stagger 0
@    yaxis  ticklabel place normal
@    yaxis  ticklabel offset auto
@    yaxis  ticklabel offset 0.000000 , 0.010000
@    yaxis  ticklabel start type auto
@    yaxis  ticklabel start 0.000000
@    yaxis  ticklabel stop type auto
@    yaxis  ticklabel stop 0.000000
@    yaxis  ticklabel char size 1.000000
@    yaxis  ticklabel font 0
@    yaxis  ticklabel color 1
@    yaxis  tick place both
@    yaxis  tick spec type none
@    altxaxis  off
@    altyaxis  off
@    legend on
@    legend loctype view
@    legend 0.6, 0.75
@    legend box color 1
@    legend box pattern 1
@    legend box linewidth 1.0
@    legend box linestyle 1
@    legend box fill color 0
@    legend box fill pattern 1
@    legend font 0
@    legend char size 1.000000
@    legend color 1
@    legend length 4
@    legend vgap 1
@    legend hgap 1
@    legend invert false
@    frame type 0
@    frame linestyle 1
@    frame linewidth 1.0
@    frame color 1
@    frame pattern 1
@    frame background color 0
@    frame background pattern 0
@    s0 hidden false
@    s0 type xy
@    s0 symbol 1
@    s0 symbol size 1.000000
@    s0 symbol color 1
@    s0 symbol pattern 1
@    s0 symbol fill color 1
@    s0 symbol fill pattern 0
@    s0 symbol linewidth 1.0
@    s0 symbol linestyle 1
@    s0 symbol char 65
@    s0 symbol char font 0
@    s0 symbol skip 0
@    s0 line type 1
@    s0 line linestyle 0
@    s0 line linewidth 1.0
@    s0 line color 1
@    s0 line pattern 1
@    s0 baseline type 0
@    s0 baseline off
@    s0 dropline off
@    s0 fill type 0
@    s0 fill rule 0
@    s0 fill color 1
@    s0 fill pattern 1
@    s0 avalue off
@    s0 avalue type 2
@    s0 avalue char size 1.000000
@    s0 avalue font 0
@    s0 avalue color 1
@    s0 avalue rot 0
@    s0 avalue format general
@    s0 avalue prec 3
@    s0 avalue prepend ""
@    s0 avalue append ""
@    s0 avalue offset 0.000000 , 0.000000
@    s0 errorbar on
@    s0 errorbar place both
@    s0 errorbar color 1
@    s0 errorbar pattern 1
@    s0 errorbar size 1.000000
@    s0 errorbar linewidth 1.0
@    s0 errorbar linestyle 1
@    s0 errorbar riser linewidth 1.0
@    s0 errorbar riser linestyle 1
@    s0 errorbar riser clip off
@    s0 errorbar riser clip length 0.100000
@    s0 comment "AfterCoverPhsp"
@    s0 legend  "IQ = 0 NO LATCH CHECK"
@target G0.S0
@type xy
1.8128 1.4485
1.8128 1.4485
1.8128 1.4485
1.8128 1.4485
-1.3433 1.4055
-1.3433 1.4055
-0.86293 -0.36048
-0.86293 -0.36048
-0.86293 -0.36048
-2.2977 0.97754
0.18515 1.2413
1.9404 0.068089
1.9404 0.068089
-2.0401 -0.91411
-2.0401 -0.91411
1.5824 0.51171
1.5824 0.51171
1.5824 0.51171
-1.7265 0.84346
-1.7265 0.84346
-1.0566 -1.4567
-1.0566 -1.4567
-1.0566 -1.4567
0.10996 -0.25341
0.10996 -0.25341
0.10996 -0.25341
-1.8725 0.10265
-1.8725 0.10265
-1.8725 0.10265
-1.8725 0.10265
-1.0492 0.14629
-1.0492 0.14629
-0.12228 -1.2888
0.88134 -0.26348
-1.6764 0.088096
-1.6764 0.088096
-1.6764 0.088096
-1.6764 0.088096
-0.33266 0.30534
0.96703 -0.43856
-0.37265 -1.1321
-0.37265 -1.1321
-0.37265 -1.1321
-0.37265 -1.1321
-1.9293 0.14444
-1.9293 0.14444
-1.9293 0.14444
-1.9293 0.14444
-2.0145 -0.71993
-2.0145 -0.71993
-2.0145 -0.71993
-2.0145 -0.71993
-1.6863 0.19143
-1.6863 0.19143
-1.6863 0.19143
-2.4331 2.2167
-0.58123 -0.97338
-0.58123 -0.97338
-0.58123 -0.97338
0.86125 0.98177
0.86125 0.98177
0.86125 0.98177
-0.3103 -1.0726
-0.3103 -1.0726
-0.3103 -1.0726
-0.3103 -1.0726
1.4925 1.0341
1.4925 1.0341
0.7558 1.3805
0.7558 1.3805
0.7558 1.3805
0.7558 1.3805
-1.9364 1.4272
-1.9364 1.4272
-1.0476 0.60341
-1.0476 0.60341
-1.0476 0.60341
-0.55281 -1.6536
-1.8875 0.23822
-1.8875 0.23822
1.4683 0.029088
1.4683 0.029088
1.4683 0.029088
1.4683 0.029088
-2.1774 0.064605
-2.1774 0.064605
0.39326 -0.18138
0.39326 -0.18138
0.39326 -0.18138
1.1363 1.2377
1.1363 1.2377
1.1363 1.2377
1.1363 1.2377
2.1964 0.40651
2.1964 0.40651
2.1964 0.40651
-1.1545 -1.7291
-1.1545 -1.7291
-1.1545 -1.7291
-1.1545 -1.7291
0.73939 -0.00061876
-0.15289 0.47229
-0.15289 0.47229
-0.15289 0.47229
-0.65847 -0.11348
-0.85777 -0.69724
-0.85777 -0.69724
-0.85777 -0.69724
-1.7126 -1.0015
2.4431 -1.5817
3.1205 -2.0025
2.3116 0.77188
2.2867 0.72875
2.2867 0.72875
-0.54282 1.7634
-0.54282 1.7634
-0.54282 1.7634
-1.4558 1.1587
-1.4558 1.1587
2.3361 -0.016261
0.32391 -0.75951
0.32391 -0.75951
0.32391 -0.75951
0.32391 -0.75951
-0.4674 -0.27127
-0.4674 -0.27127
-1.0213 -0.33431
1.2658 -0.43795
0.98378 -1.7579
0.68458 -0.94855
0.5714 -1.0798
1.4666 -0.30795
2.2014 -1.7568
1.4666 -0.30795
1.5004 0.56831
1.5004 0.56831
1.5004 0.56831
1.5004 0.56831
-4.1337 1.3205
-0.59716 0.40804
-1.8857 0.067145
0.66091 0.60224
0.66091 0.60224
0.66091 0.60224
0.66091 0.60224
0.41459 1.2965
0.41459 1.2965
0.41459 1.2965
0.79794 1.1919
0.79794 1.1919
0.79794 1.1919
0.79794 1.1919
2.0883 0.60018
2.0883 0.60018
1.4749 -0.62114
1.4749 -0.62114
1.4749 -0.62114
1.4749 -0.62114
-0.27969 0.12578
-2.195 -1.2584
-2.195 -1.2584
-2.195 -1.2584
-1.233 1.08
-1.233 1.08
-0.75825 4.1332
-1.2123 1.461
-1.2123 1.461
-1.2954 -1.0888
-1.2954 -1.0888
-0.60669 0.89595
0.96402 -1.7195
0.96402 -1.7195
0.96402 -1.7195
-0.28512 0.23184
0.12724 0.66437
0.12724 0.66437
-0.48264 -1.1109
-0.48264 -1.1109
-1.0786 -0.21006
-2.8101 0.32876
-1.0786 -0.21006
-1.0786 -0.21006
-1.7174 1.0136
-1.7174 1.0136
-1.7174 1.0136
-1.7174 1.0136
1.4083 1.5138
-1.9043 0.4086
-1.9043 0.4086
-1.9043 0.4086
-1.9034 -1.5806
1.4606 1.2774
1.0511 -0.84742
1.0511 -0.84742
1.0511 -0.84742
1.0511 -0.84742
-2.3863 -0.73232
-2.3863 -0.73232
-2.3863 -0.73232
0.88635 -3.3791
-1.7595 0.15595
-1.7595 0.15595
-1.463 -1.041
-1.463 -1.041
-1.463 -1.041
-1.463 -1.041
-0.70593 -0.81136
-2.596 0.26435
-2.596 0.26435
0.61427 0.17572
1.6841 -0.037607
-1.3995 1.5267
-1.3995 1.5267
-1.3995 1.5267
-1.3995 1.5267
-0.62108 1.4954
-0.62108 1.4954
-0.62108 1.4954
-1.761 -0.60267
-1.761 -0.60267
-1.761 -0.60267
-1.761 -0.60267
-1.4238 1.0731
-1.9116 1.2457
-1.9116 1.2457
-1.0458 -0.17616
-1.0458 -0.17616
-1.0458 -0.17616
0.76239 -1.0875
-0.16235 -0.18175
-0.16235 -0.18175
-0.16235 -0.18175
-0.16235 -0.18175
-2.6168 -0.10793
-1.674 0.59483
-1.6305 -0.3698
-1.3942 -0.36423
-1.3942 -0.36423
-1.8427 0.69242
-2.3934 0.63524
-1.8427 0.69242
-2.1086 0.93891
-2.1086 0.93891
-1.1838 -1.6531
-1.1838 -1.6531
-1.1838 -1.6531
-1.1838 -1.6531
1.4153 1.4296
1.4153 1.4296
-0.25782 -1.7257
-0.25782 -1.7257
-0.25782 -1.7257
-0.25782 -1.7257
0.18736 -1.0421
2.0175 -1.3392
1.5658 -1.6846
-3.359 3.5801
1.7991 0.22095
1.7991 0.22095
1.7991 0.22095
1.2409 -0.030781
1.3785 -0.114
1.3785 -0.114
1.3785 -0.114
-1.4483 -0.55065
-1.4483 -0.55065
-1.4483 -0.55065
1.4909 0.75515
2.3485 -0.22186
0.83795 -1.7092
0.83795 -1.7092
0.12249 0.84339
0.12249 0.84339
0.12249 0.84339
-2.2643 -0.096006
-2.2643 -0.096006
-2.2643 -0.096006
-2.2643 -0.096006
-0.90311 -0.91986
2.237 -0.39527
2.237 -0.39527
2.237 -0.39527
-1.0964 1.2182
-1.0964 1.2182
-1.0964 1.2182
0.67266 -0.36986
0.67266 -0.36986
0.67266 -0.36986
0.67266 -0.36986
-1.0573 0.6002
-1.0573 0.6002
-1.0573 0.6002
-2.2927 0.50005
-2.2927 0.50005
-2.2927 0.50005
-2.2927 0.50005
-1.4304 -0.89782
-1.4304 -0.89782
-1.4304 -0.89782
-1.4304 -0.89782
-0.93922 4.1578
0.83782 0.091876
1.345 0.67443
1.345 0.67443
1.345 0.67443
1.345 0.67443
1.1892 -0.65129
1.1892 -0.65129
1.1892 -0.65129
1.8455 -1.4456
1.8455 -1.4456
1.8455 -1.4456
0.80121 0.3763
0.80121 0.3763
0.80121 0.3763
2.5593 -1.3606
2.5593 -1.3606
-0.92408 0.82686
-0.92408 0.82686
-0.92408 0.82686
-0.92408 0.82686
-2.1885 -0.82708
-1.6792 1.4932
-1.6792 1.4932
-1.6792 1.4932
-1.6792 1.4932
2.2182 -1.9657
2.2182 -1.9657
2.2182 -1.9657
2.2182 -1.9657
2.0634 -1.0102
2.0634 -1.0102
2.0634 -1.0102
-1.6649 -1.0244
2.2424 0.45208
2.2424 0.45208
2.2424 0.45208
2.2424 0.45208
-2.1212 -1.0081
-2.1212 -1.0081
-2.1212 -1.0081
-2.4495 -1.5444
-2.4495 -1.5444
-2.4495 -1.5444
-0.75697 -1.3664
-0.75697 -1.3664
-0.75697 -1.3664
-0.75697 -1.3664
2.2227 0.43628
1.7442 0.52301
1.7442 0.52301
-0.012559 -1.0202
-0.012559 -1.0202
0.54613 1.2211
1.0946 0.15263
1.0946 0.15263
-0.19969 -0.66166
-0.19969 -0.66166
1.7646 -1.6125
1.7646 -1.6125
1.7646 -1.6125
1.7646 -1.6125
-2.3298 0.89738
4.8564 3.2867
-2.3298 0.89738
2.408 -1.4612
2.408 -1.4612
0.97231 -0.23925
0.97231 -0.23925
0.97231 -0.23925
0.97231 -0.23925
-1.4646 1.0821
-1.6078 2.2407
-1.5649 -1.4138
-1.5649 -1.4138
-1.5649 -1.4138
-1.5649 -1.4138
1.6641 -0.58395
1.6641 -0.58395
1.6641 -0.58395
-1.657 1.6006
-1.9571 -0.50616
-1.9571 -0.50616
-1.9571 -0.50616
-1.9571 -0.50616
0.30251 -1.0321
0.30251 -1.0321
0.30251 -1.0321
0.30251 -1.0321
1.9968 -0.27188
1.6602 -0.30065
-1.1923 -0.85408
-1.1923 -0.85408
-1.1923 -0.85408
-1.1923 -0.85408
-2.0623 -0.67505
-2.4679 -1.3505
0.89569 0.6286
0.89569 0.6286
0.89569 0.6286
-0.54972 -0.45949
-0.54972 -0.45949
-0.54972 -0.45949
4.8533 -0.29834
-1.315 -1.9059
1.5919 1.4049
1.5919 1.4049
1.5919 1.4049
1.9687 0.13998
1.9687 0.13998
1.9687 0.13998
0.56241 0.86288
0.56241 0.86288
0.56241 0.86288
1.4989 -1.1167
1.4989 -1.1167
1.4989 -1.1167
1.4989 -1.1167
-2.2487 0.74325
-2.2487 0.74325
-2.2487 0.74325
1.4618 -0.37425
1.4618 -0.37425
1.4618 -0.37425
-1.3346 1.2317
-1.3346 1.2317
-0.35057 -1.5948
-0.35057 -1.5948
-0.35057 -1.5948
-0.35057 -1.5948
0.12775 -0.61176
0.12775 -0.61176
-1.0426 0.4047
-0.79192 1.0914
0.23803 1.4501
0.24908 -1.5452
0.24908 -1.5452
0.22571 1.1843
-0.12227 0.16791
-0.12227 0.16791
-0.12227 0.16791
-0.12227 0.16791
3.3272 1.1886
2.5894 1.1037
-2.293 0.50718
-2.293 0.50718
-2.293 0.50718
-2.293 0.50718
1.7215 -0.72179
1.7215 -0.72179
1.7215 -0.72179
1.7215 -0.72179
0.98794 1.5498
0.98794 1.5498
0.98794 1.5498
0.98794 1.5498
-0.48828 1.6991
-0.48828 1.6991
-0.48828 1.6991
0.84934 -1.2361
0.84934 -1.2361
-1.4376 -1.1632
-1.4376 -1.1632
-1.4376 -1.1632
1.9012 0.65034
-1.4505 0.81615
-1.4505 0.81615
-1.4505 0.81615
-1.4505 0.81615
1.9103 -0.44701
-1.3274 -1.4203
-1.3274 -1.4203
-1.3274 -1.4203
-2.3987 -1.3144
-1.8637 0.27089
-1.8637 0.27089
-0.91003 1.6269
-0.91003 1.6269
-1.6458 1.5501
-0.70842 -1.535
-0.70842 -1.535
-0.70842 -1.535
0.89673 0.6922
2.5408 3.4878
0.89673 0.6922
2.1049 -1.6388
-0.14103 -0.29213
-0.14103 -0.29213
-0.14103 -0.29213
0.97809 -0.46261
0.97809 -0.46261
-2.2602 -1.6201
0.88127 -0.092352
0.88127 -0.092352
0.88127 -0.092352
-1.1171 0.18338
-0.70488 0.056334
-0.70488 0.056334
-0.70488 0.056334
-0.70488 0.056334
0.31529 1.2478
0.31529 1.2478
0.31529 1.2478
0.31529 1.2478
1.0236 -1.5862
-1.7281 0.45751
1.5365 -1.4618
-0.9307 0.30866
-4.0156 2.7519
-1.2063 -1.4277
-1.6376 4.2582
-3.3752 -2.8007
-0.73223 0.43402
-2.2773 -0.88704
0.93082 -3.706
-4.0744 -3.9492
-3.2701 1.4597
-1.9162 1.5339
-2.5182 -1.7614
-1.8186 -0.77468
1.1269 1.0516
-4.6832 2.1676
-4.6032 -0.27606
-4.5288 -4.3752
-1.7517 -2.481
-1.5186 -0.030767
3.0947 -4.387
4.0683 -1.4916
3.7282 -3.903
2.1685 -2.5975
-3.7244 0.24692
-2.3208 -3.8194
-3.9263 4.1239
-4.4065 -1.4097
-2.7511 -0.5352
0.38886 -3.2395
-3.8533 -1.4819
1.805 2.2896
-3.8277 -2.1897
-3.2713 -1.6231
-0.91726 -0.49018
-2.6375 1.3885
3.4703 -0.98491
-1.312 -0.33736
-2.2835 -3.4597
0.39691 0.74411
-1.2099 -2.6203
-1.8324 1.4724
-2.3368 2.1689
-2.5142 1.1085
-3.1503 -1.2835
-3.3517 2.4844
-1.6807 -0.61101
1.0341 0.53422
-1.422 2.8509
0.97421 0.33392
-2.3823 -2.725
-2.4789 -1.1391
-3.9609 0.3118
1.4972 -3.0489
-1.3326 0.6337
1.258 2.1055
0.18809 -3.4012
-3.6325 -2.2676
-1.7281 0.45751
2.151 -0.40924
1.4945 1.2591
-1.1133 -1.7236
-1.1133 -1.7236
1.9305 -1.7376
1.9305 -1.7376
1.9305 -1.7376
1.9305 -1.7376
-0.64913 1.4444
1.918 -1.6778
1.918 -1.6778
1.918 -1.6778
1.911 -2.5306
0.6046 0.46602
-0.090118 -0.069797
-0.090118 -0.069797
-0.090118 -0.069797
0.14592 0.8408
0.14592 0.8408
-0.19021 -0.54116
-1.2679 0.73631
1.6223 -0.92753
1.0421 -0.64239
1.0421 -0.64239
1.0421 -0.64239
3.5261 0.094033
-1.4661 -1.2831
-1.4661 -1.2831
1.308 0.24036
1.308 0.24036
1.308 0.24036
-0.79087 -1.3532
-0.71799 -1.4604
1.2801 1.1589
1.2801 1.1589
-1.7541 1.4469
-1.7745 0.34472
-1.7745 0.34472
-1.7745 0.34472
-1.7745 0.34472
-2.028 -0.73246
-2.028 -0.73246
-2.028 -0.73246
1.5879 -0.90132
1.5879 -0.90132
1.5879 -0.90132
1.5879 -0.90132
-0.21829 1.0095
-0.21829 1.0095
-2.274 -0.91049
-2.274 -0.91049
-2.274 -0.91049
-2.274 -0.91049
-1.0381 1.169
-1.0381 1.169
-1.0381 1.169
0.12199 -0.58122
0.12199 -0.58122
0.12199 -0.58122
0.12199 -0.58122
-0.33102 0.78386
-0.22465 0.62629
-0.33102 0.78386
2.2713 0.82958
2.2713 0.82958
2.2713 0.82958
-1.936 -0.39417
-1.936 -0.39417
-1.5016 1.2149
-1.5016 1.2149
0.56532 -0.40375
0.56532 -0.40375
-1.2038 0.96088
0.0052159 0.12327
0.0052159 0.12327
0.0052159 0.12327
0.0052159 0.12327
-2.23 0.80921
-2.23 0.80921
-2.23 0.80921
0.21247 -1.5368
-0.39559 0.99906
-0.39559 0.99906
-0.39559 0.99906
-0.39559 0.99906
-2.039 0.38526
-2.039 0.38526
-2.039 0.38526
-2.039 0.38526
-0.12598 -0.081671
-0.12598 -0.081671
-0.12598 -0.081671
-0.12598 -0.081671
-1.7282 0.73653
-1.7282 0.73653
1.5231 0.46058
1.5231 0.46058
1.5231 0.46058
1.9984 1.0378
1.9984 1.0378
0.14491 1.2186
0.14491 1.2186
1.2109 1.4588
1.2109 1.4588
-0.069248 0.97889
-0.069248 0.97889
0.78352 0.86486
0.78352 0.86486
0.78352 0.86486
1.1732 0.22939
1.162 0.41846
1.162 0.41846
-0.45559 1.0152
1.631 0.34161
2.1294 -0.87214
2.1294 -0.87214
-0.013189 -0.29087
-0.013189 -0.29087
-1.5303 -0.64237
-1.5303 -0.64237
-0.80218 -0.271
-0.80218 -0.271
-0.80218 -0.271
-0.80218 -0.271
-2.4478 -0.738
-2.4478 -0.738
-2.4478 -0.738
2.1179 -0.058791
2.1179 -0.058791
2.1179 -0.058791
2.1179 -0.058791
1.2543 0.042299
1.2543 0.042299
2.1982 -0.22864
2.1982 -0.22864
-1.3772 -0.43291
-1.3563 -0.67604
-1.3563 -0.67604
-1.3563 -0.67604
-1.3518 1.738
-1.3518 1.738
2.3278 -0.29012
1.9937 1.851
2.3259 -1.4471
-0.69076 -1.266
-0.69076 -1.266
-3.1093 -0.9715
-0.69076 -1.266
1.9815 -0.046412
1.9815 -0.046412
1.9815 -0.046412
1.4415 -1.6408
1.4415 -1.6408
1.4415 -1.6408
1.1149 -1.3772
1.1149 -1.3772
1.1149 -1.3772
1.2758 0.93085
1.2758 0.93085
1.2758 0.93085
0.025397 1.5417
-1.9037 0.16703
0.21345 -1.3033
0.21345 -1.3033
0.21345 -1.3033
-1.6242 -0.73367
-1.6242 -0.73367
-1.6242 -0.73367
-1.6242 -0.73367
1.3491 1.5354
4.6392 1.437
1.3491 1.5354
1.3491 1.5354
1.4752 -1.7183
1.3892 1.6491
1.3892 1.6491
0.19366 -0.13374
0.19366 -0.13374
0.95804 -0.57747
-2.2299 0.19656
-2.2299 0.19656
-2.2299 0.19656
-2.2299 0.19656
-0.34623 1.2419
-0.34623 1.2419
2.1454 1.071
2.1454 1.071
2.1454 1.071
-1.8168 -1.4313
-1.8168 -1.4313
-1.9138 -0.96006
0.45068 -0.18701
0.45068 -0.18701
0.45068 -0.18701
1.8562 -0.043649
1.8562 -0.043649
1.8562 -0.043649
-0.62992 -1.1763
-0.62992 -1.1763
-0.62992 -1.1763
-2.1121 -1.225
0.72506 -1.7086
0.72506 -1.7086
0.98517 1.6268
0.98517 1.6268
0.98517 1.6268
0.98517 1.6268
1.8762 1.4157
1.8762 1.4157
1.8762 1.4157
1.8762 1.4157
-1.8622 -0.073438
-1.8622 -0.073438
-1.8836 -0.67691
-1.1978 1.3652
1.1009 -0.43397
1.1009 -0.43397
1.1009 -0.43397
1.1009 -0.43397
-0.6604 0.21607
1.7233 0.56676
1.7233 0.56676
1.7233 0.56676
1.7233 0.56676
0.19023 -1.104
0.42361 -2.6722
0.19023 -1.104
1.0605 -1.3487
1.0605 -1.3487
0.29806 -0.27592
0.29806 -0.27592
0.29806 -0.27592
-0.12386 1.5101
-0.12386 1.5101
0.63482 -1.1055
0.63482 -1.1055
-2.2169 1.8008
-2.2169 1.8008
-1.7714 -1.4205
-1.7714 -1.4205
-1.7714 -1.4205
0.63948 0.11734
-1.2567 -0.62476
-1.2567 -0.62476
-1.2567 -0.62476
-1.2567 -0.62476
-0.57107 0.53369
1.2917 -0.97233
1.2917 -0.97233
1.2917 -0.97233
-0.87874 -0.63429
-0.87874 -0.63429
-2.0482 -0.63493
-0.26082 0.39743
-3.7201 -2.2043
-0.26082 0.39743
1.3931 0.72804
1.8797 1.9336
1.3931 0.72804
1.0699 -0.28427
-0.11494 -0.13656
-0.46131 -1.0951
-0.46131 -1.0951
-2.5478 -3.5336
-0.46131 -1.0951
-1.5958 0.22207
-1.5958 0.22207
-0.45329 0.4949
-0.45329 0.4949
2.6969 -0.43708
0.8344 -1.3128
0.48399 -1.5479
0.8344 -1.3128
0.36157 -0.43092
0.36157 -0.43092
0.36157 -0.43092
0.36157 -0.43092
0.056995 0.73613
0.056995 0.73613
0.056995 0.73613
-1.9965 -1.5586
-1.9965 -1.5586
0.777 -0.90606
-1.156 0.48994
-0.94615 0.040933
-1.156 0.48994
0.25647 1.042
0.25647 1.042
0.25647 1.042
2.0766 -0.38887
2.0766 -0.38887
2.0766 -0.38887
2.0766 -0.38887
-2.548 -1.3323
-2.548 -1.3323
-2.548 -1.3323
0.23861 -1.5777
0.23861 -1.5777
0.23861 -1.5777
0.23861 -1.5777
-1.6854 -0.94388
-1.6854 -0.94388
-1.6854 -0.94388
-2.0679 0.76522
-2.0679 0.76522
-2.0679 0.76522
-0.86693 1.3003
-0.86693 1.3003
-1.6535 1.1171
-1.6535 1.1171
-1.6535 1.1171
-2.1028 1.0957
-2.1028 1.0957
-2.1028 1.0957
-0.766 -0.4912
-0.766 -0.4912
-0.766 -0.4912
1.7599 1.0422
0.16379 0.02679
0.16379 0.02679
0.16379 0.02679
0.16379 0.02679
0.50302 0.58117
0.50302 0.58117
-0.3626 0.20283
-2.6267 0.49836
-2.6267 0.49836
2.398 0.26925
2.398 0.26925
2.398 0.26925
-1.2417 0.72282
-0.84003 0.40689
-0.84003 0.40689
-0.84003 0.40689
-1.8081 0.19464
-1.8081 0.19464
-1.8081 0.19464
1.7226 1.1719
-2.608 0.33585
2.4094 1.2031
2.4094 1.2031
2.4094 1.2031
3.8435 3.8939
-1.298 -1.7452
-1.2317 -1.9649
-1.298 -1.7452
1.3236 -0.14378
1.3236 -0.14378
1.3236 -0.14378
-1.6849 -0.11853
-1.6849 -0.11853
-1.6849 -0.11853
2.1379 0.37641
2.1379 0.37641
1.9561 -1.436
1.9561 -1.436
1.9561 -1.436
1.8252 1.1636
1.8252 1.1636
-0.21183 -0.76725
-0.21183 -0.76725
-0.21183 -0.76725
-0.55963 -1.1827
-2.528 0.0082487
-1.2419 0.16442
-1.2419 0.16442
1.9208 1.1421
-0.18149 -0.38643
-0.18149 -0.38643
-0.18149 -0.38643
-0.18149 -0.38643
-0.45896 -1.5089
-0.45896 -1.5089
-0.45896 -1.5089
0.10085 0.6024
0.10085 0.6024
0.10085 0.6024
-1.0141 0.10491
-1.0141 0.10491
-1.0141 0.10491
-1.0141 0.10491
-1.7281 -0.95136
-1.7281 -0.95136
1.8853 1.6514
1.386 0.45061
1.386 0.45061
-0.12615 -0.37397
-0.46808 0.45858
-0.46808 0.45858
-0.46808 0.45858
1.2135 -0.21331
2.0864 1.3596
2.0864 1.3596
-0.013981 0.93111
-0.013981 0.93111
-0.013981 0.93111
0.87852 -1.227
1.7368 1.1668
1.7368 1.1668
1.7368 1.1668
-0.74198 -0.60429
-0.74198 -0.60429
-0.83785 -0.79571
-0.74198 -0.60429
-0.8207 1.2219
-0.8207 1.2219
-0.8207 1.2219
1.8302 1.4878
1.8302 1.4878
0.87128 -0.75029
1.8046 -0.55915
1.8046 -0.55915
0.64834 -0.53601
0.64834 -0.53601
0.64834 -0.53601
-1.679 -0.92658
-1.679 -0.92658
-1.679 -0.92658
-1.9654 -1.1624
-1.9654 -1.1624
-1.9654 -1.1624
1.5483 -0.62774
1.7931 1.2714
1.5483 -0.62774
-1.5862 3.9806
1.8649 -1.296
0.13577 -3.8174
1.2257 -0.50157
1.2257 -0.50157
1.2257 -0.50157
-0.86427 1.5571
-0.86427 1.5571
-1.8724 -1.4144
-0.15526 -0.13116
-0.15526 -0.13116
-0.1361 3.9814
0.86623 0.56555
-2.0645 0.69194
-2.0645 0.69194
-2.0645 0.69194
0.9889 1.5147
0.9889 1.5147
0.9889 1.5147
-1.6898 1.0586
-1.5754 1.4743
-1.6898 1.0586
2.4202 0.33711
2.4202 0.33711
2.1787 -0.79362
2.1787 -0.79362
2.1787 -0.79362
2.1787 -0.79362
0.58499 -0.23973
-1.7895 1.4436
-1.7895 1.4436
1.1013 0.24595
1.8107 -0.63318
1.8107 -0.63318
0.60189 -1.7727
0.60189 -1.7727
-2.0052 -0.65587
2.0832 -0.7418
2.0832 -0.7418
2.0832 -0.7418
2.0832 -0.7418
1.3311 -1.1459
1.3311 -1.1459
-1.6677 0.90979
-1.6677 0.90979
1.8354 -0.76027
1.8354 -0.76027
1.8354 -0.76027
1.8354 -0.76027
-0.11783 0.85904
-0.11783 0.85904
-0.11783 0.85904
-0.10493 0.61528
-1.0222 -0.27434
-1.0222 -0.27434
-1.0222 -0.27434
-1.0222 -0.27434
1.0522 0.050859
1.0522 0.050859
1.9565 -1.8006
4.3196 -2.8574
1.9565 -1.8006
-0.89123 -0.53698
-0.89123 -0.53698
-0.89123 -0.53698
-2.5398 -1.074
-2.5398 -1.074
-0.016506 1.7982
-0.016506 1.7982
-0.016506 1.7982
-2.2509 0.24199
-2.7106 0.40087
-2.0388 1.4195
-2.0388 1.4195
-0.39646 -1.4197
3.4736 0.25021
-0.83916 1.4818
-0.83916 1.4818
0.8831 -0.27131
0.044512 1.5103
0.49858 -0.92985
0.49858 -0.92985
0.49858 -0.92985
-1.8286 0.063584
-1.8286 0.063584
-1.8286 0.063584
-1.8472 -0.51727
-1.8472 -0.51727
-1.8472 -0.51727
-1.8472 -0.51727
-1.9089 -0.5878
-1.9089 -0.5878
0.87728 -0.84911
0.87728 -0.84911
-1.1556 0.39714
-0.54765 -1.9462
-0.67794 -1.6498
-0.19662 -1.5933
-0.19662 -1.5933
-3.1653 0.95146
-1.8729 0.42252
-1.8729 0.42252
-3.2954 -0.54169
-1.2269 1.6051
1.7422 0.42452
1.7422 0.42452
1.7422 0.42452
1.7422 0.42452
1.7802 0.58533
1.7802 0.58533
1.7802 0.58533
1.6818 -0.046821
1.6818 -0.046821
1.6818 -0.046821
1.6818 -0.046821
0.44206 1.1167
-0.97765 0.37182
-0.97765 0.37182
-0.97765 0.37182
-0.97765 0.37182
2.1443 0.84926
2.1443 0.84926
-2.4859 1.1728
-2.4859 1.1728
-2.4859 1.1728
-1.7091 -0.20703
-1.7091 -0.20703
3.2 -1.2484
2.9598 -2.4522
-0.0071779 -0.64541
-0.0071779 -0.64541
-0.0071779 -0.64541
-0.0071779 -0.64541
2.1184 1.6543
2.1184 1.6543
0.13839 -0.58406
0.13839 -0.58406
0.40082 0.29524
0.40082 0.29524
0.40082 0.29524
-2.1415 -0.95944
-2.1415 -0.95944
-2.1415 -0.95944
-2.1415 -0.95944
0.10988 -1.4849
0.10988 -1.4849
2.0205 -0.61104
2.2087 1.7402
2.2087 1.7402
2.2087 1.7402
0.76954 -0.43937
0.76954 -0.43937
0.40255 -0.75641
-0.19839 1.2742
1.5996 -1.3474
1.5996 -1.3474
-2.5485 0.37539
-2.2977 0.47687
-2.2977 0.47687
-2.2977 0.47687
0.79307 2.7358
0.79307 2.7358
0.79307 2.7358
-1.9408 -1.3948
-1.9408 -1.3948
-1.9408 -1.3948
1.9353 -0.79429
1.9353 -0.79429
1.9353 -0.79429
1.9353 -0.79429
1.7227 0.91739
1.7227 0.91739
1.7227 0.91739
1.7227 0.91739
-2.0567 0.39307
-2.0567 0.39307
-2.0567 0.39307
0.038528 -0.71481
0.038528 -0.71481
0.038528 -0.71481
0.52533 0.61137
0.52533 0.61137
0.52533 0.61137
1.0664 1.7415
1.0664 1.7415
-0.93317 -0.99124
-0.93317 -0.99124
-0.93317 -0.99124
-0.93317 -0.99124
-1.9308 -1.0724
-1.9308 -1.0724
-0.80569 3.9786
-0.3151 0.46864
-0.3151 0.46864
-0.3151 0.46864
0.73172 0.59784
0.73172 0.59784
0.73172 0.59784
1.0968 0.42088
0.8304 -1.5602
0.8304 -1.5602
0.8304 -1.5602
0.8304 -1.5602
-0.924 0.2028
-0.924 0.2028
0.071021 -1.6094
0.071021 -1.6094
0.071021 -1.6094
1.2885 -1.6647
1.2885 -1.6647
0.99719 -0.01307
0.99719 -0.01307
0.99719 -0.01307
0.85298 -0.38367
0.85298 -0.38367
0.63252 1.2031
0.63252 1.2031
0.63252 1.2031
-0.60449 0.27275
-0.60449 0.27275
0.39911 0.59386
-2.4021 -1.0241
-2.4021 -1.0241
-2.4021 -1.0241
-0.44469 0.12685
0.17527 0.66589
-0.30018 -1.3817
-0.30018 -1.3817
-0.30018 -1.3817
-0.30018 -1.3817
1.857 -1.0621
1.2229 -0.77362
-1.051 0.60266
-1.051 0.60266
-1.051 0.60266
-1.051 0.60266
-1.2475 0.48047
-1.2475 0.48047
-1.2475 0.48047
-1.6495 0.54223
-1.7173 0.40221
1.3805 -0.51306
1.3805 -0.51306
-0.2582 1.5077
-1.6192 -1.6001
-1.6192 -1.6001
1.8423 -0.62404
1.8423 -0.62404
2.9719 -3.1705
2.9719 -3.1705
2.9719 -3.1705
2.9719 -3.1705
-2.4977 -0.063229
-2.4977 -0.063229
-3.5781 -4.4515
-1.0728 1.557
-1.0728 1.557
-1.0728 1.557
-1.0728 1.557
1.5265 1.273
1.5265 1.273
1.5265 1.273
-0.87458 -1.0545
-0.87458 -1.0545
1.5312 -0.53059
1.5312 -0.53059
-0.51635 1.5461
-0.51635 1.5461
-0.51635 1.5461
-0.51635 1.5461
0.66901 1.7959
0.66901 1.7959
0.66901 1.7959
0.66901 1.7959
-0.27326 -1.2186
-0.27326 -1.2186
-0.27326 -1.2186
-0.65837 1.3744
-0.65837 1.3744
-0.65837 1.3744
-0.65837 1.3744
-0.49172 -1.129
-0.49172 -1.129
-0.39185 -0.96735
-0.39185 -0.96735
-0.39185 -0.96735
-0.39185 -0.96735
-1.1483 0.87204
-0.38941 0.032424
-0.38941 0.032424
-0.38941 0.032424
1.8262 1.3845
1.8262 1.3845
1.8262 1.3845
1.5326 1.5994
1.5326 1.5994
1.5326 1.5994
0.77735 -0.70592
0.77735 -0.70592
0.77735 -0.70592
-2.0452 0.34423
-2.2843 -0.028042
1.7289 1.2441
-0.72826 -1.6527
-0.72826 -1.6527
-0.72826 -1.6527
-1.5281 -1.0107
-1.5281 -1.0107
-1.5281 -1.0107
-1.5281 -1.0107
2.1852 -0.54603
2.1852 -0.54603
1.6251 0.35613
1.6251 0.35613
1.6251 0.35613
3.8792 4.1986
-0.86811 -0.35066
0.34449 -0.52801
0.34449 -0.52801
0.34449 -0.52801
0.34449 -0.52801
-1.8712 -0.059494
-1.8712 -0.059494
-1.7493 1.036
-1.7493 1.036
-1.7493 1.036
-1.7493 1.036
2.0026 1.719
-0.96971 -1.8033
0.23143 -1.5663
0.23143 -1.5663
0.23143 -1.5663
-0.8693 0.41281
-0.8693 0.41281
-0.8693 0.41281
-0.8693 0.41281
-0.034475 -0.37831
-0.034475 -0.37831
1.9554 0.08652
1.9554 0.08652
1.9554 0.08652
1.9554 0.08652
-0.11949 1.7128
-1.9699 -1.5574
-0.23701 1.3624
-0.23701 1.3624
-0.23701 1.3624
0.61032 -1.3785
0.61032 -1.3785
0.61032 -1.3785
0.61032 -1.3785
0.046906 1.7001
0.046906 1.7001
0.046906 1.7001
0.046906 1.7001
-1.5421 -1.6466
-1.5421 -1.6466
-0.38705 -1.1653
-1.2094 0.071427
2.0905 1.5189
2.0905 1.5189
2.0905 1.5189
1.51 1.5504
1.51 1.5504
-1.5366 0.03292
-1.5366 0.03292
-1.5366 0.03292
-0.74224 1.1206
1.2968 -0.72132
-0.74224 1.1206
1.589 0.81371
1.589 0.81371
1.589 0.81371
2.382 1.1076
2.382 1.1076
2.382 1.1076
2.1131 0.73394
1.2833 1.4473
0.39903 -0.48028
1.9695 0.69073
-0.93923 -1.6816
-1.6192 0.03624
-1.6192 0.03624
-1.6192 0.03624
-1.404 0.88798
-1.404 0.88798
-1.404 0.88798
0.71728 -1.5965
0.71728 -1.5965
0.71728 -1.5965
0.77048 1.0334
0.77048 1.0334
0.77048 1.0334
0.89667 0.15533
0.89667 0.15533
0.89667 0.15533
0.89667 0.15533
-1.751 -1.2022
-1.3662 -0.9728
-1.3662 -0.9728
-1.3662 -0.9728
1.2142 -0.4809
-0.042805 -1.6792
-0.042805 -1.6792
-0.042805 -1.6792
0.36963 1.1164
0.36963 1.1164
0.36963 1.1164
-0.38183 -2.8813
0.56238 1.6811
0.56238 1.6811
0.56238 1.6811
-0.88642 -0.0029219
-0.88642 -0.0029219
-0.88642 -0.0029219
1.5856 0.17772
1.5856 0.17772
1.9587 0.55271
-2.0036 -0.35359
-2.0036 -0.35359
-2.0036 -0.35359
-0.49219 0.68311
-0.49219 0.68311
0.053117 -0.30619
0.053117 -0.30619
0.053117 -0.30619
1.269 0.55823
1.269 0.55823
1.269 0.55823
1.269 0.55823
0.16303 0.19671
0.16303 0.19671
0.16303 0.19671
0.16303 0.19671
0.3 1.3433
0.65002 -0.26272
0.65002 -0.26272
-0.80027 -1.229
-0.80027 -1.229
0.74364 -0.97664
0.74364 -0.97664
0.74364 -0.97664
0.74364 -0.97664
0.77355 0.74249
0.77355 0.74249
0.77355 0.74249
0.77355 0.74249
2.3423 -0.59972
-2.4429 0.73452
-2.4429 0.73452
-2.4429 0.73452
-2.4429 0.73452
0.065204 2.2329
-1.5126 -0.00018095
2.2324 1.5669
2.2324 1.5669
2.2324 1.5669
-0.33917 1.1611
-0.33917 1.1611
-0.33917 1.1611
1.334 -0.46048
-0.56819 1.2724
-0.97881 -0.40514
0.57998 -1.1629
0.57998 -1.1629
0.57998 -1.1629
-0.031278 1.4064
-0.031278 1.4064
-0.031278 1.4064
-0.031278 1.4064
-2.0933 -0.22643
-2.0933 -0.22643
-2.0933 -0.22643
1.5069 -0.52923
1.5069 -0.52923
1.5069 -0.52923
2.4576 0.011513
-0.0466 0.7442
-0.0466 0.7442
-0.0466 0.7442
-2.0704 1.4485
-1.9332 1.5416
-2.0704 1.4485
-0.96556 1.0713
-0.96556 1.0713
2.0902 1.6779
2.0902 1.6779
-0.32805 -0.22577
-0.32805 -0.22577
-0.57285 0.63769
-0.57285 0.63769
-0.66613 -1.7268
-0.66613 -1.7268
-0.66613 -1.7268
-0.66613 -1.7268
0.12516 0.25927
0.12516 0.25927
-1.7779 1.5369
-1.7779 1.5369
1.5699 -1.3387
1.5699 -1.3387
0.18681 0.42122
0.18681 0.42122
-0.16359 0.76137
-0.16359 0.76137
-0.16359 0.76137
-0.16359 0.76137
-1.0972 -0.11785
-2.1075 -0.094453
-1.0972 -0.11785
-1.4286 2.1825
-1.6313 -0.11588
1.9615 1.2557
2.2378 1.7253
2.2378 1.7253
2.2378 1.7253
2.2378 1.7253
2.3969 1.6742
2.403 1.2555
2.403 1.2555
2.403 1.2555
0.77818 -1.424
0.77818 -1.424
-0.2447 0.17421
-1.7304 0.6996
-1.5891 2.7542
1.3468 -1.194
1.3468 -1.194
1.1666 -2.8731
1.3468 -1.194
-2.4358 0.61632
-2.4358 0.61632
-2.4358 0.61632
-1.8344 -1.066
-1.8344 -1.066
-1.8344 -1.066
0.88438 0.011728
2.1692 0.37404
2.1692 0.37404
2.1692 0.37404
2.1692 0.37404
2.4602 -0.22353
2.4602 -0.22353
2.4602 -0.22353
-1.3061 0.29092
0.41374 0.74314
0.87604 0.19897
0.41374 0.74314
-2.3163 1.5271
-2.1597 1.6273
-1.9432 -1.4451
-1.9432 -1.4451
1.5197 -1.4345
1.5197 -1.4345
1.5197 -1.4345
2.3018 1.7721
2.3018 1.7721
2.3018 1.7721
2.3018 1.7721
0.79669 -0.047583
0.79669 -0.047583
0.79669 -0.047583
-0.088191 0.36219
1.0428 0.52752
1.73 0.0091865
1.73 0.0091865
1.73 0.0091865
1.8324 -1.4844
1.8324 -1.4844
1.8324 -1.4844
1.8324 -1.4844
0.21845 -0.60788
0.21845 -0.60788
0.21845 -0.60788
0.21845 -0.60788
-0.17014 0.76382
-0.17014 0.76382
-0.17014 0.76382
-0.62242 0.6134
-0.62242 0.6134
-0.62242 0.6134
-4.3324 2.6938
0.55804 -1.5223
0.65946 -0.31911
0.29421 -0.58498
-1.1319 -1.764
-3.5779 0.76432
1.9091 0.69276
1.9091 0.69276
1.9091 0.69276
0.67108 -1.564
0.67108 -1.564
1.8028 1.3971
-0.19756 1.4626
-0.19756 1.4626
-0.19756 1.4626
1.5776 1.507
1.5776 1.507
1.5776 1.507
1.5776 1.507
0.83871 0.11291
-1.3027 1.3936
-1.3027 1.3936
0.57679 -1.5626
0.57679 -1.5626
1.6917 0.23469
1.6917 0.23469
1.6917 0.23469
1.6917 0.23469
-0.46966 -1.4175
-0.5464 -0.52399
-0.5464 -0.52399
-0.5464 -0.52399
-0.5464 -0.52399
-0.49579 -0.31806
-1.3299 -1.0179
-1.3299 -1.0179
2.5749 -0.22691
2.5749 -0.22691
-1.6859 0.75193
-1.6859 0.75193
-1.6859 0.75193
-1.6859 0.75193
1.2039 1.0118
1.2039 1.0118
1.2039 1.0118
-1.6191 1.7929
-1.6191 1.7929
-1.6191 1.7929
-2.5786 1.4809
-2.5786 1.4809
-2.5786 1.4809
-2.5786 1.4809
0.68217 0.48296
0.68217 0.48296
0.68217 0.48296
-0.6258 -0.64271
-0.6258 -0.64271
-0.6258 -0.64271
-0.6258 -0.64271
0.83146 -0.75995
0.83146 -0.75995
0.83146 -0.75995
0.83146 -0.75995
0.74295 -0.29861
-0.99354 -0.63833
-2.2917 0.35646
1.1585 -0.72432
1.1585 -0.72432
1.1585 -0.72432
1.6686 -1.7094
1.6686 -1.7094
1.6686 -1.7094
-0.38966 -1.3453
-0.38966 -1.3453
-0.027232 0.42603
-0.027232 0.42603
-0.06068 0.29666
0.12383 0.81636
0.12383 0.81636
0.12383 0.81636
-0.4634 0.50192
-0.4634 0.50192
-0.4634 0.50192
-1.4284 -1.4263
-1.4284 -1.4263
-1.4284 -1.4263
-1.8909 1.4178
-1.8909 1.4178
-0.94476 -1.1128
-0.94476 -1.1128
0.64731 0.088807
0.64731 0.088807
0.64731 0.088807
2.2896 -0.4382
-0.67277 1.3657
-0.67277 1.3657
-0.67277 1.3657
0.48694 0.31536
0.48694 0.31536
0.48694 0.31536
1.6475 -1.0811
1.6475 -1.0811
1.6475 -1.0811
1.6475 -1.0811
0.41101 -0.38437
0.41101 -0.38437
0.41101 -0.38437
-1.8959 1.5839
-1.8959 1.5839
2.5715 -0.35335
-1.3053 1.1671
-1.3053 1.1671
-1.3053 1.1671
-1.0412 0.81644
2.0455 0.96922
2.0455 0.96922
0.68951 1.6724
0.68951 1.6724
0.68951 1.6724
0.91995 1.4188
0.86585 -0.90436
0.86585 -0.90436
0.86585 -0.90436
1.6691 1.5663
1.6691 1.5663
-1.4095 -0.72533
-1.4095 -0.72533
-1.4095 -0.72533
-1.4095 -0.72533
1.2466 1.3201
2.3859 1.2605
0.75621 -1.2517
0.75621 -1.2517
1.6192 0.48944
1.6192 0.48944
-1.1334 -1.3285
-1.0307 -1.2973
-1.1334 -1.3285
0.039504 -2.8312
0.71211 0.65136
0.71211 0.65136
0.48193 -0.82929
0.48193 -0.82929
0.48193 -0.82929
0.18235 1.618
0.254 1.384
-0.39713 1.4407
-0.39713 1.4407
-0.39713 1.4407
-2.406 -3.7965
-2.406 -3.7965
-2.406 -3.7965
-2.406 -3.7965
-0.23109 1.7103
-0.23109 1.7103
-0.23109 1.7103
-2.0386 -1.4881
-2.0386 -1.4881
-1.766 -3.3822
-0.11865 -1.6664
-2.0671 -3.1056
-2.1665 0.24361
-3.9707 -4.8256
-1.3201 4.3817
1.976 -1.4719
-0.55633 1.4881
-0.55633 1.4881
-0.55633 1.4881
-1.5177 -0.62415
-1.5177 -0.62415
-1.5177 -0.62415
-1.5177 -0.62415
-1.6986 -1.8038
1.9318 -0.81379
1.9318 -0.81379
0.77741 0.18184
0.77741 0.18184
0.77741 0.18184
0.28988 -0.21055
-2.3251 -0.78229
-2.3251 -0.78229
0.33064 -1.262
-1.2215 -1.6758
-1.2215 -1.6758
-1.2215 -1.6758
1.3144 0.52137
-0.28578 0.5175
-0.90758 0.35215
-0.90758 0.35215
-0.90758 0.35215
-1.2611 -0.35099
0.28133 0.06791
0.28133 0.06791
0.28133 0.06791
0.28133 0.06791
0.79535 1.1109
2.2433 0.86006
2.2433 0.86006
2.2433 0.86006
-2.0341 -1.6482
-2.0341 -1.6482
-2.0341 -1.6482
-2.0341 -1.6482
0.50011 -1.0863
0.50011 -1.0863
0.50011 -1.0863
1.4498 1.4741
-2.0285 1.4158
-2.0285 1.4158
-2.0285 1.4158
1.463 -0.91041
1.463 -0.91041
1.463 -0.91041
1.463 -0.91041
-1.9167 -0.19841
-1.9167 -0.19841
0.30831 -0.80152
0.30831 -0.80152
0.30831 -0.80152
1.5133 -0.48497
-0.89324 1.2791
1.5133 -0.48497
2.3318 0.20198
2.3318 0.20198
-2.5858 -0.93394
0.16526 -1.5432
0.16526 -1.5432
0.16526 -1.5432
1.9883 0.37028
1.9883 0.37028
1.9883 0.37028
-1.9138 0.8673
-1.9138 0.8673
-1.9138 0.8673
0.39792 -1.307
0.39792 -1.307
0.39792 -1.307
0.39792 -1.307
1.5962 0.51808
0.25133 -0.54399
0.25133 -0.54399
-0.029663 0.70761
-0.029663 0.70761
-0.029663 0.70761
-0.029663 0.70761
1.7815 -0.13657
1.7815 -0.13657
1.7815 -0.13657
-1.0404 0.40695
-1.0404 0.40695
-1.0404 0.40695
0.21635 0.77108
-1.1907 1.7527
-0.10566 -1.6192
-0.10566 -1.6192
-0.10566 -1.6192
-0.10566 -1.6192
1.2227 -0.68517
1.2227 -0.68517
1.9926 -0.52552
1.9926 -0.52552
1.9926 -0.52552
1.2364 0.47921
1.2364 0.47921
1.2364 0.47921
1.2364 0.47921
-0.9156 0.82155
-0.9156 0.82155
-0.9156 0.82155
-0.9156 0.82155
-0.38005 1.0004
-0.38005 1.0004
-0.38005 1.0004
-0.38005 1.0004
-0.29389 -0.041129
-0.29389 -0.041129
0.0047321 -0.56744
0.0047321 -0.56744
0.0047321 -0.56744
0.0047321 -0.56744
2.1763 -0.24248
2.1763 -0.24248
2.1763 -0.24248
2.1763 -0.24248
-0.052543 1.3621
-0.052543 1.3621
-0.052543 1.3621
-0.052543 1.3621
1.6057 -1.406
1.6057 -1.406
-2.4982 -0.076445
-2.4982 -0.076445
-2.4982 -0.076445
1.7067 0.58044
2.8314 -1.1252
-1.7368 -0.54015
-0.49577 0.9083
-0.49577 0.9083
-0.49577 0.9083
-0.020466 0.23445
-3.0855 1.3673
-1.5971 -0.62952
-3.7022 3.6002
-1.6528 1.8251
-1.6528 1.8251
-1.6528 1.8251
0.045404 -1.3775
0.045404 -1.3775
0.045404 -1.3775
-1.9672 -0.82587
-1.9672 -0.82587
-2.1674 -1.777
-2.1674 -1.777
-2.1674 -1.777
-0.84716 -0.035659
-1.9345 0.20719
-1.9345 0.20719
1.5057 1.2135
2.3217 -1.8808
3.601 1.4082
3.3503 2.8139
1.5057 1.2135
1.5057 1.2135
0.38094 1.3051
0.38094 1.3051
0.38094 1.3051
-1.7496 0.81176
-1.7496 0.81176
-1.3139 4.2255
-0.98987 -1.7283
-0.98987 -1.7283
0.81661 -0.57167
0.94242 -1.2313
0.81661 -0.57167
0.81661 -0.57167
-1.0259 -1.763
-1.0259 -1.763
-1.0259 -1.763
-1.0259 -1.763
1.6664 1.786
1.6664 1.786
1.6664 1.786
-0.29386 -0.25508
-0.29386 -0.25508
-0.29386 -0.25508
-1.2731 1.1682
-1.2731 1.1682
-1.2731 1.1682
-1.2731 1.1682
-0.73825 1.4026
-0.73825 1.4026
-0.71714 1.3832
-0.71714 1.3832
-0.71714 1.3832
-0.87552 -0.48723
1.1 -0.73213
1.1 -0.73213
1.1 -0.73213
1.2544 0.89043
2.024 -0.37619
2.024 -0.37619
2.024 -0.37619
2.024 -0.37619
0.77104 -1.5753
0.77104 -1.5753
0.77104 -1.5753
0.77104 -1.5753
-0.31919 -2.0407
1.2579 0.41194
1.1804 -1.565
1.1804 -1.565
1.1804 -1.565
1.1804 -1.565
0.52752 -1.2022
0.52752 -1.2022
0.89322 -0.39397
0.89322 -0.39397
3.717 1.2958
2.3837 1.7232
2.3837 1.7232
0.9418 1.8709
1.2665 0.64422
1.0161 -1.8223
-1.0236 -1.8119
-1.0236 -1.8119
-0.90833 -1.6468
-0.90833 -1.6468
-0.90833 -1.6468
-0.90833 -1.6468
-1.5646 1.4438
-1.5646 1.4438
-0.042293 -4.1684
-0.82675 -4.8094
4.0677 -2.2821
1.2595 0.36424
-0.32869 1.746
-0.32869 1.746
2.038 0.55778
2.038 0.55778
2.038 0.55778
-0.68078 -0.52025
-1.5389 0.68106
0.35485 -0.29477
0.35485 -0.29477
1.8687 0.35099
1.8687 0.35099
1.8687 0.35099
1.8687 0.35099
0.36851 0.21611
0.36851 0.21611
0.36851 0.21611
2.2286 0.054864
2.2286 0.054864
2.2286 0.054864
2.2286 0.054864
1.0372 -0.65659
1.0372 -0.65659
1.0372 -0.65659
1.2444 0.58666
1.2444 0.58666
-0.53102 -0.52374
-0.53102 -0.52374
0.18961 -1.0448
0.18961 -1.0448
0.18961 -1.0448
0.011165 1.6233
0.011165 1.6233
0.011165 1.6233
0.011165 1.6233
1.6892 1.1203
1.6892 1.1203
1.6892 1.1203
-0.73518 1.6606
-0.73518 1.6606
-0.73518 1.6606
-0.73518 1.6606
0.35654 0.22114
0.35654 0.22114
0.35654 0.22114
1.7788 -1.8201
1.7788 -1.8201
-1.2317 1.5483
-1.2317 1.5483
-1.2317 1.5483
-1.2317 1.5483
2.0632 0.7132
2.0632 0.7132
1.013 -0.80476
1.013 -0.80476
1.5137 -1.3208
1.013 -0.80476
-2.5708 1.4448
-2.5708 1.4448
-2.5708 1.4448
1.7474 1.5844
1.7474 1.5844
1.7474 1.5844
1.7474 1.5844
-2.7558 -0.28693
-2.7558 -0.28693
1.2326 0.58816
1.2326 0.58816
1.2326 0.58816
-1.5087 -0.49552
-1.5087 -0.49552
-1.5087 -0.49552
-1.5087 -0.49552
-0.49117 -1.7055
-0.49117 -1.7055
-0.59653 1.0728
-0.59653 1.0728
-0.59653 1.0728
-0.59653 1.0728
-1.2068 0.054846
-1.2068 0.054846
-1.2068 0.054846
1.6543 -1.1628
1.6543 -1.1628
1.6543 -1.1628
1.6543 -1.1628
0.34884 0.34701
0.34884 0.34701
0.34884 0.34701
0.20399 0.94645
0.20399 0.94645
1.6994 2.6109
0.29985 -1.5925
0.29985 -1.5925
0.29985 -1.5925
0.29985 -1.5925
-2.5479 1.7089
-2.5479 1.7089
0.44841 -1.7062
0.44841 -1.7062
-2.0631 0.80746
-1.5532 0.45362
-1.5532 0.45362
-1.5532 0.45362
-1.5532 0.45362
-0.44464 0.53548
2.255 1.18
-0.78264 1.6092
-0.78264 1.6092
-0.78264 1.6092
-0.78264 1.6092
-2.1223 1.2995
-2.1223 1.2995
-2.1223 1.2995
0.42797 1.1377
1.5102 1.0172
0.42797 1.1377
0.050022 -0.48341
0.050022 -0.48341
0.050022 -0.48341
0.050022 -0.48341
0.57583 -0.70887
0.46677 0.74638
-1.0195 1.5336
-1.0195 1.5336
0.28726 -0.95078
0.28726 -0.95078
0.28726 -0.95078
-0.94615 0.34874
-0.34324 0.22198
-0.34324 0.22198
-0.34324 0.22198
-0.34324 0.22198
-2.1 0.53585
-2.1 0.53585
-2.1 0.53585
0.38892 -0.71181
0.38892 -0.71181
0.38892 -0.71181
-2.5852 -0.79514
2.2971 1.311
-1.3198 -1.4903
-1.824 -1.4947
-0.34449 0.70524
-0.34449 0.70524
1.0072 -1.0584
1.0072 -1.0584
-0.72139 1.8223
-0.72139 1.8223
-0.11321 1.3325
-0.11321 1.3325
-0.11321 1.3325
1.037 -0.41383
-0.54412 -0.21773
-0.54412 -0.21773
-0.54412 -0.21773
2.0349 1.0498
1.332 1.4865
-1.529 -1.6123
-1.529 -1.6123
-1.529 -1.6123
-0.9639 0.49409
-0.9639 0.49409
2.1063 0.23304
2.1063 0.23304
-0.70446 -0.50439
2.1063 0.23304
-0.47775 -1.0964
-0.47775 -1.0964
-2.1852 -0.20136
0.93416 0.93028
0.93416 0.93028
1.0352 1.1053
-2.4537 1.2457
-2.4537 1.2457
-2.4537 1.2457
-2.4537 1.2457
-2.0521 -1.0375
-1.3829 1.819
2.17 1.1484
2.17 1.1484
2.17 1.1484
2.17 1.1484
0.5314 0.053944
0.5314 0.053944
0.5314 0.053944
0.5314 0.053944
-2.5974 0.72968
-2.5974 0.72968
-2.5974 0.72968
-1.0463 0.34438
-1.0463 0.34438
2.3121 1.067
2.3121 1.067
2.3121 1.067
-1.9163 -1.5941
0.6329 0.34692
2.0024 1.4006
3.6629 1.201
-2.655 1.1418
-2.655 1.1418
1.5564 -0.73247
1.5564 -0.73247
0.87005 0.42278
0.87005 0.42278
0.87005 0.42278
0.87005 0.42278
1.2496 0.69673
1.9993 -0.73582
-2.3623 -1.5325
-3.5916 2.93
-0.42957 4.2269
-2.8102 0.5041
-1.7264 -0.97341
-3.4476 -0.45811
-4.6526 -2.0733
-2.8164 4.077
-2.3623 -1.5325
-0.50423 0.32542
-0.50423 0.32542
-0.50423 0.32542
2.534 0.79579
2.534 0.79579
2.534 0.79579
2.534 0.79579
-0.39593 -1.478
-0.44003 1.6253
-0.44003 1.6253
-0.44003 1.6253
-0.3915 1.7271
-0.3915 1.7271
-0.3915 1.7271
2.0317 -0.26398
0.61536 -1.3537
-3.5667 -3.1511
0.61536 -1.3537
1.0264 -1.52
1.0264 -1.52
-1.4153 0.36851
-1.4153 0.36851
-1.7491 0.67234
-4.9105 -4.7703
1.2168 -0.47656
-1.6317 -1.2087
1.4953 0.77788
1.4953 0.77788
1.4953 0.77788
-0.002122 -1.3365
-0.002122 -1.3365
-0.002122 -1.3365
0.73697 0.94156
0.73697 0.94156
0.73697 0.94156
0.73697 0.94156
0.67753 0.30002
-0.48 -1.3036
-0.48 -1.3036
0.036411 1.4551
0.036411 1.4551
0.036411 1.4551
0.036411 1.4551
1.1641 1.5692
1.1641 1.5692
-0.21547 -0.93574
0.63983 -0.49351
0.63983 -0.49351
0.63983 -0.49351
0.63983 -0.49351
1.5478 2.2837
2.0916 1.1149
2.0916 1.1149
2.0916 1.1149
1.6801 -1.0952
1.6801 -1.0952
1.6801 -1.0952
-1.0349 -0.61703
-1.0349 -0.61703
-1.0349 -0.61703
-1.0349 -0.61703
0.88967 1.437
0.58348 1.088
0.13716 -1.1201
0.13716 -1.1201
0.13716 -1.1201
0.13716 -1.1201
2.9532 -3.8745
0.48805 0.53201
0.48805 0.53201
1.4448 -0.58125
-0.082421 1.2684
-0.082421 1.2684
2.3092 0.35441
2.3092 0.35441
2.3092 0.35441
2.3092 0.35441
0.17579 -0.29252
0.17579 -0.29252
0.17579 -0.29252
-1.865 -1.0863
-1.865 -1.0863
0.1971 -0.85041
0.1971 -0.85041
2.8581 -0.98886
-2.2493 -1.5868
-2.2493 -1.5868
-2.2493 -1.5868
1.6552 1.2574
1.6552 1.2574
1.6552 1.2574
2.0951 -0.84691
2.0951 -0.84691
-1.5081 -0.42238
-1.5081 -0.42238
1.8955 0.65028
1.8955 0.65028
1.8955 0.65028
1.8955 0.65028
-0.68702 -1.5245
-0.68702 -1.5245
-0.68702 -1.5245
-0.68702 -1.5245
-1.3791 0.48841
2.2605 -3.1155
-2.6093 1.4996
2.7211 0.034501
1.164 2.651
2.1614 3.2332
1.8706 -0.48543
1.8706 -0.48543
0.010414 0.26794
0.010414 0.26794
0.010414 0.26794
1.4543 -1.2389
1.4543 -1.2389
0.73149 -1.8147
0.86333 0.60295
0.86333 0.60295
0.86333 0.60295
0.86333 0.60295
0.93833 -1.6497
-1.0043 -0.6237
-1.0043 -0.6237
-2.097 0.47081
-2.097 0.47081
-2.097 0.47081
0.53287 -0.32114
1.7277 -1.2793
2.2075 -1.6456
2.2075 -1.6456
2.2075 -1.6456
-2.0953 -0.021035
-2.0953 -0.021035
-2.0953 -0.021035
-2.0953 -0.021035
1.5361 -0.6056
1.5361 -0.6056
0.25371 0.38027
0.25371 0.38027
0.25371 0.38027
0.0016947 1.7764
0.0016947 1.7764
0.0016947 1.7764
0.54272 0.63747
0.54272 0.63747
0.26465 1.5539
0.26465 1.5539
1.091 -1.4664
1.7373 0.60363
1.7373 0.60363
-1.472 -1.1325
-1.472 -1.1325
-0.43508 -1.3305
-0.43508 -1.3305
-0.43508 -1.3305
-1.1437 -1.2896
-1.1437 -1.2896
-2.0423 0.22973
-2.0423 0.22973
-2.0423 0.22973
-0.66806 -2.7893
-1.3293 0.7779
1.4528 2.9966
0.92453 1.5547
0.92453 1.5547
-0.10657 -0.12553
-0.10657 -0.12553
-0.10657 -0.12553
-0.58672 -1.5921
-0.58672 -1.5921
-1.8095 1.6634
-1.8095 1.6634
-0.7521 0.37445
-0.7521 0.37445
-2.0223 0.73172
-2.0223 0.73172
-2.0223 0.73172
-2.0223 0.73172
-0.83555 -0.18647
1.3523 -1.505
1.3523 -1.505
1.3523 -1.505
1.3523 -1.505
0.25685 -0.1763
0.25685 -0.1763
0.25685 -0.1763
-0.85445 -1.1611
1.3661 -0.80378
1.3661 -0.80378
1.3661 -0.80378
1.3661 -0.80378
-1.5267 1.6285
-1.5267 1.6285
-1.5267 1.6285
0.56855 -1.6077
0.56855 -1.6077
-1.7662 1.5045
-1.7662 1.5045
-2.1539 0.10129
-2.1539 0.10129
-2.1539 0.10129
-2.1539 0.10129
1.7527 -0.8575
1.7527 -0.8575
1.7527 -0.8575
-0.22952 -0.90725
0.32138 1.7876
0.32138 1.7876
0.32138 1.7876
0.32138 1.7876
1.8324 0.44317
-1.2377 -0.75802
-1.2377 -0.75802
1.8208 0.10055
1.8208 0.10055
-1.9551 1.0986
-1.9551 1.0986
1.8561 -1.5196
1.8561 -1.5196
1.8561 -1.5196
1.0244 -1.0306
1.0244 -1.0306
1.0244 -1.0306
1.0244 -1.0306
-0.9848 -0.28694
-0.9848 -0.28694
-0.9848 -0.28694
-0.092713 -2.7855
-0.092713 -2.7855
-0.092713 -2.7855
-0.80272 -0.75462
-0.80272 -0.75462
1.9082 0.40963
1.9082 0.40963
1.9082 0.40963
-2.1457 1.4009
-2.1457 1.4009
0.84276 -3.2489
0.20385 0.040199
0.20385 0.040199
0.20385 0.040199
0.20385 0.040199
-1.113 -1.3899
-1.113 -1.3899
-1.113 -1.3899
-0.50191 -1.2579
-0.50191 -1.2579
-0.50191 -1.2579
1.5767 -0.56402
1.5767 -0.56402
1.5767 -0.56402
-1.7295 -0.30884
-1.7295 -0.30884
-1.7295 -0.30884
-0.034374 0.23108
-0.034374 0.23108
-0.52517 -0.42024
-0.52517 -0.42024
-1.6486 -2.8361
0.0098205 0.056098
0.0098205 0.056098
0.0098205 0.056098
0.92795 1.7813
0.92795 1.7813
0.92795 1.7813
0.92795 1.7813
0.58939 0.03902
0.58939 0.03902
0.58939 0.03902
0.58939 0.03902
2.0803 0.56114
2.0803 0.56114
2.0803 0.56114
2.0803 0.56114
-0.69659 0.30032
-0.69659 0.30032
-0.69659 0.30032
-0.69659 0.30032
-1.9914 -1.1292
-3.2883 -3.3448
-1.9914 -1.1292
-1.3674 1.7539
-1.3674 1.7539
-1.3674 1.7539
-0.76524 -1.481
-0.76524 -1.481
-0.76524 -1.481
-0.75943 -1.5664
-0.75943 -1.5664
-0.13165 1.528
-0.85267 1.4441
-0.85267 1.4441
-0.85267 1.4441
-0.85267 1.4441
-0.72541 1.5869
-0.72541 1.5869
0.4314 2.7751
-0.72541 1.5869
-0.31931 -0.30326
1.0538 -0.2391
1.0538 -0.2391
1.0538 -0.2391
-1.9716 2.8136
-1.6878 0.44219
-1.259 -1.2129
-1.259 -1.2129
-4.1937 3.983
-1.9004 0.007717
-1.8814 -0.24947
-0.31493 1.4853
0.57815 0.53217
0.019322 0.96197
0.57815 0.53217
0.59223 0.53604
-0.15909 0.24144
-0.26925 -0.13281
-0.26925 -0.13281
-0.26925 -0.13281
1.8506 1.521
-0.64432 0.98644
-0.64432 0.98644
2.4719 1.7578
0.90631 0.15288
0.90631 0.15288
-1.7652 -3.9395
-1.7652 -3.9395
1.9662 -0.48612
0.46574 -1.4454
0.46574 -1.4454
0.46574 -1.4454
0.46574 -1.4454
-1.9793 -0.82776
-1.9793 -0.82776
-2.1228 1.7309
-2.1228 1.7309
1.8402 -1.23
1.8402 -1.23
1.8402 -1.23
1.8402 -1.23
-1.0837 0.49925
-0.93493 -1.7049
-0.93493 -1.7049
-0.93493 -1.7049
1.1145 1.2228
1.1145 1.2228
1.1145 1.2228
1.1145 1.2228
0.39908 0.47317
0.39908 0.47317
0.39908 0.47317
1.8411 -0.93194
1.2252 0.33665
1.2252 0.33665
1.2252 0.33665
-2.002 -0.3106
-2.002 -0.3106
-2.002 -0.3106
-1.0174 -2.3734
-1.0174 -2.3734
2.1138 -3.1253
-1.3855 0.33448
-1.2738 -3.1615
-1.2738 -3.1615
-0.79929 -1.0675
-0.79929 -1.0675
0.39767 1.2727
-1.8926 0.65612
0.14407 -0.099568
0.14407 -0.099568
0.14407 -0.099568
-1.9694 -0.34985
-1.8869 -0.33655
-1.8869 -0.33655
2.4469 1.409
2.4469 1.409
2.4469 1.409
-2.1512 -0.81243
-2.1512 -0.81243
0.70985 0.02611
0.70985 0.02611
0.70985 0.02611
1.0664 -1.6144
1.0664 -1.6144
-0.089349 -1.0721
-0.089349 -1.0721
-0.089349 -1.0721
-1.8891 -1.1045
-1.5713 0.58694
-1.5713 0.58694
-1.5713 0.58694
1.4511 -0.30146
1.4511 -0.30146
1.4511 -0.30146
0.66408 1.8448
-1.0552 1.5653
-0.28795 1.5209
-0.28795 1.5209
-0.28795 1.5209
-0.28795 1.5209
-0.087509 1.7377
-0.39536 0.30914
-0.39536 0.30914
0.14825 -0.77511
0.14825 -0.77511
1.5061 1.5204
0.76325 -3.3264
0.76325 -3.3264
0.76325 -3.3264
-1.2837 0.76343
1.1122 -1.1044
1.1122 -1.1044
0.95882 -0.091586
0.95882 -0.091586
1.338 -0.70134
-1.8862 0.53042
-1.8862 0.53042
-1.8862 0.53042
-1.8862 0.53042
-0.98766 -0.40239
-0.98766 -0.40239
-0.22279 1.6031
-0.22279 1.6031
-0.91476 0.013507
-2.1065 -0.17319
-2.1065 -0.17319
2.127 -1.4612
2.127 -1.4612
2.127 -1.4612
2.127 -1.4612
1.0502 -1.4356
1.0502 -1.4356
1.0502 -1.4356
-0.50376 -1.5039
-0.50376 -1.5039
-0.50376 -1.5039
-1.7714 1.0842
-1.7714 1.0842
-1.7714 1.0842
-0.51846 0.5099
-0.51846 0.5099
-1.9805 0.79662
-1.9805 0.79662
-1.9805 0.79662
1.2339 -1.3158
1.2339 -1.3158
2.4416 4.7981
0.50904 1.6285
0.24887 0.4887
2.8336 0.2098
2.8336 0.2098
-2.5708 1.3701
1.1899 -0.85638
1.1899 -0.85638
1.587 -0.51099
1.587 -0.51099
1.587 -0.51099
1.587 -0.51099
1.1229 -0.80211
1.1229 -0.80211
1.1229 -0.80211
1.1229 -0.80211
-1.3208 0.078973
-1.3208 0.078973
-1.3208 0.078973
-1.3208 0.078973
-0.0071109 1.2112
-0.0071109 1.2112
-0.0071109 1.2112
-0.0071109 1.2112
-1.1382 3.8003
-1.8176 -1.5231
-1.8176 -1.5231
-1.8176 -1.5231
-1.8176 -1.5231
-1.921 0.41667
-1.921 0.41667
-1.921 0.41667
-2.4737 1.6893
-0.8762 0.68043
-0.8762 0.68043
-0.8762 0.68043
-0.8762 0.68043
-1.3231 0.70846
-1.3231 0.70846
-1.3231 0.70846
-1.3231 0.70846
2.5525 -0.62006
2.5525 -0.62006
2.5525 -0.62006
2.5525 -0.62006
2.6996 -0.58539
2.6996 -0.58539
2.6996 -0.58539
2.6996 -0.58539
0.97776 -1.5591
0.97776 -1.5591
1.8754 -0.64779
0.16511 -0.61889
0.16511 -0.61889
0.16511 -0.61889
-1.9951 1.0449
-1.7394 -0.93577
-1.7394 -0.93577
-1.7394 -0.93577
2.1049 -0.041698
2.1049 -0.041698
2.1049 -0.041698
2.1049 -0.041698
1.8532 1.9161
1.8532 1.9161
1.8532 1.9161
1.8532 1.9161
1.9261 1.7029
1.9261 1.7029
0.039285 0.86685
0.039285 0.86685
0.65983 1.0617
-1.1144 -1.3777
1.969 0.26181
-1.7278 -1.3203
-1.7278 -1.3203
-1.7278 -1.3203
-1.7278 -1.3203
1.5773 -0.1031
1.5773 -0.1031
1.5773 -0.1031
1.5773 -0.1031
1.2026 -0.56746
1.2026 -0.56746
1.2026 -0.56746
1.2026 -0.56746
1.9443 1.3539
1.9443 1.3539
1.7702 -1.5916
1.7702 -1.5916
1.7702 -1.5916
-1.0827 -0.99651
-1.0827 -0.99651
-1.0827 -0.99651
0.80024 -1.5812
0.80024 -1.5812
0.80024 -1.5812
0.80024 -1.5812
-1.3047 3.7458
-2.5196 0.38383
-2.5196 0.38383
-2.5196 0.38383
0.72753 1.2713
0.72753 1.2713
0.72753 1.2713
0.12141 -0.28157
0.12141 -0.28157
0.12141 -0.28157
0.12141 -0.28157
-1.8136 1.4483
-1.8136 1.4483
1.6827 1.524
-0.37223 0.045198
-0.14645 -0.21343
2.238 -1.5223
2.238 -1.5223
2.238 -1.5223
2.238 -1.5223
0.45557 -2.9919
0.45557 -2.9919
0.45557 -2.9919
0.22703 0.64209
0.22703 0.64209
0.22703 0.64209
0.22703 0.64209
-1.3851 -1.4117
-1.3851 -1.4117
-1.3851 -1.4117
0.75887 -0.79285
0.75887 -0.79285
0.75887 -0.79285
-2.0122 1.6547
-2.0122 1.6547
-2.1896 -1.426
-2.1896 -1.426
0.3935 2.6383
1.9895 -1.1527
1.9895 -1.1527
-1.4671 1.074
-1.4671 1.074
-0.88029 0.096599
-0.88029 0.096599
-0.88029 0.096599
-0.88029 0.096599
-2.0837 -1.3345
-2.0837 -1.3345
-2.0837 -1.3345
-2.0837 -1.3345
1.3353 1.7077
1.4193 2.1115
1.3353 1.7077
-0.79866 -1.231
-0.79866 -1.231
0.79506 1.8534
0.82427 0.99569
-1.5412 -0.078466
-1.5412 -0.078466
-1.5412 -0.078466
2.6895 -0.49233
-0.45491 1.7987
-1.5646 -3.5906
-0.45491 1.7987
0.55804 0.31345
0.55804 0.31345
0.55804 0.31345
0.43731 -1.2369
0.43731 -1.2369
0.43731 -1.2369
0.43731 -1.2369
-0.26143 0.68254
-0.26143 0.68254
-0.26143 0.68254
-0.26143 0.68254
2.8641 1.2406
1.6972 1.1346
1.6972 1.1346
1.6972 1.1346
-0.98164 -0.79659
-0.98164 -0.79659
1.8783 0.48955
1.8783 0.48955
-3.1558 2.9585
0.62699 -0.28241
1.9 -1.1568
1.9 -1.1568
1.9 -1.1568
1.9 -1.1568
-1.476 -1.5782
-1.476 -1.5782
1.8339 -2.7193
0.15474 -0.34713
0.15474 -0.34713
0.15474 -0.34713
0.87972 -0.87028
0.87972 -0.87028
-0.32698 -0.09799
1.0349 0.47994
0.53122 1.5438
0.53122 1.5438
0.53122 1.5438
0.53122 1.5438
0.78951 -0.20209
0.78951 -0.20209
0.20499 -1.0787
0.20499 -1.0787
0.20499 -1.0787
0.20499 -1.0787
-1.0927 0.53636
-1.2093 1.7903
-1.2952 1.9283
-1.2093 1.7903
2.1916 -1.1571
-1.5778 0.45982
1.6643 -0.6484
-1.8045 -1.2138
-1.6104 -1.209
2.0063 0.51301
2.0063 0.51301
2.0063 0.51301
2.0063 0.51301
-1.6414 -0.45689
-1.6414 -0.45689
-1.6414 -0.45689
-1.6414 -0.45689
-0.33287 1.7319
-0.33287 1.7319
-0.33287 1.7319
1.8458 -0.79819
1.8458 -0.79819
1.8458 -0.79819
1.9542 1.9277
0.23141 -0.63303
-0.2337 1.4919
1.1823 0.36116
1.1823 0.36116
1.1823 0.36116
1.2531 0.95756
1.5608 0.84955
0.67811 1.2498
0.67811 1.2498
0.67811 1.2498
0.64685 1.8195
0.64685 1.8195
0.64685 1.8195
0.64685 1.8195
-2.6047 -0.10825
-2.4091 -0.19941
-2.0707 -1.9532
1.9302 1.7957
1.9302 1.7957
-1.9979 -0.5194
-1.9979 -0.5194
-1.9979 -0.5194
-0.3757 0.99312
1.2903 -0.13424
0.22928 -1.2841
0.22928 -1.2841
0.22928 -1.2841
-0.89685 0.72606
-0.89685 0.72606
-1.2442 1.8774
-1.2442 1.8774
1.1264 1.374
1.1264 1.374
1.1264 1.374
-0.99369 0.93575
1.1407 1.0056
1.1407 1.0056
1.1407 1.0056
-1.7825 -0.42116
-1.7825 -0.42116
-1.5957 -1.7272
-1.5957 -1.7272
-1.5957 -1.7272
-1.5957 -1.7272
1.4321 -0.75694
0.12428 -0.28766
0.12428 -0.28766
0.12428 -0.28766
0.12428 -0.28766
-1.4495 0.80461
-1.2135 0.64454
-1.4495 0.80461
-0.091171 0.58038
-0.091171 0.58038
-0.091171 0.58038
-0.29485 1.3514
-0.29485 1.3514
-1.1186 0.59496
0.81884 0.77926
0.88669 0.82495
0.88669 0.82495
-2.434 1.6829
-2.434 1.6829
-2.434 1.6829
1.4974 1.2901
1.4974 1.2901
1.4974 1.2901
-1.4099 -0.67107
-1.4099 -0.67107
-1.4099 -0.67107
-1.4099 -0.67107
0.34701 0.69698
0.34701 0.69698
0.41183 0.23671
0.41183 0.23671
-1.8853 -2.0416
-0.46902 -0.33914
-2.0002 1.5808
-2.0002 1.5808
-1.4777 -0.04877
-1.4777 -0.04877
-1.4777 -0.04877
2.1317 0.13934
2.1317 0.13934
2.1317 0.13934
-1.4649 -0.13464
-1.4649 -0.13464
-1.4649 -0.13464
-0.1601 -0.18337
-0.1601 -0.18337
-0.1601 -0.18337
-0.1601 -0.18337
1.2947 -1.4865
-2.3358 0.21216
1.2947 -1.4865
-0.38403 1.4831
0.029578 -0.43491
0.029578 -0.43491
0.029578 -0.43491
0.8322 1.7326
0.8322 1.7326
-1.9894 1.6223
-1.9894 1.6223
0.46408 0.26039
0.46408 0.26039
0.8414 -1.5442
0.8414 -1.5442
0.8414 -1.5442
0.8414 -1.5442
-0.29113 1.0534
-4.9978 4.7333
-1.1763 2.6233
-0.18308 -3.8777
-0.35113 -1.6315
0.13886 4.1209
-0.29113 1.0534
2.1915 -0.2035
2.1915 -0.2035
2.1915 -0.2035
1.6511 -0.22036
1.3992 -0.06174
1.6511 -0.22036
0.77842 1.195
0.77842 1.195
0.77842 1.195
0.77842 1.195
-0.51292 -0.32525
-0.060734 -1.3001
-0.060734 -1.3001
-0.060734 -1.3001
-0.060734 -1.3001
-1.3086 -0.16542
-1.3086 -0.16542
0.93112 0.45473
0.93112 0.45473
0.95254 -0.45335
-2.3713 -2.3871
-2.3713 -2.3871
-2.3713 -2.3871
0.69954 1.0236
0.69954 1.0236
0.69954 1.0236
0.69954 1.0236
-1.2664 0.16829
1.0062 1.5857
1.0062 1.5857
1.0062 1.5857
-0.32963 -0.069129
-0.32963 -0.069129
2.9016 -1.3883
2.0444 0.33624
2.0444 0.33624
2.0444 0.33624
0.36036 0.6061
0.36036 0.6061
0.36036 0.6061
0.96435 -0.25325
0.96435 -0.25325
-0.76481 1.1787
-2.0765 0.4009
-0.76481 1.1787
-0.76481 1.1787
1.7931 0.89254
-2.2986 1.6198
0.52805 0.7233
0.96134 0.82085
0.96134 0.82085
0.31424 1.1584
0.31424 1.1584
0.31424 1.1584
0.31424 1.1584
0.95525 1.8248
0.95525 1.8248
-2.8034 -0.053812
0.31144 -1.5207
0.31144 -1.5207
0.31144 -1.5207
0.59789 0.62321
0.05915 0.16213
0.05915 0.16213
0.05915 0.16213
-0.91076 -0.57515
1.9077 2.6522
1.0296 0.2516
1.0296 0.2516
1.0296 0.2516
-1.3902 0.6198
-1.3902 0.6198
-1.3902 0.6198
0.98718 1.3047
0.76151 1.4846
-1.0294 -0.59071
-1.0294 -0.59071
1.3906 -0.20129
1.3906 -0.20129
1.3906 -0.20129
1.3906 -0.20129
-0.14056 1.1434
-0.14056 1.1434
-0.14056 1.1434
0.75209 -1.5302
1.9727 -0.2136
1.9727 -0.2136
1.9727 -0.2136
1.9727 -0.2136
-0.49276 1.3623
-0.49276 1.3623
-0.49276 1.3623
-0.49276 1.3623
-0.6876 0.13612
-0.6876 0.13612
1.6508 -0.10419
-0.53708 0.75724
-0.53708 0.75724
-0.53708 0.75724
-0.53708 0.75724
-0.11845 -1.6047
-0.11845 -1.6047
1.2163 1.1996
1.2163 1.1996
-2.6617 -0.40777
1.0283 1.6268
1.0283 1.6268
1.0283 1.6268
-3.1549 2.0843
-2.2485 0.01016
-0.062743 -1.4046
-0.062743 -1.4046
-1.7331 0.55359
-1.7331 0.55359
-1.7331 0.55359
1.6872 -0.109
1.6872 -0.109
1.6872 -0.109
1.8335 -1.7742
1.8335 -1.7742
1.6112 0.30983
1.6112 0.30983
1.6112 0.30983
1.6112 0.30983
-1.5133 -1.0959
-1.5133 -1.0959
-0.47574 1.6325
-1.7244 -0.019115
-1.7244 -0.019115
-0.74246 -0.53521
-0.74246 -0.53521
-0.74246 -0.53521
-3.3082 3.8644
0.44857 0.083892
0.44857 0.083892
0.44857 0.083892
0.44857 0.083892
-2.2682 1.5759
0.46678 -1.0148
0.46678 -1.0148
-0.73882 -2.0155
2.4125 0.49755
2.4125 0.49755
2.4125 0.49755
0.97509 1.6768
0.97509 1.6768
-1.9009 -1.64
1.8026 1.376
2.4188 1.5943
1.8754 -1.0422
1.8754 -1.0422
-1.8716 0.7184
-1.8716 0.7184
-0.057421 1.4721
-0.057421 1.4721
-1.0701 -1.0612
-1.0701 -1.0612
-2.1504 -0.094301
-2.1504 -0.094301
-2.1504 -0.094301
1.1467 -1.2163
1.1467 -1.2163
1.1467 -1.2163
1.1467 -1.2163
2.4117 0.80882
2.4117 0.80882
1.4866 2.8911
0.7726 -1.2141
1.0443 -0.97046
1.0443 -0.97046
-1.8517 1.6162
-0.028691 -0.4925
-0.028691 -0.4925
-0.028691 -0.4925
-0.028691 -0.4925
2.1664 1.5292
2.1664 1.5292
2.1664 1.5292
1.7157 1.3847
1.7157 1.3847
1.7157 1.3847
1.7157 1.3847
-0.073929 -1.7316
-0.073929 -1.7316
-0.073929 -1.7316
-0.073929 -1.7316
-0.96377 -1.3666
-0.96377 -1.3666
-0.96377 -1.3666
-0.96377 -1.3666
-1.4066 1.3636
-4.6091 -1.0513
-1.4066 1.3636
-2.0009 1.6414
-2.2561 1.0624
-2.2561 1.0624
-2.2561 1.0624
-2.2561 1.0624
0.19776 -1.404
0.19776 -1.404
-1.1707 -0.041024
-0.33269 1.0953
-0.33269 1.0953
-0.33269 1.0953
-0.33269 1.0953
0.075695 -0.24373
1.8058 1.3652
1.8058 1.3652
-0.063607 -0.33151
-0.063607 -0.33151
-0.063607 -0.33151
1.0781 -0.54162
1.0781 -0.54162
1.0781 -0.54162
1.0781 -0.54162
2.2689 1.2896
4.729 -1.2802
-0.34788 -1.0176
-0.34788 -1.0176
-0.1035 -2.6585
-0.36442 0.1004
-0.36442 0.1004
-2.6265 0.70466
-0.38836 0.70147
-0.38836 0.70147
-0.95966 0.60981
-0.95966 0.60981
-0.10152 0.67614
-0.10152 0.67614
-1.8267 -0.36357
-1.8267 -0.36357
-1.8267 -0.36357
0.42711 -1.6403
-2.6666 -2.8985
1.0483 -0.539
1.0483 -0.539
0.63114 0.78057
2.7522 3.71
0.63114 0.78057
0.63114 0.78057
1.3127 1.4185
1.3127 1.4185
2.6784 0.47241
-1.3748 -0.89797
-1.3748 -0.89797
-1.3748 -0.89797
-1.3748 -0.89797
1.6741 -0.51268
1.6741 -0.51268
1.2001 -0.085477
1.2001 -0.085477
-1.0214 -1.1741
-1.0214 -1.1741
-1.0214 -1.1741
-1.0214 -1.1741
0.89828 0.77756
0.89828 0.77756
0.89828 0.77756
-0.076868 -0.0041386
-0.076868 -0.0041386
1.6552 2.6872
-1.9537 1.9035
-1.9537 1.9035
-0.032578 -0.143
-0.032578 -0.143
0.30211 -1.1113
0.53921 -0.58935
0.53921 -0.58935
0.53921 -0.58935
1.5593 -1.3426
1.5593 -1.3426
1.5593 -1.3426
2.6576 -1.3586
0.53819 -1.454
0.80403 -0.2183
0.80403 -0.2183
0.80403 -0.2183
-1.2855 -0.11742
-1.2855 -0.11742
-1.2855 -0.11742
-1.2855 -0.11742
-1.5226 -0.96189
1.0443 1.9623
2.5904 0.2437
2.5904 0.2437
-1.999 1.4757
-1.999 1.4757
-0.16436 -1.023
-0.16436 -1.023
-0.16436 -1.023
0.60065 1.5916
0.60065 1.5916
-1.1078 -1.2452
-1.1078 -1.2452
-0.60311 0.53815
-0.60311 0.53815
-0.60311 0.53815
-1.6035 0.53909
-1.6035 0.53909
-1.6035 0.53909
-1.7838 -0.84359
0.72512 0.048394
0.72512 0.048394
0.72512 0.048394
0.72512 0.048394
-0.26198 0.41696
-0.26198 0.41696
-1.4442 -1.2241
-2.4018 -1.2464
-2.4018 -1.2464
0.62603 0.15066
0.62603 0.15066
0.62603 0.15066
1.9554 0.76599
1.9554 0.76599
1.9554 0.76599
1.1935 0.22227
1.8479 1.0987
1.8479 1.0987
0.26719 -0.26444
0.26719 -0.26444
0.26719 -0.26444
2.2864 1.9227
2.2864 1.9227
2.2864 1.9227
2.2864 1.9227
-2.1139 -1.2042
-2.1139 -1.2042
-2.1139 -1.2042
-2.1139 -1.2042
1.5973 1.6446
2.3723 1.6865
2.2777 0.88497
2.2777 0.88497
2.2777 0.88497
0.89163 -0.58759
1.7012 -0.49023
1.7523 -1.0356
0.7672 -1.4225
0.7672 -1.4225
0.7672 -1.4225
1.8844 0.47603
1.6669 0.49861
1.3506 -0.86051
1.3506 -0.86051
1.6417 -0.63805
0.49249 1.2651
1.1765 1.3157
4.4298 -1.7414
1.1765 1.3157
-0.37233 1.1658
-4.5422 -4.0534
0.78025 -1.3075
-3.467 -2.6569
-3.3368 1.0333
3.74 2.5327
3.8217 3.7153
-1.2435 -1.5948
2.1614 -0.92735
2.1614 -0.92735
-1.7114 -0.35019
-1.7114 -0.35019
-1.7114 -0.35019
-0.054175 -1.2151
-0.054175 -1.2151
1.219 -0.54098
1.219 -0.54098
1.219 -0.54098
1.219 -0.54098
2.0865 -0.31751
-1.8767 -0.040334
-0.37516 -0.3781
-0.37516 -0.3781
-0.37516 -0.3781
-0.37516 -0.3781
-0.46002 -1.2061
-0.46002 -1.2061
-0.46002 -1.2061
0.78123 -1.3881
0.78123 -1.3881
-1.6173 1.4791
-1.6173 1.4791
-1.3294 -0.1791
-1.3294 -0.1791
-0.21237 1.2156
-0.53908 -1.0953
-0.53908 -1.0953
-0.53908 -1.0953
-1.8763 1.688
-1.8763 1.688
-0.085113 1.5679
-0.085113 1.5679
-0.085113 1.5679
-0.085113 1.5679
-0.95947 1.1346
-0.95947 1.1346
-1.691 -1.6427
-1.691 -1.6427
-1.691 -1.6427
-1.691 -1.6427
2.1975 -0.50705
2.1975 -0.50705
2.1975 -0.50705
1.375 -1.3506
-1.8894 1.8804
2.6301 -0.45218
2.6301 -0.45218
0.30082 0.84886
-1.8836 0.49294
-1.8836 0.49294
-0.17002 -1.3715
0.83496 0.9821
0.83496 0.9821
-2.2566 1.0128
-2.2566 1.0128
-2.2566 1.0128
-2.0864 0.090311
-2.0864 0.090311
-0.9219 0.23495
-0.9219 0.23495
-0.9219 0.23495
-0.9219 0.23495
0.38243 -1.4342
0.38243 -1.4342
0.17114 -1.4199
-1.4126 -0.87559
-1.4126 -0.87559
-1.4126 -0.87559
-1.4126 -0.87559
2.3389 -1.1838
1.4311 2.4745
1.9821 -2.0564
0.42336 0.87384
1.6148 1.0729
-1.7019 1.1891
-1.7019 1.1891
-1.7019 1.1891
-1.7019 1.1891
0.010345 0.74105
0.010345 0.74105
-0.68905 0.55096
-0.3043 0.8387
0.80462 -0.60826
0.80462 -0.60826
-2.3681 -0.85037
-2.3681 -0.85037
-2.3681 -0.85037
-2.3681 -0.85037
0.21386 -0.68783
0.21386 -0.68783
0.21386 -0.68783
0.21386 -0.68783
1.6665 -0.897
0.34439 0.26864
0.21128 0.09209
0.34439 0.26864
0.34439 0.26864
2.3254 -0.054387
2.3254 -0.054387
1.0028 -0.18851
2.4857 0.35668
1.5077 -0.97778
1.5077 -0.97778
1.5077 -0.97778
0.84218 -0.8178
-1.8117 0.56414
-0.66306 0.067058
1.2082 0.88426
1.2082 0.88426
1.2082 0.88426
1.2082 0.88426
-2.0599 -1.4502
-2.0599 -1.4502
-2.0599 -1.4502
-2.0599 -1.4502
-1.2093 1.1306
-1.2093 1.1306
-1.2093 1.1306
1.572 -0.063581
1.572 -0.063581
1.572 -0.063581
2.539 0.15957
-1.0837 0.64313
-1.0837 0.64313
1.6731 -1.4725
-2.178 -1.2447
1.2615 0.37278
1.2615 0.37278
0.3057 1.2294
0.3057 1.2294
0.3057 1.2294
0.67353 -1.343
0.67353 -1.343
-1.0556 -0.20081
-1.0556 -0.20081
-1.0556 -0.20081
-1.0556 -0.20081
0.42386 0.70765
1.1948 -1.5295
2.7005 -0.8227
2.7005 -0.8227
2.7005 -0.8227
2.7005 -0.8227
-1.9303 0.75705
-1.9303 0.75705
-0.092792 -0.096331
1.5877 1.73
1.5877 1.73
1.5541 -1.1093
-0.39209 0.1009
-0.39209 0.1009
-0.39209 0.1009
-0.46094 -0.8638
0.50843 0.2224
0.50843 0.2224
0.17036 -1.3416
0.17036 -1.3416
-1.435 1.6156
0.1628 -2.764
-0.96024 -0.81324
-0.96024 -0.81324
-0.96024 -0.81324
1.8495 0.5612
1.8495 0.5612
1.8495 0.5612
1.8495 0.5612
-1.8155 -1.6634
1.1021 0.1268
4.2486 0.091151
1.1021 0.1268
1.1021 0.1268
-1.2354 -1.6032
1.5909 -0.24967
1.5909 -0.24967
1.5909 -0.24967
1.5909 -0.24967
0.45451 -0.15347
-0.24349 0.33074
-0.24349 0.33074
-0.24349 0.33074
-0.24349 0.33074
1.2886 0.25102
-2.1853 0.1797
-0.95921 -0.46845
-0.95921 -0.46845
-0.95921 -0.46845
0.14918 1.6086
1.5438 1.0543
0.14918 1.6086
-2.095 -0.73587
-2.095 -0.73587
-1.2095 0.17192
-1.2095 0.17192
-1.2095 0.17192
-1.0191 -0.41704
-1.0191 -0.41704
-1.0191 -0.41704
0.040589 -1.1659
0.040589 -1.1659
0.040589 -1.1659
1.0697 -0.9718
2.2692 -1.1182
2.2692 -1.1182
2.2692 -1.1182
-1.0904 1.8816
-1.8309 0.85153
-0.79873 -0.37521
-0.79873 -0.37521
-0.79873 -0.37521
-1.9097 1.6203
-1.9097 1.6203
-1.0611 3.4005
-1.0481 -1.1998
-1.9582 -0.012051
-1.9582 -0.012051
-1.9582 -0.012051
-1.9582 -0.012051
1.8525 0.56381
-0.35789 0.97594
-0.35789 0.97594
-0.35789 0.97594
-0.35789 0.97594
1.3028 0.81852
1.3028 0.81852
1.1403 0.71958
1.8643 -0.84042
1.8643 -0.84042
1.8643 -0.84042
2.303 -4.5422
-0.61915 1.5482
-0.38322 0.86687
-0.38322 0.86687
-0.38322 0.86687
-0.38322 0.86687
2.4612 -1.3335
2.4612 -1.3335
2.4612 -1.3335
2.4612 -1.3335
-1.5363 -1.476
-1.5363 -1.476
-0.23775 -0.70883
-0.27899 -0.65959
-0.23775 -0.70883
-0.23775 -0.70883
0.33847 0.74732
0.33847 0.74732
0.33847 0.74732
1.188 -0.58486
1.188 -0.58486
1.188 -0.58486
1.188 -0.58486
0.057752 0.52568
0.057752 0.52568
0.057752 0.52568
-0.23333 -0.52691
-0.23333 -0.52691
-0.23333 -0.52691
0.40216 -0.56818
0.40216 -0.56818
0.40216 -0.56818
0.40216 -0.56818
0.51247 -0.046392
0.51247 -0.046392
0.51247 -0.046392
0.51247 -0.046392
2.2048 -1.8118
0.82996 -0.81926
0.82996 -0.81926
0.82996 -0.81926
0.82996 -0.81926
1.9489 0.75455
1.2857 0.041503
1.2857 0.041503
0.78146 -2.4824
0.78146 -2.4824
-0.68039 -1.065
-0.68039 -1.065
-0.68039 -1.065
0.54121 -1.0906
0.54121 -1.0906
1.3988 0.27353
0.65802 0.76649
2.5323 -0.72717
2.5323 -0.72717
2.5323 -0.72717
1.9298 1.0337
1.9298 1.0337
1.9298 1.0337
1.9298 1.0337
0.023449 0.43023
-0.63317 -0.92227
-0.63317 -0.92227
-0.63317 -0.92227
0.87489 -1.2879
0.87489 -1.2879
-0.71945 -1.0935
-0.71945 -1.0935
-1.8526 -0.91187
1.3879 0.16319
1.3879 0.16319
1.3879 0.16319
1.3879 0.16319
0.93892 -1.6806
0.93892 -1.6806
0.93892 -1.6806
0.76826 -1.5157
-0.1781 0.31251
-0.1781 0.31251
-0.1781 0.31251
2.0164 0.95543
1.9769 -1.4269
1.9769 -1.4269
1.9769 -1.4269
1.9547 -1.1205
1.9547 -1.1205
1.9547 -1.1205
1.9547 -1.1205
-1.7299 -0.82548
-1.7299 -0.82548
-1.7299 -0.82548
-1.7299 -0.82548
0.069391 -1.431
0.069391 -1.431
0.069391 -1.431
0.069391 -1.431
1.8012 -1.1793
1.8012 -1.1793
-1.7292 -1.3795
-1.7292 -1.3795
-1.7292 -1.3795
-1.7292 -1.3795
-1.4165 -0.04445
-1.4165 -0.04445
-1.4165 -0.04445
-1.4739 1.2793
-1.4739 1.2793
-1.817 3.8766
0.95456 0.73783
0.95456 0.73783
0.95456 0.73783
0.95456 0.73783
0.96193 0.43854
0.97111 1.6642
0.97111 1.6642
1.5868 -0.37688
-0.39357 -1.0304
-0.39357 -1.0304
-1.1995 -0.96758
1.5092 -0.34978
1.5092 -0.34978
1.5092 -0.34978
1.5092 -0.34978
1.6898 -1.1021
1.6352 0.43082
1.6352 0.43082
1.6352 0.43082
1.6352 0.43082
-1.6384 0.49574
-1.6384 0.49574
-1.6384 0.49574
-1.6384 0.49574
-0.74643 -1.765
-0.74643 -1.765
-0.74643 -1.765
-0.74643 -1.765
1.4268 -0.032044
1.4268 -0.032044
1.4268 -0.032044
1.4268 -0.032044
-2.1774 -0.01374
-2.124 1.1083
-2.124 1.1083
-2.124 1.1083
1.5103 1.8546
1.9622 1.6819
1.9622 1.6819
2.4481 -0.095013
2.4481 -0.095013
2.4481 -0.095013
2.3022 -0.9918
-2.308 1.1474
-2.308 1.1474
-1.3619 -0.058702
2.0025 -0.17243
2.0025 -0.17243
-0.4304 -0.50153
-0.4304 -0.50153
-0.4304 -0.50153
-0.52306 1.601
-0.52306 1.601
-0.52306 1.601
0.82299 -1.3915
1.7071 0.16169
1.7071 0.16169
-1.4663 -1.0688
-1.4663 -1.0688
-1.2146 0.40738
-0.22076 -1.6308
-1.2146 0.40738
0.91005 1.7648
-2.2143 -1.1608
-0.95527 -0.86746
3.95 -2.4016
-2.9116 2.7619
0.73312 0.38936
2.598 3.9865
-0.74106 3.4082
1.4341 -3.8056
-0.53789 3.8174
-0.67604 -2.5645
-3.0319 0.56632
-2.6652 0.45888
0.82193 -1.9211
2.5309 3.03
-3.5284 0.93385
2.6114 3.5394
-3.1517 -1.9333
1.4723 -1.401
-0.28624 -0.1775
0.66199 0.83831
0.66199 0.83831
0.66199 0.83831
0.66199 0.83831
0.64632 -0.79768
2.4573 1.7662
2.4573 1.7662
2.4573 1.7662
2.4573 1.7662
-1.3321 1.6549
-1.3321 1.6549
-1.3321 1.6549
-1.8059 -0.547
-1.8059 -0.547
-1.8059 -0.547
0.48502 -0.31019
0.48502 -0.31019
0.48502 -0.31019
0.48502 -0.31019
-1.4484 0.26688
0.19242 -0.65839
0.19242 -0.65839
1.3117 0.0068698
0.52021 -1.1092
0.52021 -1.1092
0.52021 -1.1092
-0.18516 0.86605
1.613 1.6026
-0.18516 0.86605
-0.18516 0.86605
1.6065 -1.5948
1.6065 -1.5948
1.5867 -2.6503
1.5867 -2.6503
1.0426 0.64899
1.0426 0.64899
0.29726 0.74451
0.29726 0.74451
0.29726 0.74451
0.29726 0.74451
-1.6807 1.0097
-1.6807 1.0097
-1.6807 1.0097
1.1989 -2.3782
1.1989 -2.3782
1.1989 -2.3782
1.1989 -2.3782
-2.1869 1.4857
-2.1869 1.4857
-0.45967 1.4312
-0.45967 1.4312
-0.45967 1.4312
-0.33051 0.63346
-0.33051 0.63346
0.39217 -1.5487
0.39217 -1.5487
0.39217 -1.5487
0.39217 -1.5487
-0.81359 0.50519
-0.81359 0.50519
-0.81359 0.50519
-0.81359 0.50519
2.9157 1.4335
2.4925 0.97757
2.4925 0.97757
1.5256 0.90839
-1.3526 -0.48848
-0.41124 -1.0417
-0.41124 -1.0417
1.4923 -0.66599
1.4923 -0.66599
1.4923 -0.66599
-2.1285 -0.20698
0.78659 -0.56414
0.78659 -0.56414
0.78659 -0.56414
0.78659 -0.56414
2.2459 1.4916
2.2459 1.4916
2.2459 1.4916
1.9586 -1.7251
0.61988 -0.97257
0.61988 -0.97257
0.61988 -0.97257
-0.27751 -1.5138
-0.27751 -1.5138
-1.8885 -0.4775
-1.8885 -0.4775
1.8226 1.6245
3.4036 -3.6738
1.8226 1.6245
2.4414 -1.0411
2.4414 -1.0411
-0.70248 -0.092195
-0.70248 -0.092195
-0.70248 -0.092195
-0.70248 -0.092195
-1.5868 -1.5705
-1.5868 -1.5705
-1.5868 -1.5705
-0.23602 -0.98989
-0.23602 -0.98989
-0.23602 -0.98989
-0.23602 -0.98989
1.0988 -1.6757
1.0988 -1.6757
1.611 -1.4108
1.611 -1.4108
1.611 -1.4108
1.1016 0.75767
1.1016 0.75767
1.1016 0.75767
1.1016 0.75767
-1.2292 -0.050945
0.82362 -0.72714
0.82362 -0.72714
0.82362 -0.72714
-1.1729 -1.5863
-1.1729 -1.5863
-2.6062 0.25847
-2.6062 0.25847
-1.2653 -1.0277
-1.2653 -1.0277
-1.2653 -1.0277
-1.0373 0.86431
-1.0373 0.86431
-1.0373 0.86431
-1.0373 0.86431
-1.0996 -0.59217
-0.63169 1.0123
-0.63169 1.0123
-0.63169 1.0123
-0.63169 1.0123
1.0644 1.3554
1.0644 1.3554
0.68148 0.86348
0.72032 1.5469
-1.0529 -0.48997
-1.0529 -0.48997
-1.4899 1.3354
-1.4899 1.3354
0.19557 -1.4597
0.19557 -1.4597
-0.43369 1.1771
-0.43369 1.1771
-0.43369 1.1771
-0.43369 1.1771
1.5582 -0.84784
1.4888 -0.9612
1.4888 -0.9612
-0.37628 0.13752
-0.37628 0.13752
-0.37628 0.13752
2.2264 -0.56427
2.2264 -0.56427
2.2264 -0.56427
0.1143 -1.6004
0.1143 -1.6004
0.1143 -1.6004
-2.1616 0.58364
-2.1616 0.58364
-2.1616 0.58364
2.1518 0.23294
1.6455 -1.3357
2.1518 0.23294
2.2425 1.7959
2.0669 1.6076
2.2425 1.7959
2.2425 1.7959
-1.9504 -0.56352
1.069 1.6106
1.4123 1.7495
-0.60445 1.702
1.3617 -1.7078
1.3617 -1.7078
-0.021751 0.064682
-0.021751 0.064682
-0.021751 0.064682
-0.021751 0.064682
1.8974 -1.2737
1.8974 -1.2737
-0.24759 -0.99519
-0.24759 -0.99519
-0.24759 -0.99519
-0.9808 0.69765
-0.9808 0.69765
-0.77826 0.46343
0.77097 1.8146
0.77097 1.8146
0.77097 1.8146
0.77097 1.8146
0.12742 1.0101
0.12742 1.0101
2.11 -0.60513
0.19179 -1.4299
0.19179 -1.4299
0.19179 -1.4299
0.19179 -1.4299
-2.1755 -1.712
-1.1412 -3.921
3.1583 -4.191
0.27338 -2.7279
1.1414 -0.34763
0.66061 0.15809
4.1355 -2.2285
0.97497 -3.7622
-3.3029 -3.5672
-2.9522 0.61939
2.2214 0.8043
0.48071 -2.5807
2.3088 -4.3366
-1.1883 -2.4767
2.8095 -2.684
2.3515 -1.5311
2.0491 4.0679
0.8766 3.2545
-1.8756 -2.826
4.0969 -0.86362
2.6876 4.6209
-1.6806 0.92159
3.8506 4.6142
1.8008 0.86461
3.1028 2.8061
-3.4568 -4.2942
2.3328 2.134
0.13796 3.4524
3.8977 2.2771
0.99399 1.701
-4.5495 2.6334
-1.9342 -1.8848
3.6643 4.9535
4.5914 3.3983
4.5508 3.402
2.4272 3.6338
3.3345 2.5464
1.9685 4.3547
3.4231 4.2366
-0.63283 -0.19763
4.884 2.425
4.6651 3.0468
-3.3964 1.7557
0.24894 1.2744
1.6603 1.1119
3.2764 1.6795
4.9338 2.9663
0.13721 1.0244
4.4427 3.4746
-0.83568 2.6832
0.11022 4.7734
4.1252 2.7724
4.6764 -1.5878
4.1705 2.1469
3.7872 2.1646
4.7155 3.5791
0.35793 3.6162
4.6189 2.31
4.266 0.48358
3.4599 2.3823
2.624 3.9978
2.658 0.79821
3.8693 3.6233
4.0418 2.5936
0.034978 1.1221
0.034978 1.1221
0.034978 1.1221
1.27 0.81955
1.27 0.81955
1.27 0.81955
1.27 0.81955
-0.62102 0.30869
-0.62102 0.30869
0.44798 -0.1298
0.44798 -0.1298
0.66093 -0.67965
0.66093 -0.67965
1.5334 -0.78025
-0.071481 1.1274
-0.071481 1.1274
-0.071481 1.1274
-0.071481 1.1274
0.1096 1.4283
0.014812 1
0.014812 1
-0.77481 0.34028
-0.77481 0.34028
-0.77481 0.34028
-0.49735 0.16163
-0.49735 0.16163
-0.49735 0.16163
-0.75172 -0.5646
-0.75172 -0.5646
-0.75172 -0.5646
-1.5538 -0.30473
1.7424 0.1136
1.7424 0.1136
1.7424 0.1136
1.7424 0.1136
0.43266 0.78717
1.0227 0.5365
1.1204 0.70672
1.1204 0.70672
-1.7887 1.335
-1.7887 1.335
3.9178 -3.2551
-0.54465 0.21145
-0.54465 0.21145
-0.54465 0.21145
-1.9751 -0.54622
-1.9751 -0.54622
-1.9751 -0.54622
-0.38848 -1.4157
-0.38848 -1.4157
-0.38848 -1.4157
-0.38848 -1.4157
1.7706 0.073319
0.21674 -0.66494
0.19182 -0.21617
0.074972 -0.15579
-0.30137 0.12146
-0.65486 1.5757
-0.65486 1.5757
-0.65486 1.5757
-0.2211 -1.4353
-0.2211 -1.4353
-0.78229 -0.98163
1.594 -1.613
1.594 -1.613
0.22655 1.5473
0.22655 1.5473
0.22655 1.5473
-1.8078 0.6173
-1.8078 0.6173
-1.8078 0.6173
-1.8078 0.6173
0.15837 0.014482
0.15837 0.014482
0.15837 0.014482
0.15837 0.014482
0.88115 -0.90555
-0.21072 1.1709
-0.21072 1.1709
0.60587 -1.2175
0.60587 -1.2175
0.60587 -1.2175
-1.7217 4.6746
1.8752 -1.3111
1.8752 -1.3111
1.8752 -1.3111
-1.0742 -3.4604
2.0319 -0.12659
0.98268 -0.90771
1.1677 -0.1319
1.5977 -0.17157
1.5977 -0.17157
-1.9912 -0.081059
-1.9912 -0.081059
-1.9912 -0.081059
0.41956 -0.55762
0.66073 0.030822
0.66073 0.030822
0.66073 0.030822
0.66073 0.030822
-2.12 0.59203
-2.12 0.59203
0.10078 -0.23437
0.10078 -0.23437
-2.1113 -0.20625
-2.1113 -0.20625
0.49286 0.95166
0.49286 0.95166
0.49286 0.95166
2.3276 -0.22081
2.3276 -0.22081
2.3276 -0.22081
-2.2158 -0.7452
-2.2158 -0.7452
-2.2158 -0.7452
-2.2158 -0.7452
-0.25169 1.596
-0.25169 1.596
-0.25169 1.596
-0.25169 1.596
1.6978 -1.2208
1.6978 -1.2208
1.6152 1.4636
-0.4999 0.53421
-0.4999 0.53421
-0.4999 0.53421
-0.4999 0.53421
-1.7998 -0.8066
-1.7998 -0.8066
0.37009 0.18983
0.37009 0.18983
0.37009 0.18983
0.37009 0.18983
-1.8622 -1.094
-1.8622 -1.094
-1.8622 -1.094
-1.0962 1.8369
-1.0962 1.8369
-1.0962 1.8369
-1.0962 1.8369
0.48782 -1.9934
0.48782 -1.9934
-0.09167 1.1488
-0.09167 1.1488
-2.2019 -0.17236
-2.2019 -0.17236
-2.2019 -0.17236
-2.2019 -0.17236
-0.29115 -0.47101
-0.86892 4.1713
2.3954 -1.04
0.34399 2.0045
1.0145 -4.213
-0.93821 -0.58208
-0.93821 -0.58208
-1.9114 -0.0088186
-1.1285 1.1305
-1.1285 1.1305
-1.1285 1.1305
1.3502 0.87602
-0.57803 0.83492
1.3532 1.5204
1.3532 1.5204
1.3532 1.5204
1.3532 1.5204
1.5051 -0.68173
1.5051 -0.68173
1.5051 -0.68173
-1.5034 -0.48937
-0.47278 0.22342
-0.3251 0.46177
-1.6643 0.95159
2.2367 0.1586
2.2367 0.1586
2.2367 0.1586
2.2367 0.1586
0.78421 -1.6444
0.78421 -1.6444
-0.085989 0.60649
-0.085989 0.60649
-0.085989 0.60649
0.3635 1.0389
0.3635 1.0389
0.3635 1.0389
0.3635 1.0389
-1.2496 1.1163
-1.2496 1.1163
-1.2496 1.1163
-1.2496 1.1163
0.75254 1.2413
0.75254 1.2413
0.75254 1.2413
0.75254 1.2413
2.0884 -0.30776
2.0884 -0.30776
-1.5677 -1.2773
0.12834 1.4394
-1.5677 -1.2773
1.1839 -1.8028
-0.072671 1.5297
-0.072671 1.5297
-0.072671 1.5297
-0.072671 1.5297
-2.1524 0.17552
2.0168 -1.73
2.0168 -1.73
2.0168 -1.73
-0.0093867 -0.48079
-0.0093867 -0.48079
-0.0093867 -0.48079
-0.0093867 -0.48079
0.1246 0.9658
0.1246 0.9658
0.1246 0.9658
-0.11954 -1.6345
-0.11954 -1.6345
-0.11954 -1.6345
-0.11954 -1.6345
-0.611 -1.027
-0.611 -1.027
0.26771 -0.39958
1.0773 -0.60638
1.0773 -0.60638
1.0773 -0.60638
-1.9186 -1.3379
-1.9186 -1.3379
-1.9186 -1.3379
0.586 0.74508
0.586 0.74508
0.4423 0.68352
0.4423 0.68352
0.4423 0.68352
2.1527 1.1165
2.1527 1.1165
2.1527 1.1165
2.1527 1.1165
-1.5037 0.44422
-1.5037 0.44422
-1.5829 2.0071
-2.3021 -1.1201
2.313 -0.021503
-2.2844 -0.46453
-2.7531 -0.42507
-0.72275 -0.92461
-0.72275 -0.92461
-0.72275 -0.92461
0.92633 1.9438
0.92633 1.9438
-0.51699 0.60812
0.89106 1.5713
0.89106 1.5713
-0.38308 -0.011918
-0.38308 -0.011918
-0.38308 -0.011918
1.4956 -1.0587
1.9067 -0.1424
1.9067 -0.1424
1.4607 -0.15607
1.021 -0.63209
-0.16536 -1.3638
0.033035 0.95502
0.033035 0.95502
-1.7414 -0.79529
-1.7414 -0.79529
-0.80575 -4.5735
-1.909 1.3854
0.53944 -0.50919
0.53944 -0.50919
0.53944 -0.50919
0.92382 -1.5743
0.92382 -1.5743
-2.0676 1.1215
0.83396 1.2935
0.83396 1.2935
0.83396 1.2935
2.4161 0.76259
2.4161 0.76259
2.4161 0.76259
2.4161 0.76259
0.82189 1.351
-0.041971 -0.85781
2.0631 0.2751
-2.9548 3.2663
0.43868 -0.54712
4.942 -1.8367
1.8052 -1.4537
1.5585 0.3597
-0.77315 3.372
-0.44317 -0.30684
-0.44317 -0.30684
-1.9264 1.6743
-1.9264 1.6743
-2.004 -0.99268
-2.004 -0.99268
-2.004 -0.99268
-2.004 -0.99268
1.1335 -0.14116
1.1335 -0.14116
-1.3344 -1.4132
-1.3344 -1.4132
-1.3344 -1.4132
-1.3344 -1.4132
-1.3615 -1.1698
-1.3615 -1.1698
-1.3615 -1.1698
0.18715 -3.0691
1.962 0.70804
1.962 0.70804
-1.967 1.1455
-1.967 1.1455
-2.0501 0.89566
-2.0501 0.89566
-2.0501 0.89566
3.296 -0.72882
1.3098 2.182
1.338 -1.394
2.1188 -1.3419
2.1188 -1.3419
2.1188 -1.3419
0.94845 0.26671
0.94845 0.26671
-0.71083 -0.97978
-0.71083 -0.97978
-0.71083 -0.97978
1.6393 1.1793
2.0321 3.0214
0.50199 -0.20672
-0.51547 -1.788
-0.51547 -1.788
-0.51547 -1.788
1.6651 -1.1143
1.6651 -1.1143
1.6651 -1.1143
1.7335 -0.93737
0.088862 1.2131
0.088862 1.2131
-1.1171 -0.63382
-1.1171 -0.63382
-1.1171 -0.63382
0.37786 -0.64173
0.98281 -0.021316
1.3891 -1.303
1.3891 -1.303
-0.76879 0.91034
-0.90349 1.5243
-0.90349 1.5243
-2.398 -0.63308
-2.398 -0.63308
-2.398 -0.63308
-2.398 -0.63308
0.33961 -0.976
0.33961 -0.976
0.33961 -0.976
0.33961 -0.976
1.2507 -1.6768
1.2507 -1.6768
-1.9212 0.25293
-1.8143 0.8289
-1.8143 0.8289
1.8261 0.41162
1.8261 0.41162
1.8261 0.41162
-1.6705 -1.5254
-1.6705 -1.5254
-1.6705 -1.5254
-1.6906 1.83
-1.9736 -0.084531
-1.9736 -0.084531
-1.9736 -0.084531
-2.591 1.7072
1.4898 -0.242
1.4898 -0.242
1.4898 -0.242
-1.5398 -1.2955
-1.5398 -1.2955
-1.5398 -1.2955
-0.17317 -0.62173
-0.17317 -0.62173
-0.17317 -0.62173
-0.17317 -0.62173
-0.29019 -1.4099
0.060962 -1.5473
0.060962 -1.5473
0.060962 -1.5473
0.060962 -1.5473
-0.62821 -1.011
-0.62821 -1.011
-0.62821 -1.011
-0.62821 -1.011
-1.8394 1.2508
-1.8394 1.2508
1.132 -1.2615
0.70245 -1.6457
0.6533 1.1368
0.6533 1.1368
0.6533 1.1368
-1.9321 1.1287
2.9859 0.35733
2.3061 0.060619
2.3061 0.060619
-0.67537 1.5675
-0.67537 1.5675
-0.67537 1.5675
-1.9637 0.6705
-1.9637 0.6705
-0.17012 -0.40357
-0.17012 -0.40357
-0.17012 -0.40357
2.1905 1.6007
2.1905 1.6007
2.1905 1.6007
0.6119 -0.18373
0.6119 -0.18373
0.6119 -0.18373
1.5409 -0.95696
1.5409 -0.95696
1.5409 -0.95696
-0.63798 1.2707
-0.63798 1.2707
-0.63798 1.2707
1.753 0.27861
1.753 0.27861
1.753 0.27861
2.1209 0.55276
-1.7682 -0.59276
0.75128 3.5653
0.71432 0.48075
0.71432 0.48075
-2.1712 -0.84283
-2.1712 -0.84283
-1.0644 0.428
-0.61739 0.17325
4.1375 -1.7844
-0.61739 0.17325
-0.61739 0.17325
1.7325 -1.0407
0.7687 0.81621
0.7687 0.81621
1.7605 -0.63852
1.355 -0.57707
1.355 -0.57707
0.80436 -0.084322
0.80436 -0.084322
0.80436 -0.084322
1.7434 -0.3539
1.7434 -0.3539
-2.0471 1.1054
-2.0471 1.1054
-2.0471 1.1054
1.0208 0.13587
1.0208 0.13587
1.0208 0.13587
1.0208 0.13587
1.1624 1.5683
0.81736 1.2448
0.81736 1.2448
0.81736 1.2448
-2.3417 1.7501
0.95064 0.75159
-1.9026 1.3197
-1.9026 1.3197
-1.9026 1.3197
-2.0622 -0.63413
1.1012 1.3294
1.1012 1.3294
-1.1142 0.39771
-2.0805 0.0048397
-1.1142 0.39771
-1.1142 0.39771
0.92731 -0.13903
0.92731 -0.13903
0.58338 -0.047203
0.58338 -0.047203
-1.6166 0.54567
-1.0826 -0.54882
-1.0826 -0.54882
0.72878 0.71517
0.72878 0.71517
-0.37365 -0.9756
-0.37365 -0.9756
-0.37365 -0.9756
-1.359 1.1105
-1.359 1.1105
-1.5905 0.40679
1.5191 -0.52091
1.996 -1.7114
1.996 -1.7114
-1.1672 -1.1357
-1.1672 -1.1357
-1.1672 -1.1357
-1.1672 -1.1357
-1.2843 0.44241
-1.2843 0.44241
-1.2843 0.44241
-2.1065 -1.5411
-2.1065 -1.5411
-2.1065 -1.5411
0.59684 -0.35771
-0.067827 1.2533
-0.067827 1.2533
-1.4103 1.6448
-1.4103 1.6448
-1.3632 -1.7692
-1.3632 -1.7692
-1.0484 -3.1241
2.1809 0.63127
0.99514 1.4143
0.99514 1.4143
0.99514 1.4143
0.67136 -1.1214
0.005619 -0.011506
-0.9378 2.7464
0.005619 -0.011506
0.005619 -0.011506
0.91704 -0.8675
-1.8128 0.10853
-1.3199 -0.17319
-1.3199 -0.17319
-2.0394 1.0056
-2.0394 1.0056
1.5612 1.4216
-1.4975 -1.0191
-1.4975 -1.0191
-1.4975 -1.0191
1.2234 -0.036861
1.2234 -0.036861
1.2234 -0.036861
-1.3788 -1.6781
-2.0302 0.77842
-2.0302 0.77842
-2.0302 0.77842
-2.0302 0.77842
0.80316 -1.5896
0.80316 -1.5896
0.80316 -1.5896
-1.7458 0.72648
-1.7458 0.72648
-0.82957 0.82691
-0.82957 0.82691
-0.82957 0.82691
-0.82957 0.82691
-1.5937 -0.92752
-1.5153 -2.0348
-1.7313 -2.2887
-2.0364 -1.0527
-2.0364 -1.0527
-2.5013 -1.9384
-2.0364 -1.0527
-0.38325 -1.3208
-0.040538 -1.5996
-0.040538 -1.5996
-0.040538 -1.5996
2.3477 -0.08136
1.0654 -1.0933
1.0654 -1.0933
-2.069 -0.73476
-2.069 -0.73476
-0.7895 0.3282
1.6267 1.4823
1.6267 1.4823
1.6267 1.4823
-0.32061 0.77308
-0.32061 0.77308
-1.3406 -0.18265
-1.3825 -0.24426
1.1065 -0.7331
0.25249 0.63882
0.25249 0.63882
0.25249 0.63882
0.25249 0.63882
-1.0482 1.1013
-1.0482 1.1013
-1.5192 -0.18593
1.8055 0.80714
1.1791 -1.3268
1.1791 -1.3268
1.1791 -1.3268
-1.4238 -0.98554
-1.4238 -0.98554
-1.4238 -0.98554
1.4984 -3.1671
-4.1227 0.057202
-2.5308 -3.2841
4.1419 -2.189
-1.0788 -2.8754
-0.52806 -2.6994
-0.27892 1.8479
-2.0564 -3.68
0.52438 -0.90556
0.70528 4.8241
3.1299 -3.4998
-3.7379 -4.5077
1.6478 -0.70782
1.6478 -0.70782
1.6478 -0.70782
1.6478 -0.70782
0.96566 -1.2903
0.82389 -1.2183
0.82389 -1.2183
0.82389 -1.2183
0.82389 -1.2183
-1.7585 -0.37711
-0.26029 0.51482
-0.26029 0.51482
0.33252 0.5711
0.33252 0.5711
0.33252 0.5711
-1.9651 -0.84593
-1.9651 -0.84593
1.473 1.3686
1.7955 3.4152
-1.409 -0.36472
-1.409 -0.36472
1.8424 -1.1504
-0.6935 -0.48667
-0.6935 -0.48667
-0.78349 -1.5156
2.2897 -2.0143
-0.78349 -1.5156
0.11211 1.5722
0.11211 1.5722
0.11211 1.5722
0.11211 1.5722
-1.358 -0.19949
-1.358 -0.19949
-0.60158 -1.0112
-0.60158 -1.0112
2.4505 1.1604
2.0465 0.14303
2.0465 0.14303
2.0465 0.14303
2.0465 0.14303
1.6582 -0.14351
1.6582 -0.14351
0.74321 0.59879
0.74321 0.59879
0.74321 0.59879
-4.7569 3.8196
1.6115 1.467
1.6115 1.467
-2.2032 -1.057
-0.3808 -0.22737
-0.3808 -0.22737
2.0435 0.88263
2.0435 0.88263
2.0435 0.88263
2.0435 0.88263
0.37739 0.99299
0.37739 0.99299
0.37739 0.99299
0.37739 0.99299
-0.13796 0.53075
-0.13796 0.53075
-0.5226 1.8161
-0.5226 1.8161
-0.5226 1.8161
-0.5226 1.8161
-0.5821 0.096425
-0.5821 0.096425
1.0265 -0.32138
1.0265 -0.32138
-2.2424 -0.27711
-2.2424 -0.27711
-2.2424 -0.27711
-1.474 -1.614
-2.018 0.35591
-2.018 0.35591
-2.018 0.35591
1.8993 -3.5984
-0.63387 -0.53364
-0.63387 -0.53364
-1.2275 0.97007
-1.6863 1.4377
-1.6863 1.4377
-1.6863 1.4377
1.4355 1.2073
-0.89037 1.0821
-0.89037 1.0821
-0.89037 1.0821
-0.89037 1.0821
1.8277 -0.9652
1.8277 -0.9652
1.8277 -0.9652
0.37508 1.0283
-2.2672 0.59795
-2.2672 0.59795
0.13712 1.7388
0.13712 1.7388
0.13712 1.7388
0.13712 1.7388
1.694 0.084795
0.59554 -0.32103
-1.7741 -1.1062
-1.7741 -1.1062
0.55187 1.6474
0.55187 1.6474
0.55187 1.6474
1.1916 -0.46363
1.1916 -0.46363
1.1916 -0.46363
2.0903 0.19496
2.0903 0.19496
2.0903 0.19496
-0.93199 0.58439
-0.93199 0.58439
-2.0284 -0.68158
-0.16232 -1.3118
-0.16232 -1.3118
-0.16232 -1.3118
-0.8649 -0.7797
-0.8649 -0.7797
-0.8649 -0.7797
-0.8649 -0.7797
-0.32812 1.3617
-0.32812 1.3617
-0.32812 1.3617
-0.32812 1.3617
1.1041 -1.6737
1.1041 -1.6737
-1.0242 -0.58174
-1.0242 -0.58174
-1.0242 -0.58174
-0.24958 0.21703
-1.2511 -1.08
0.88443 1.212
0.88443 1.212
-3.226 0.21599
-3.0635 2.7616
-1.8089 1.2347
-1.8089 1.2347
-1.8089 1.2347
2.4799 0.065558
2.4799 0.065558
-0.7429 1.121
-0.7429 1.121
1.38 1.679
0.97704 1.74
1.38 1.679
1.38 1.679
2.4048 -0.33552
2.6046 0.09226
0.85807 1.3379
0.85807 1.3379
0.85807 1.3379
0.85807 1.3379
-0.56455 -1.5767
-0.56455 -1.5767
0.39049 0.75701
0.39049 0.75701
0.39049 0.75701
-0.16048 -1.0154
-0.16048 -1.0154
-0.16048 -1.0154
-0.16048 -1.0154
1.0557 1.7686
0.90846 -0.48328
1.8011 1.104
1.8011 1.104
0.20911 -0.42494
-1.837 0.38865
-1.837 0.38865
1.3138 -1.2317
1.3138 -1.2317
1.3138 -1.2317
1.3138 -1.2317
0.89418 -1.4934
-0.62282 1.3879
-0.57107 1.3658
-0.57107 1.3658
0.45674 -1.217
-0.81754 -0.98675
-0.81754 -0.98675
-2.0425 0.81741
-2.0425 0.81741
-2.0425 0.81741
-1.333 -0.70044
-1.333 -0.70044
-2.4666 0.42756
0.083245 -1.3613
0.083245 -1.3613
0.083245 -1.3613
1.6511 0.72837
1.6511 0.72837
1.6511 0.72837
1.6511 0.72837
1.7552 -0.90866
1.7552 -0.90866
1.7552 -0.90866
1.7552 -0.90866
0.30026 0.27702
0.30026 0.27702
1.7846 1.5069
1.7846 1.5069
2.0338 -1.3204
2.0338 -1.3204
2.0338 -1.3204
-1.4343 0.23945
-0.76541 1.2697
-1.4343 0.23945
0.85413 0.61981
-0.57897 -1.3368
-0.57897 -1.3368
-0.57897 -1.3368
-2.6436 -1.2584
-2.6436 -1.2584
-2.6436 -1.2584
1.6279 0.010698
-1.2714 -1.1501
-0.59388 -1.7172
-1.2714 -1.1501
-1.2714 -1.1501
-1.7838 0.20702
-1.7838 0.20702
-1.7838 0.20702
2.2489 1.8298
2.2489 1.8298
-2.009 1.0566
-2.009 1.0566
-2.009 1.0566
-2.009 1.0566
0.024449 1.8311
-0.80428 -0.081599
1.6263 -1.0751
1.6263 -1.0751
1.6263 -1.0751
1.6263 -1.0751
-2.1278 1.6418
-0.42855 1.8774
-1.6336 -0.90515
-1.6336 -0.90515
-1.6336 -0.90515
-1.1687 2.694
2.2125 -0.27023
2.2125 -0.27023
1.8463 -0.1212
2.2125 -0.27023
2.0381 -1.1183
-1.055 -1.73
-1.055 -1.73
-1.055 -1.73
1.9919 1.2037
2.469 0.92647
1.9919 1.2037
2.6857 -1.3574
2.6857 -1.3574
2.6857 -1.3574
2.6857 -1.3574
-0.45049 -0.18675
-0.7353 -0.21029
1.8883 1.4614
1.8883 1.4614
1.8883 1.4614
1.6272 0.32276
1.6272 0.32276
1.6272 0.32276
1.6005 1.6545
1.7177 1.3479
1.6005 1.6545
1.6005 1.6545
-1.7864 0.24862
-1.5967 1.7323
-1.5967 1.7323
-0.8026 0.26808
-0.8026 0.26808
-0.8026 0.26808
1.6249 -1.3877
1.6249 -1.3877
1.6249 -1.3877
1.6249 -1.3877
-0.98488 -0.68291
3.8297 3.3199
1.4518 1.2003
0.9633 -0.20594
0.9633 -0.20594
0.9633 -0.20594
0.9633 -0.20594
2.0426 0.66434
1.7704 -0.06064
1.7704 -0.06064
1.7704 -0.06064
-1.8061 0.89261
-1.8061 0.89261
-0.73778 -0.43083
-0.73778 -0.43083
-0.73778 -0.43083
-0.73778 -0.43083
2.3836 -0.090054
2.3836 -0.090054
1.2735 -1.5377
1.2735 -1.5377
1.2735 -1.5377
-2.0171 0.78845
-0.35232 -0.54497
-0.35232 -0.54497
-0.3733 -0.65321
-0.35232 -0.54497
0.71747 -1.774
0.71747 -1.774
1.8078 1.2353
1.8078 1.2353
-2.3792 0.37658
2.0465 -4.4293
2.0465 -4.4293
2.0465 -4.4293
2.0465 -4.4293
0.14487 0.13194
0.14487 0.13194
0.14487 0.13194
0.14487 0.13194
1.6193 -0.13448
1.6193 -0.13448
1.6193 -0.13448
-1.7138 -0.32681
1.6092 0.54963
1.6092 0.54963
1.6092 0.54963
1.6092 0.54963
1.5352 0.74033
1.5874 -0.96031
0.97018 0.048596
0.97018 0.048596
0.78611 -0.30418
0.78611 -0.30418
0.78611 -0.30418
0.78611 -0.30418
1.1215 1.0747
2.0038 1.4215
2.0038 1.4215
2.0038 1.4215
2.0038 1.4215
0.11616 -0.44954
0.11616 -0.44954
0.11616 -0.44954
0.11616 -0.44954
-0.46641 0.59953
-0.46641 0.59953
-0.70202 -1.4865
1.1417 1.2484
1.1417 1.2484
-0.30515 0.25305
-0.30515 0.25305
-0.30515 0.25305
-0.30515 0.25305
1.8097 -1.526
1.8097 -1.526
2.3943 -2.3904
1.8819 0.29701
1.8819 0.29701
1.8819 0.29701
1.8819 0.29701
2.1507 -0.216
2.1507 -0.216
2.1507 -0.216
-0.27591 -0.64642
-0.27591 -0.64642
1.8265 -0.64713
1.8265 -0.64713
2.6348 0.92065
2.6348 0.92065
2.6348 0.92065
-0.66459 0.44584
-0.60077 0.33951
-0.60077 0.33951
0.94887 1.0839
0.94887 1.0839
0.94887 1.0839
0.52417 1.6809
0.32894 0.82059
0.32894 0.82059
0.32894 0.82059
-1.1232 0.3909
-1.1232 0.3909
-1.1232 0.3909
-1.1232 0.3909
-1.6263 -1.4277
-1.6263 -1.4277
-1.6263 -1.4277
0.51813 -1.3483
0.51813 -1.3483
-0.32543 -0.83141
-0.32543 -0.83141
-0.32543 -0.83141
0.018095 -0.7758
-1.0124 0.6224
&
