# Grace project file
#
@version 50125
@page size 792, 612
@page scroll 5%
@page inout 5%
@link page off
@map font 8 to "Courier", "Courier"
@map font 10 to "Courier-Bold", "Courier-Bold"
@map font 14 to "Courier-BoldItalic", "Courier-BoldItalic"
@map font 11 to "Courier-BoldOblique", "Courier-BoldOblique"
@map font 16 to "Courier-Italic", "Courier-Italic"
@map font 9 to "Courier-Oblique", "Courier-Oblique"
@map font 18 to "Courier-Regular", "Courier-Regular"
@map font 19 to "D050000L-Regular", "D050000L-Regular"
@map font 20 to "Dingbats-Regular", "Dingbats-Regular"
@map font 4 to "Helvetica", "Helvetica"
@map font 6 to "Helvetica-Bold", "Helvetica-Bold"
@map font 7 to "Helvetica-BoldOblique", "Helvetica-BoldOblique"
@map font 5 to "Helvetica-Oblique", "Helvetica-Oblique"
@map font 25 to "NimbusMonoL-Bold", "NimbusMonoL-Bold"
@map font 26 to "NimbusMonoL-BoldOblique", "NimbusMonoL-BoldOblique"
@map font 27 to "NimbusMonoL-Regular", "NimbusMonoL-Regular"
@map font 28 to "NimbusMonoL-RegularOblique", "NimbusMonoL-RegularOblique"
@map font 29 to "NimbusMonoPS-Bold", "NimbusMonoPS-Bold"
@map font 30 to "NimbusMonoPS-BoldItalic", "NimbusMonoPS-BoldItalic"
@map font 31 to "NimbusMonoPS-Italic", "NimbusMonoPS-Italic"
@map font 32 to "NimbusMonoPS-Regular", "NimbusMonoPS-Regular"
@map font 33 to "NimbusRoman-Bold", "NimbusRoman-Bold"
@map font 34 to "NimbusRoman-BoldItalic", "NimbusRoman-BoldItalic"
@map font 35 to "NimbusRoman-Italic", "NimbusRoman-Italic"
@map font 36 to "NimbusRoman-Regular", "NimbusRoman-Regular"
@map font 37 to "NimbusRomanNo9L-Medium", "NimbusRomanNo9L-Medium"
@map font 38 to "NimbusRomanNo9L-MediumItalic", "NimbusRomanNo9L-MediumItalic"
@map font 39 to "NimbusRomanNo9L-Regular", "NimbusRomanNo9L-Regular"
@map font 40 to "NimbusRomanNo9L-RegularItalic", "NimbusRomanNo9L-RegularItalic"
@map font 41 to "NimbusSans-Bold", "NimbusSans-Bold"
@map font 42 to "NimbusSans-BoldItalic", "NimbusSans-BoldItalic"
@map font 43 to "NimbusSans-Italic", "NimbusSans-Italic"
@map font 44 to "NimbusSans-Regular", "NimbusSans-Regular"
@map font 45 to "NimbusSansL-Bold", "NimbusSansL-Bold"
@map font 46 to "NimbusSansL-BoldCondensed", "NimbusSansL-BoldCondensed"
@map font 47 to "NimbusSansL-BoldCondensedItalic", "NimbusSansL-BoldCondensedItalic"
@map font 48 to "NimbusSansL-BoldItalic", "NimbusSansL-BoldItalic"
@map font 49 to "NimbusSansL-Regular", "NimbusSansL-Regular"
@map font 50 to "NimbusSansL-RegularCondensed", "NimbusSansL-RegularCondensed"
@map font 51 to "NimbusSansL-RegularCondensedItalic", "NimbusSansL-RegularCondensedItalic"
@map font 52 to "NimbusSansL-RegularItalic", "NimbusSansL-RegularItalic"
@map font 53 to "NimbusSansNarrow-Bold", "NimbusSansNarrow-Bold"
@map font 54 to "NimbusSansNarrow-BoldOblique", "NimbusSansNarrow-BoldOblique"
@map font 55 to "NimbusSansNarrow-Oblique", "NimbusSansNarrow-Oblique"
@map font 56 to "NimbusSansNarrow-Regular", "NimbusSansNarrow-Regular"
@map font 57 to "P052-Bold", "P052-Bold"
@map font 58 to "P052-BoldItalic", "P052-BoldItalic"
@map font 59 to "P052-Italic", "P052-Italic"
@map font 60 to "P052-Roman", "P052-Roman"
@map font 61 to "StandardSymbolsL-Regular", "StandardSymbolsL-Regular"
@map font 62 to "StandardSymbolsPS-Regular", "StandardSymbolsPS-Regular"
@map font 12 to "Symbol", "Symbol"
@map font 2 to "Times-Bold", "Times-Bold"
@map font 3 to "Times-BoldItalic", "Times-BoldItalic"
@map font 1 to "Times-Italic", "Times-Italic"
@map font 0 to "Times-Roman", "Times-Roman"
@map font 68 to "URWBookman-Demi", "URWBookman-Demi"
@map font 69 to "URWBookman-DemiItalic", "URWBookman-DemiItalic"
@map font 70 to "URWBookman-Light", "URWBookman-Light"
@map font 71 to "URWBookman-LightItalic", "URWBookman-LightItalic"
@map font 72 to "URWBookmanL-DemiBold", "URWBookmanL-DemiBold"
@map font 73 to "URWBookmanL-DemiBoldItalic", "URWBookmanL-DemiBoldItalic"
@map font 74 to "URWBookmanL-Light", "URWBookmanL-Light"
@map font 75 to "URWBookmanL-LightItalic", "URWBookmanL-LightItalic"
@map font 76 to "URWChanceryL-MediumItalic", "URWChanceryL-MediumItalic"
@map font 77 to "URWGothic-Book", "URWGothic-Book"
@map font 78 to "URWGothic-BookOblique", "URWGothic-BookOblique"
@map font 79 to "URWGothic-Demi", "URWGothic-Demi"
@map font 80 to "URWGothic-DemiOblique", "URWGothic-DemiOblique"
@map font 81 to "URWGothicL-Book", "URWGothicL-Book"
@map font 82 to "URWGothicL-BookOblique", "URWGothicL-BookOblique"
@map font 83 to "URWGothicL-Demi", "URWGothicL-Demi"
@map font 84 to "URWGothicL-DemiOblique", "URWGothicL-DemiOblique"
@map font 85 to "URWPalladioL-Bold", "URWPalladioL-Bold"
@map font 86 to "URWPalladioL-BoldItalic", "URWPalladioL-BoldItalic"
@map font 87 to "URWPalladioL-Italic", "URWPalladioL-Italic"
@map font 88 to "URWPalladioL-Roman", "URWPalladioL-Roman"
@map font 89 to "Utopia-Bold", "Utopia-Bold"
@map font 90 to "Utopia-BoldItalic", "Utopia-BoldItalic"
@map font 91 to "Utopia-Italic", "Utopia-Italic"
@map font 92 to "Utopia-Regular", "Utopia-Regular"
@map font 93 to "Z003-MediumItalic", "Z003-MediumItalic"
@map font 13 to "ZapfDingbats", "ZapfDingbats"
@map color 0 to (255, 255, 255), "white"
@map color 1 to (0, 0, 0), "black"
@map color 2 to (255, 0, 0), "red"
@map color 3 to (0, 255, 0), "green"
@map color 4 to (0, 0, 255), "blue"
@map color 5 to (255, 255, 0), "yellow"
@map color 6 to (188, 143, 143), "brown"
@map color 7 to (220, 220, 220), "grey"
@map color 8 to (148, 0, 211), "violet"
@map color 9 to (0, 255, 255), "cyan"
@map color 10 to (255, 0, 255), "magenta"
@map color 11 to (255, 165, 0), "orange"
@map color 12 to (114, 33, 188), "indigo"
@map color 13 to (103, 7, 72), "maroon"
@map color 14 to (64, 224, 208), "turquoise"
@map color 15 to (0, 139, 0), "green4"
@reference date 0
@date wrap off
@date wrap year 1950
@default linewidth 1.0
@default linestyle 1
@default color 1
@default pattern 1
@default font 0
@default char size 1.000000
@default symbol size 1.000000
@default sformat "%.8g"
@background color 0
@page background fill on
@timestamp off
@timestamp 0.03, 0.03
@timestamp color 1
@timestamp rot 0
@timestamp font 0
@timestamp char size 1.000000
@timestamp def "Sun Oct 16 19:51:58 2022"
@r0 off
@link r0 to g0
@r0 type above
@r0 linestyle 1
@r0 linewidth 1.0
@r0 color 1
@r0 line 0, 0, 0, 0
@r1 off
@link r1 to g0
@r1 type above
@r1 linestyle 1
@r1 linewidth 1.0
@r1 color 1
@r1 line 0, 0, 0, 0
@r2 off
@link r2 to g0
@r2 type above
@r2 linestyle 1
@r2 linewidth 1.0
@r2 color 1
@r2 line 0, 0, 0, 0
@r3 off
@link r3 to g0
@r3 type above
@r3 linestyle 1
@r3 linewidth 1.0
@r3 color 1
@r3 line 0, 0, 0, 0
@r4 off
@link r4 to g0
@r4 type above
@r4 linestyle 1
@r4 linewidth 1.0
@r4 color 1
@r4 line 0, 0, 0, 0
@g0 on
@g0 hidden false
@g0 type XY
@g0 stacked false
@g0 bar hgap 0.000000
@g0 fixedpoint off
@g0 fixedpoint type 0
@g0 fixedpoint xy 0.000000, 0.000000
@g0 fixedpoint format general general
@g0 fixedpoint prec 6, 6
@with g0
@    world -3, -3, 3, 3
@    stack world 0, 0, 0, 0
@    znorm 1
@    view 0.250000, 0.150000, 1.150000, 0.850000
@    title "X-Y scatter plot"
@    title font 0
@    title size 1.500000
@    title color 1
@    subtitle ""
@    subtitle font 0
@    subtitle size 1.000000
@    subtitle color 1
@    xaxes scale Normal
@    yaxes scale Normal
@    xaxes invert off
@    yaxes invert off
@    xaxis  on
@    xaxis  type zero false
@    xaxis  offset 0.000000 , 0.000000
@    xaxis  bar on
@    xaxis  bar color 1
@    xaxis  bar linestyle 1
@    xaxis  bar linewidth 1.0
@    xaxis  label "X (cm)"
@    xaxis  label layout para
@    xaxis  label place auto
@    xaxis  label char size 1.000000
@    xaxis  label font 0
@    xaxis  label color 1
@    xaxis  label place normal
@    xaxis  tick on
@    xaxis  tick major 1
@    xaxis  tick minor ticks 1
@    xaxis  tick default 6
@    xaxis  tick place rounded true
@    xaxis  tick in
@    xaxis  tick major size 1.000000
@    xaxis  tick major color 1
@    xaxis  tick major linewidth 1.0
@    xaxis  tick major linestyle 1
@    xaxis  tick major grid off
@    xaxis  tick minor color 1
@    xaxis  tick minor linewidth 1.0
@    xaxis  tick minor linestyle 1
@    xaxis  tick minor grid off
@    xaxis  tick minor size 0.500000
@    xaxis  ticklabel on
@    xaxis  ticklabel format general
@    xaxis  ticklabel prec 5
@    xaxis  ticklabel formula ""
@    xaxis  ticklabel append ""
@    xaxis  ticklabel prepend ""
@    xaxis  ticklabel angle 0
@    xaxis  ticklabel skip 0
@    xaxis  ticklabel stagger 0
@    xaxis  ticklabel place normal
@    xaxis  ticklabel offset auto
@    xaxis  ticklabel offset 0.000000 , 0.010000
@    xaxis  ticklabel start type auto
@    xaxis  ticklabel start 0.000000
@    xaxis  ticklabel stop type auto
@    xaxis  ticklabel stop 0.000000
@    xaxis  ticklabel char size 1.000000
@    xaxis  ticklabel font 0
@    xaxis  ticklabel color 1
@    xaxis  tick place both
@    xaxis  tick spec type none
@    yaxis  on
@    yaxis  type zero false
@    yaxis  offset 0.000000 , 0.000000
@    yaxis  bar on
@    yaxis  bar color 1
@    yaxis  bar linestyle 1
@    yaxis  bar linewidth 1.0
@    yaxis  label "Y (cm)"
@    yaxis  label layout para
@    yaxis  label place auto
@    yaxis  label char size 1.000000
@    yaxis  label font 0
@    yaxis  label color 1
@    yaxis  label place normal
@    yaxis  tick on
@    yaxis  tick major 1
@    yaxis  tick minor ticks 1
@    yaxis  tick default 6
@    yaxis  tick place rounded true
@    yaxis  tick in
@    yaxis  tick major size 1.000000
@    yaxis  tick major color 1
@    yaxis  tick major linewidth 1.0
@    yaxis  tick major linestyle 1
@    yaxis  tick major grid off
@    yaxis  tick minor color 1
@    yaxis  tick minor linewidth 1.0
@    yaxis  tick minor linestyle 1
@    yaxis  tick minor grid off
@    yaxis  tick minor size 0.500000
@    yaxis  ticklabel on
@    yaxis  ticklabel format general
@    yaxis  ticklabel prec 5
@    yaxis  ticklabel formula ""
@    yaxis  ticklabel append ""
@    yaxis  ticklabel prepend ""
@    yaxis  ticklabel angle 0
@    yaxis  ticklabel skip 0
@    yaxis  ticklabel stagger 0
@    yaxis  ticklabel place normal
@    yaxis  ticklabel offset auto
@    yaxis  ticklabel offset 0.000000 , 0.010000
@    yaxis  ticklabel start type auto
@    yaxis  ticklabel start 0.000000
@    yaxis  ticklabel stop type auto
@    yaxis  ticklabel stop 0.000000
@    yaxis  ticklabel char size 1.000000
@    yaxis  ticklabel font 0
@    yaxis  ticklabel color 1
@    yaxis  tick place both
@    yaxis  tick spec type none
@    altxaxis  off
@    altyaxis  off
@    legend on
@    legend loctype view
@    legend 0.6, 0.75
@    legend box color 1
@    legend box pattern 1
@    legend box linewidth 1.0
@    legend box linestyle 1
@    legend box fill color 0
@    legend box fill pattern 1
@    legend font 0
@    legend char size 1.000000
@    legend color 1
@    legend length 4
@    legend vgap 1
@    legend hgap 1
@    legend invert false
@    frame type 0
@    frame linestyle 1
@    frame linewidth 1.0
@    frame color 1
@    frame pattern 1
@    frame background color 0
@    frame background pattern 0
@    s0 hidden false
@    s0 type xy
@    s0 symbol 1
@    s0 symbol size 1.000000
@    s0 symbol color 1
@    s0 symbol pattern 1
@    s0 symbol fill color 1
@    s0 symbol fill pattern 0
@    s0 symbol linewidth 1.0
@    s0 symbol linestyle 1
@    s0 symbol char 65
@    s0 symbol char font 0
@    s0 symbol skip 0
@    s0 line type 1
@    s0 line linestyle 0
@    s0 line linewidth 1.0
@    s0 line color 1
@    s0 line pattern 1
@    s0 baseline type 0
@    s0 baseline off
@    s0 dropline off
@    s0 fill type 0
@    s0 fill rule 0
@    s0 fill color 1
@    s0 fill pattern 1
@    s0 avalue off
@    s0 avalue type 2
@    s0 avalue char size 1.000000
@    s0 avalue font 0
@    s0 avalue color 1
@    s0 avalue rot 0
@    s0 avalue format general
@    s0 avalue prec 3
@    s0 avalue prepend ""
@    s0 avalue append ""
@    s0 avalue offset 0.000000 , 0.000000
@    s0 errorbar on
@    s0 errorbar place both
@    s0 errorbar color 1
@    s0 errorbar pattern 1
@    s0 errorbar size 1.000000
@    s0 errorbar linewidth 1.0
@    s0 errorbar linestyle 1
@    s0 errorbar riser linewidth 1.0
@    s0 errorbar riser linestyle 1
@    s0 errorbar riser clip off
@    s0 errorbar riser clip length 0.100000
@    s0 comment "AfterHardFiltPhsp"
@    s0 legend  "IQ = 0 NO LATCH CHECK"
@target G0.S0
@type xy
1.3898 1.0204
1.3898 1.0204
1.3898 1.0204
1.3898 1.0204
-1.0745 1.0379
-1.0745 1.0379
-0.57801 -0.27288
-0.57801 -0.27288
-0.57801 -0.27288
-1.5645 0.71248
0.0050364 0.89033
0.0050364 0.89033
1.4728 0.035645
1.4728 0.035645
-1.3263 -0.67868
-1.3263 -0.67868
-1.3263 -0.67868
1.1256 0.3696
1.1256 0.3696
1.1256 0.3696
-1.2842 0.63126
-1.2842 0.63126
-0.79523 -0.83274
-0.79523 -0.83274
-0.79523 -0.83274
0.073954 -0.1908
0.073954 -0.1908
0.073954 -0.1908
-1.4799 0.07899
-1.4799 0.07899
-1.4799 0.07899
-1.4799 0.07899
-0.84998 0.11438
-0.84998 0.11438
-0.25363 -0.9489
0.59783 -0.18141
-1.1453 0.059921
-1.1453 0.059921
-1.1453 0.059921
-1.1453 0.059921
-0.47708 0.58073
0.69365 -0.33474
-0.24291 -0.84604
-0.24291 -0.84604
-0.24291 -0.84604
-0.24291 -0.84604
-1.2948 0.066062
-1.2948 0.066062
-1.2948 0.066062
-1.2948 0.066062
-1.4723 -0.49816
-1.4723 -0.49816
-1.4723 -0.49816
-1.4723 -0.49816
-1.2993 0.1632
-1.2993 0.1632
-1.2993 0.1632
-1.2993 0.1632
-1.0026 -0.85994
-0.43296 -0.70236
-0.43296 -0.70236
-0.43296 -0.70236
0.54337 0.68844
0.54337 0.68844
0.54337 0.68844
0.54337 0.68844
-0.22488 -0.76731
-0.22488 -0.76731
-0.22488 -0.76731
-0.22488 -0.76731
1.1328 0.71336
1.1328 0.71336
0.60924 1.0342
0.60924 1.0342
0.60924 1.0342
0.60924 1.0342
-1.3441 1.0565
-1.3441 1.0565
-0.61124 0.41116
-0.61124 0.41116
-0.53401 -0.0060647
-0.61124 0.41116
-0.28734 -1.1999
-1.4856 0.16147
-1.4856 0.16147
0.96939 0.048759
0.96939 0.048759
0.96939 0.048759
0.96939 0.048759
-1.5804 0.065291
-1.5804 0.065291
0.37799 -0.13868
0.37799 -0.13868
0.37799 -0.13868
0.76911 0.85696
0.76911 0.85696
0.76911 0.85696
0.76911 0.85696
1.6288 0.26203
1.6288 0.26203
1.6288 0.26203
-0.80282 -1.2543
-0.80282 -1.2543
-0.80282 -1.2543
-0.80282 -1.2543
0.45021 0.013176
-0.005594 0.36751
-0.005594 0.36751
-0.005594 0.36751
-0.47634 -0.11432
-0.61147 -0.4799
-0.61147 -0.4799
-0.61147 -0.4799
-1.4011 -0.98849
-1.3446 -0.71944
-1.2298 -0.91286
1.6347 -1.1463
1.6627 -1.1637
1.9819 1.2591
1.6559 0.53783
1.6559 0.53783
1.6559 0.53783
-0.43674 1.269
-0.43674 1.269
-0.43674 1.269
-0.90832 0.83778
-0.90832 0.83778
1.551 -0.021758
-1.4604 1.4822
0.11347 -0.56688
0.11347 -0.56688
0.11347 -0.56688
0.11347 -0.56688
-0.36025 -0.19807
-0.36025 -0.19807
-0.6165 -0.25053
0.9868 -0.35005
0.55603 -1.2823
0.55391 -0.68502
0.55312 -0.77516
1.1376 -0.2334
1.1739 -0.2436
1.1376 -0.2334
1.376 -0.21987
1.0479 0.41902
1.0479 0.41902
1.0479 0.41902
1.0479 0.41902
-1.3778 0.026506
-1.3177 0.042361
-1.3778 0.026506
0.47575 0.42892
0.47575 0.42892
0.47575 0.42892
0.47575 0.42892
-0.87461 2.3923
0.45946 0.91374
0.45946 0.91374
0.45946 0.91374
0.45946 0.91374
0.53062 0.87939
0.53062 0.87939
0.53062 0.87939
0.53062 0.87939
1.4932 0.40255
1.4932 0.40255
0.96146 -0.46645
0.96146 -0.46645
0.96146 -0.46645
0.96146 -0.46645
-0.03423 0.095165
-1.5633 -0.90713
-1.5633 -0.90713
-1.5633 -0.90713
-0.83969 0.82975
-0.83969 0.82975
-0.81962 0.95878
-0.60803 0.92068
-0.93448 1.0871
-0.93448 1.0871
-0.93812 -0.80977
-0.93812 -0.80977
-0.54959 0.64401
-0.54959 0.64401
0.7402 -1.2454
0.7402 -1.2454
0.7402 -1.2454
-0.19071 0.1779
-0.0015622 0.478
-0.0015622 0.478
-0.39575 -0.8139
-0.39575 -0.8139
-0.8354 -0.16708
-0.90996 -0.14387
-0.8354 -0.16708
-0.8354 -0.16708
-1.2213 0.75779
-1.2213 0.75779
-1.2213 0.75779
-1.2213 0.75779
1.0734 1.1046
-1.2972 0.25577
-1.2972 0.25577
-1.2972 0.25577
-1.2375 -1.1643
1.0773 0.91824
0.68503 -0.63111
0.68503 -0.63111
0.68503 -0.63111
0.68503 -0.63111
-1.7312 -0.53715
-1.7312 -0.53715
-1.7312 -0.53715
-1.7312 -0.53715
-1.1509 0.086521
-1.1509 0.086521
-1.1336 -0.7679
-1.1336 -0.7679
-1.1336 -0.7679
-1.1336 -0.7679
-0.53269 -0.60905
-1.7708 0.2222
-1.7708 0.2222
0.48412 0.13699
1.3974 -0.010889
-0.94515 1.115
-0.94515 1.115
-0.94515 1.115
-0.94515 1.115
-0.5568 1.1197
-0.5568 1.1197
-0.5568 1.1197
-1.2359 -0.45319
-1.2359 -0.45319
-1.2359 -0.45319
-1.2359 -0.45319
-1.0314 0.75186
0.55374 2.9878
-1.3002 0.91077
-1.3002 0.91077
-0.62548 -0.14245
-0.62548 -0.14245
-0.62548 -0.14245
0.56322 -0.79149
-0.27079 -0.11804
-0.27079 -0.11804
-0.27079 -0.11804
-0.27079 -0.11804
-1.12 0.39374
-1.0818 0.42223
-1.2968 -0.28269
-0.94433 -0.29839
-0.94433 -0.29839
-1.3033 0.49506
-1.3033 0.49506
-1.3033 0.49506
-1.5654 0.70664
-1.5654 0.70664
-0.96961 -1.1924
-0.96961 -1.1924
-0.96961 -1.1924
-0.96961 -1.1924
1.0779 1.0689
1.0779 1.0689
-0.20389 -1.242
-0.20389 -1.242
-0.20389 -1.242
-0.20389 -1.242
-1.2138 0.24812
0.11842 -0.75367
1.4244 -0.9833
1.4244 -0.9833
1.0016 0.29505
1.2682 0.12145
1.2682 0.12145
1.2682 0.12145
0.85805 -0.079109
0.86384 -0.082614
0.86384 -0.082614
0.86384 -0.082614
-1.1769 -0.406
-1.1769 -0.406
-1.1769 -0.406
1.6614 -0.13906
1.6934 -0.17558
0.71874 -1.2451
0.71874 -1.2451
0.016224 0.55062
0.016224 0.55062
0.016224 0.55062
-1.5731 -0.098491
-1.5731 -0.098491
-1.5731 -0.098491
-1.5731 -0.098491
-0.74991 -0.66296
1.5119 -0.28208
1.5119 -0.28208
1.5119 -0.28208
-0.62442 0.89884
-0.62442 0.89884
-0.62442 0.89884
0.44347 -0.27271
0.44347 -0.27271
0.44347 -0.27271
0.44347 -0.27271
-0.79894 0.47319
-0.79894 0.47319
-0.79894 0.47319
-1.6467 0.36668
-1.6467 0.36668
-1.6467 0.36668
-1.6467 0.36668
-1.1471 -0.64725
-1.1471 -0.64725
-1.1471 -0.64725
-1.1471 -0.64725
0.51509 0.26107
0.58222 0.10746
1.0441 0.45553
1.0441 0.45553
1.0441 0.45553
1.0441 0.45553
0.87408 -0.4591
0.87408 -0.4591
0.87408 -0.4591
1.3391 -1.0798
1.3391 -1.0798
1.3391 -1.0798
0.4521 0.24005
0.4521 0.24005
0.4521 0.24005
1.7997 -0.99248
1.7997 -0.99248
-0.71491 0.61307
-0.71491 0.61307
-0.71491 0.61307
-0.71491 0.61307
-1.6376 -0.61041
-1.2205 1.1274
-1.2205 1.1274
-1.2205 1.1274
-1.2205 1.1274
1.5946 -1.0241
1.5946 -1.0241
1.5946 -1.0241
1.5946 -1.0241
1.4822 -0.70947
1.4822 -0.70947
1.4822 -0.70947
1.5541 -0.41695
-1.1933 -0.76253
1.5716 0.32376
1.5716 0.32376
1.5716 0.32376
1.5716 0.32376
-1.5537 -0.76016
-1.5537 -0.76016
-1.5537 -0.76016
-1.5537 -0.76016
-1.6584 -1.1248
-1.6584 -1.1248
-1.6584 -1.1248
-0.58606 -0.9862
-0.58606 -0.9862
-0.58606 -0.9862
-0.58606 -0.9862
1.118 0.36569
1.118 0.36569
1.118 0.36569
0.11393 -0.74758
0.11393 -0.74758
0.76254 0.18972
0.78443 0.14709
0.78443 0.14709
-0.21692 -0.49652
-0.21692 -0.49652
1.2627 -1.165
1.2627 -1.165
1.2627 -1.165
1.2627 -1.165
-1.6623 0.65876
-1.3331 0.80986
-1.6623 0.65876
1.7446 -1.066
1.7446 -1.066
0.61381 -0.19526
0.61381 -0.19526
0.61381 -0.19526
0.61381 -0.19526
-1.0078 0.81006
-1.0139 0.85944
-1.1016 -1.0183
-1.1016 -1.0183
-1.1016 -1.0183
-1.1016 -1.0183
1.1433 -0.41379
1.1433 -0.41379
1.1433 -0.41379
-1.1017 1.2107
-1.5194 -0.35246
-1.5194 -0.35246
-1.5194 -0.35246
-1.5194 -0.35246
0.22896 -0.76296
0.22896 -0.76296
0.22896 -0.76296
0.22896 -0.76296
1.1134 -0.2076
1.1134 -0.2076
-0.76342 -0.61131
-0.76342 -0.61131
-0.76342 -0.61131
-0.76342 -0.61131
-1.6573 -0.96018
-1.6726 -0.98569
0.70488 0.4217
0.70488 0.4217
0.65871 0.59207
0.70488 0.4217
-0.4345 -0.32373
-0.4345 -0.32373
-0.4345 -0.32373
2.5888 0.4663
-0.42972 -0.35082
1.2336 1.0565
1.2336 1.0565
1.2336 1.0565
1.3728 0.10341
1.3728 0.10341
1.3728 0.10341
0.42834 0.58234
0.42834 0.58234
0.42834 0.58234
1.0454 -0.81565
1.0454 -0.81565
1.0454 -0.81565
1.0454 -0.81565
-1.626 0.58403
-1.626 0.58403
-1.626 0.58403
0.97138 -0.25884
0.97138 -0.25884
0.97138 -0.25884
0.97138 -0.25884
-0.96262 0.8989
-0.96262 0.8989
-0.22544 -1.1738
-0.22544 -1.1738
-0.22544 -1.1738
-0.22544 -1.1738
-0.026239 -0.45257
-0.026239 -0.45257
-0.026239 -0.45257
-0.86975 0.31265
-0.46365 0.78413
0.25252 1.0163
0.1125 -1.1042
0.1125 -1.1042
0.2374 0.82285
0.056797 0.14791
0.056797 0.14791
0.056797 0.14791
0.056797 0.14791
2.0403 0.86543
1.8049 0.83835
-1.5664 0.37297
-1.5664 0.37297
-1.5664 0.37297
-1.5664 0.37297
1.2018 -0.51237
1.2018 -0.51237
1.2018 -0.51237
1.2018 -0.51237
0.86176 1.1312
0.86176 1.1312
0.86176 1.1312
0.86176 1.1312
-0.50339 1.2504
-0.50339 1.2504
-0.50339 1.2504
0.66138 -0.92397
0.66138 -0.92397
-1.0514 -0.84681
-1.0514 -0.84681
-1.0514 -0.84681
1.2839 0.48415
-1.1721 0.57858
-1.1721 0.57858
-1.1721 0.57858
-1.1721 0.57858
1.4503 -0.3229
-0.99391 -1.0145
-0.99391 -1.0145
-0.99391 -1.0145
-1.2845 0.13079
-1.2645 0.19004
-1.2645 0.19004
-0.83953 1.202
-0.83953 1.202
-0.83953 1.202
-1.235 1.1389
-0.59671 -1.1282
-0.59671 -1.1282
-0.59671 -1.1282
0.55732 0.49694
0.63255 0.62486
0.55732 0.49694
1.5756 -1.1942
0.022141 -0.23556
0.022141 -0.23556
0.022141 -0.23556
0.594 -0.34231
0.594 -0.34231
0.75987 -0.3151
-1.5506 -1.2056
0.68387 -0.096603
0.68387 -0.096603
0.68387 -0.096603
-1.0449 0.15866
-0.60416 0.015819
-0.60416 0.015819
-0.60416 0.015819
-0.60416 0.015819
0.18363 0.92351
0.18363 0.92351
0.18363 0.92351
0.18363 0.92351
0.82672 -1.1392
-1.3571 0.32375
-1.727 0.40039
-1.2355 0.25214
-1.525 -0.099025
-1.5709 0.078542
-1.2072 0.52379
-1.3274 0.31811
-1.4424 0.40915
-1.5165 0.22769
-1.3245 0.17237
-1.445 0.16932
-1.3377 0.25341
-1.4971 0.48851
-1.1937 0.41214
-1.3538 0.46528
-1.4185 0.20225
-1.32 0.32278
-2.13 -0.4687
-1.9892 0.43492
-1.538 0.41579
-1.2058 -0.30108
-1.5059 0.32299
-1.6103 0.14867
-1.4672 0.37744
-1.5695 0.15962
-1.3776 0.27356
-1.7926 0.13949
-1.6082 0.10519
-1.1896 0.19965
-1.0584 0.80443
-1.0795 -0.81195
-1.993 -0.085546
-1.4623 0.51194
-1.3244 0.55677
-1.5533 0.26593
-1.36 0.18369
-1.4991 0.20233
-1.4446 0.15946
-1.4146 0.361
-1.3454 0.247
-1.3641 0.36377
-1.1492 0.046715
-1.3713 0.38014
-1.3866 0.24098
-1.2055 -1.9504
-1.3605 0.27775
-1.2508 0.3458
-0.52045 1.2785
-1.0178 -2.6749
-1.6949 0.17379
-1.543 0.33843
-1.4673 0.38738
-1.6756 0.32941
-1.4643 0.29633
-1.2995 0.60613
-1.5565 -0.0065584
-1.2956 0.52411
-1.406 0.46701
-1.5781 0.049791
-1.4615 0.14358
-1.7273 0.55156
-1.358 0.21416
-1.3493 0.30547
-1.1774 0.14314
-1.1412 0.25103
-1.2696 0.30311
-1.7035 0.44161
-1.1538 0.16118
-1.2119 0.20982
-1.8794 0.79211
-0.93869 0.4025
-1.4315 0.31581
-1.3792 0.16429
-1.439 0.46028
-1.4569 0.25408
-1.2309 -0.037974
-1.2225 0.36387
-1.3953 0.28667
-1.2783 0.1859
-1.5364 0.42497
-1.402 0.043607
-1.8141 0.95707
-1.2812 0.0065399
-1.4363 0.25139
-1.0635 0.46372
-1.3818 1.664
-1.2255 0.39193
-1.4354 0.22502
-1.4146 0.24613
-1.6039 0.14366
-1.3269 0.28835
-0.92103 -0.051508
-1.496 0.23625
-1.1967 0.14033
-1.5291 0.085509
-1.3089 0.10062
-1.391 0.35835
-1.5945 0.36585
-1.1634 0.26991
-1.5797 0.42729
-1.5894 0.12172
-1.3416 0.29404
-1.3778 0.1777
-1.1749 0.017261
-1.278 0.33434
-1.3378 0.20897
-1.5152 0.17619
-1.6179 0.10978
-1.3633 0.53095
-1.5935 0.49326
-1.361 0.36148
-1.3798 0.38743
-1.3104 0.24789
-1.7467 0.56597
-1.3864 0.34792
-1.2822 0.24451
-1.3309 0.53401
-1.4101 0.25879
-1.4934 0.51301
-1.4176 0.39918
-0.99968 0.23854
-1.528 -0.072347
-1.1692 0.60058
-1.3554 0.28384
-0.67534 0.72219
-1.2542 0.32652
-1.3457 0.41284
-1.2564 0.31905
-1.0572 0.49231
-1.3431 0.23258
-0.84322 -0.42615
-1.3851 0.26417
-1.4403 0.31823
-1.3025 0.46312
-1.237 0.193
-1.4953 0.31678
-1.4602 0.42975
-1.4051 -0.031514
-1.6332 0.53801
-1.2857 0.11155
-1.3424 0.33022
-1.2459 0.38507
-1.4091 -0.043841
-1.7381 0.43363
-1.2956 -0.031814
-1.9774 -0.38704
-1.4829 0.68928
-1.0181 -0.43733
-1.4025 0.40978
-1.1814 0.49887
-1.6523 0.46916
-1.691 0.51291
-1.2857 0.17987
-1.4279 0.22452
-1.3571 0.32375
1.5542 -0.27066
1.0719 0.90069
-0.97564 -1.2611
-0.97564 -1.2611
1.4761 -1.2479
1.4761 -1.2479
1.4761 -1.2479
1.4761 -1.2479
-0.53001 1.0127
1.4012 -1.2208
1.4012 -1.2208
1.4012 -1.2208
1.4012 -1.2208
0.48335 0.32523
0.031975 -0.061335
0.031975 -0.061335
0.031975 -0.061335
-0.028094 0.62342
-0.028094 0.62342
-0.045185 0.55315
-1.0035 0.5753
1.0717 -0.70137
0.78916 -0.52046
0.78916 -0.52046
0.78916 -0.52046
0.49131 0.54422
-1.027 -0.923
-1.027 -0.923
0.77669 0.16741
0.77669 0.16741
0.77669 0.16741
-0.15283 -0.86971
-0.15283 -0.86971
1.1206 0.83596
1.1206 0.83596
1.1206 0.83596
-1.2347 1.0402
-1.1432 0.23079
-1.1432 0.23079
-1.1432 0.23079
-1.1432 0.23079
-1.3768 -0.5228
-1.3768 -0.5228
-1.3768 -0.5228
1.029 -0.67821
1.029 -0.67821
1.029 -0.67821
1.029 -0.67821
-0.18619 0.72913
-0.18619 0.72913
-1.6613 -0.63526
-1.6613 -0.63526
-1.6613 -0.63526
-1.6613 -0.63526
-0.73364 0.82644
-0.73364 0.82644
-0.73364 0.82644
0.1583 -0.43067
0.1583 -0.43067
0.1583 -0.43067
0.1583 -0.43067
-0.31189 0.55457
-0.31189 0.55457
-0.31189 0.55457
1.4985 0.57802
1.4985 0.57802
1.4985 0.57802
1.4985 0.57802
-1.7136 -0.96179
-1.3584 -0.31323
-1.3584 -0.31323
-1.0776 0.78412
-1.0776 0.78412
0.47561 -0.31056
0.47561 -0.31056
-0.97209 0.70401
-0.033619 0.084289
-0.033619 0.084289
-0.033619 0.084289
-0.033619 0.084289
-1.6719 0.58582
-1.6719 0.58582
-1.6719 0.58582
0.31233 -1.1102
-0.21341 0.68194
-0.21341 0.68194
-0.21341 0.68194
-0.21341 0.68194
-1.3138 0.26686
-1.3138 0.26686
-1.3138 0.26686
-1.3138 0.26686
-0.18035 -0.053576
-0.18035 -0.053576
-0.18035 -0.053576
-0.18035 -0.053576
-1.2337 0.54658
-1.2337 0.54658
1.0723 0.29197
1.0723 0.29197
1.0723 0.29197
1.352 0.78976
1.352 0.78976
0.0061093 0.85008
0.0061093 0.85008
0.0061093 0.85008
0.89118 1.1019
0.89118 1.1019
0.038232 0.69941
0.038232 0.69941
0.5766 0.59411
0.5766 0.59411
0.5766 0.59411
0.96105 0.17716
0.81505 0.30454
0.81505 0.30454
-0.31898 0.77572
1.2251 0.24579
1.6173 -0.64039
1.6173 -0.64039
-0.15356 -0.19453
-0.15356 -0.19453
-1.0989 -0.46052
-1.0989 -0.46052
-0.54446 -0.22113
-0.54446 -0.22113
-0.54446 -0.22113
-0.54446 -0.22113
-1.6512 -0.5413
-1.6512 -0.5413
-1.6512 -0.5413
1.4074 -0.020362
1.4074 -0.020362
1.4074 -0.020362
1.4074 -0.020362
0.95818 0.052954
0.95818 0.052954
1.4782 -0.15311
1.4782 -0.15311
-1.0977 -0.31554
-0.90661 -0.51276
-0.90661 -0.51276
-0.90661 -0.51276
-0.91121 1.2682
-0.91121 1.2682
1.6685 -0.23594
1.5546 1.3312
1.7047 -1.0704
-0.44344 -0.91143
-0.44344 -0.91143
-0.54287 -0.89932
-0.44344 -0.91143
1.5443 -0.049451
1.5443 -0.049451
1.5443 -0.049451
1.5443 -0.049451
1.1956 -1.187
1.1956 -1.187
1.1956 -1.187
0.89622 -1.0231
0.89622 -1.0231
0.89622 -1.0231
1.0839 0.67075
1.0839 0.67075
1.0839 0.67075
-0.91212 0.86058
-1.536 0.11835
0.13836 -0.94512
0.13836 -0.94512
0.13836 -0.94512
-1.2247 -0.51183
-1.2247 -0.51183
-1.2247 -0.51183
-1.2247 -0.51183
0.91508 1.1428
1.0638 1.1383
0.91508 1.1428
0.91508 1.1428
1.0767 -1.242
0.99664 1.1833
0.99664 1.1833
0.024883 -0.11893
0.024883 -0.11893
0.66992 -0.39386
0.73847 -0.71481
0.66992 -0.39386
-1.6582 0.10194
-1.6582 0.10194
-1.6582 0.10194
-1.6582 0.10194
-0.40296 0.89736
-0.40296 0.89736
1.5749 0.7413
1.5749 0.7413
1.5749 0.7413
-1.2557 -1.023
-1.2557 -1.023
-1.2603 -1.0009
0.32956 -0.14814
0.32956 -0.14814
0.32956 -0.14814
1.3139 -0.026364
1.3139 -0.026364
1.3139 -0.026364
-0.48453 -0.87138
-0.48453 -0.87138
-0.48453 -0.87138
-0.48453 -0.87138
-0.5626 -0.12794
-1.6088 -0.89826
0.62773 -1.2492
0.62773 -1.2492
0.78524 1.2106
0.78524 1.2106
0.78524 1.2106
0.78524 1.2106
1.2577 1.0452
1.2577 1.0452
1.2577 1.0452
1.2577 1.0452
-1.2962 -0.066312
-1.2962 -0.066312
-1.2962 -0.066312
-0.3865 0.30956
0.8795 -0.28487
0.8795 -0.28487
0.8795 -0.28487
0.8795 -0.28487
-0.5285 0.1814
1.3453 0.432
1.3453 0.432
1.3453 0.432
1.3453 0.432
0.11861 -0.82814
0.11861 -0.82814
0.11861 -0.82814
0.11861 -0.82814
0.68058 -1.0004
0.68058 -1.0004
0.2533 -0.18281
0.2533 -0.18281
0.2533 -0.18281
-0.17561 1.1015
-0.17561 1.1015
0.54924 -0.78886
0.54924 -0.78886
-1.5648 1.2849
-1.5648 1.2849
-1.4135 -1.0449
-1.4135 -1.0449
-1.4135 -1.0449
0.25191 0.044615
-0.83533 -0.46738
-0.83533 -0.46738
-0.83533 -0.46738
-0.83533 -0.46738
-0.40982 0.36141
0.9918 -0.71366
0.9918 -0.71366
0.9918 -0.71366
-0.63901 -0.47552
-0.63901 -0.47552
-1.5183 -0.48749
-0.29645 0.30346
-0.46914 0.17358
-0.29645 0.30346
1.0418 0.52436
1.0619 0.57412
1.0418 0.52436
0.66165 -0.19317
-0.14633 -0.096485
-0.34648 -0.78715
-0.34648 -0.78715
-0.44721 -0.90487
-0.34648 -0.78715
-1.2179 0.18347
-1.2179 0.18347
-0.62118 0.52172
-0.62118 0.52172
1.8091 -0.30729
1.5827 -2.1711
0.48009 -0.94958
0.48009 -0.94958
0.48009 -0.94958
0.10359 -0.30257
0.10359 -0.30257
0.10359 -0.30257
0.10359 -0.30257
0.085246 0.50705
0.085246 0.50705
0.085246 0.50705
-1.4907 -1.123
-1.4907 -1.123
0.65169 -0.64653
-0.77616 0.37073
-0.77616 0.37073
-0.77616 0.37073
0.036681 0.75614
0.036681 0.75614
0.036681 0.75614
1.4833 -0.30405
1.4833 -0.30405
1.4833 -0.30405
1.4833 -0.30405
-1.7905 -0.99852
-1.7905 -0.99852
-1.7905 -0.99852
0.14241 -1.1745
0.14241 -1.1745
0.14241 -1.1745
0.14241 -1.1745
-1.2122 -0.72142
-1.2122 -0.72142
-1.2122 -0.72142
-1.3695 0.55473
-1.3695 0.55473
-1.3695 0.55473
-0.57509 0.91935
-0.57509 0.91935
-1.1538 0.83769
-1.1538 0.83769
-1.1538 0.83769
-1.4781 0.79114
-1.4781 0.79114
-1.4781 0.79114
-0.70638 -0.37328
-0.70638 -0.37328
-0.70638 -0.37328
1.2167 0.77777
0.018864 0.025467
0.018864 0.025467
0.018864 0.025467
0.018864 0.025467
0.19449 0.41882
0.19449 0.41882
-0.31839 0.17375
-1.7541 0.35472
-1.7541 0.35472
1.5917 0.21335
1.5917 0.21335
1.5917 0.21335
-0.87866 0.50254
-0.52984 0.29284
-0.52984 0.29284
-0.52984 0.29284
-1.1889 0.13862
-1.1889 0.13862
-1.1889 0.13862
1.2395 0.85452
1.2395 0.85452
1.2395 0.85452
1.7077 0.8692
1.7077 0.8692
1.7077 0.8692
-0.99785 -0.14153
-1.0726 -1.267
-1.054 -1.3285
-1.0726 -1.267
1.0654 -0.1067
1.0654 -0.1067
1.0654 -0.1067
-1.2267 -0.10024
-1.2267 -0.10024
-1.2267 -0.10024
1.4565 0.27285
1.4565 0.27285
1.3312 -1.0631
1.3312 -1.0631
1.3312 -1.0631
1.3031 0.86104
1.3031 0.86104
-0.09381 -0.56405
-0.09381 -0.56405
-0.09381 -0.56405
-0.44239 -0.86257
-0.44239 -0.86257
-1.015 -2.183
-0.9303 0.15383
-0.87486 0.16056
-1.1168 -0.0038191
-0.87486 0.16056
1.3061 0.8616
-0.063992 -0.26072
-0.063992 -0.26072
-0.063992 -0.26072
-0.063992 -0.26072
-0.39213 -1.0789
-0.39213 -1.0789
-0.39213 -1.0789
0.16051 0.41894
0.16051 0.41894
0.16051 0.41894
-0.82917 0.090401
-0.82917 0.090401
-0.82917 0.090401
-0.82917 0.090401
-1.2475 -0.68083
-1.2475 -0.68083
1.367 1.1546
1.1276 0.31106
1.1276 0.31106
0.020597 -0.27413
-0.37391 0.34281
-0.37391 0.34281
-0.37391 0.34281
0.8271 -0.18795
1.5785 1.0003
1.5785 1.0003
-0.057939 0.70441
-0.057939 0.70441
-0.057939 0.70441
0.67701 -0.86756
1.3205 0.82868
1.3205 0.82868
1.3205 0.82868
-0.38003 -0.45568
-0.38003 -0.45568
-0.38003 -0.45568
-0.38003 -0.45568
-0.71285 0.87729
-0.71285 0.87729
-0.71285 0.87729
1.2239 1.0533
1.2239 1.0533
0.5997 -0.57882
0.5997 -0.57882
1.4234 -0.38357
1.4234 -0.38357
0.43768 -0.39657
0.43768 -0.39657
0.43768 -0.39657
-1.2762 -0.67578
-1.2762 -0.67578
-1.2762 -0.67578
-1.473 -0.85426
-1.473 -0.85426
-1.473 -0.85426
1.2364 -0.45798
1.2468 -0.37692
1.2364 -0.45798
-1.0274 1.3814
1.3788 -0.94374
1.2899 -1.0734
0.78648 -0.35853
0.78648 -0.35853
0.78648 -0.35853
-0.65288 1.1231
-0.65288 1.1231
-1.4136 -1.0397
-0.29796 -0.10169
-0.29796 -0.10169
-0.29725 0.052535
0.79781 0.41568
0.79781 0.41568
-1.3965 0.50464
-1.3965 0.50464
-1.3965 0.50464
0.76745 1.0474
0.76745 1.0474
0.76745 1.0474
-1.2463 0.7936
-1.2463 0.7936
-1.2463 0.7936
1.6634 0.21271
1.6634 0.21271
1.5156 -0.58104
1.5156 -0.58104
1.5156 -0.58104
1.5156 -0.58104
0.49119 -0.17702
-1.3263 1.0909
-1.3263 1.0909
0.87423 0.18195
1.2422 -0.47813
1.2422 -0.47813
0.35278 -1.2743
0.35278 -1.2743
-1.4912 -0.48554
1.4721 -0.55366
1.4721 -0.55366
1.4721 -0.55366
1.4721 -0.55366
0.69433 -0.48416
0.69433 -0.48416
-1.1316 0.687
-1.1316 0.687
1.3286 -0.56275
1.3286 -0.56275
1.3286 -0.56275
1.3286 -0.56275
-0.061398 0.61023
-0.061398 0.61023
-0.061398 0.61023
0.3476 0.61664
0.36949 0.62519
-0.78715 -0.2137
-0.78715 -0.2137
-0.78715 -0.2137
-0.78715 -0.2137
0.84514 0.035481
0.84514 0.035481
1.416 -1.2912
1.5254 -1.3401
1.416 -1.2912
-0.6719 -0.42674
-0.6719 -0.42674
-0.6719 -0.42674
-1.7683 -0.77211
-1.7683 -0.77211
-0.096723 1.2812
-0.096723 1.2812
-0.096723 1.2812
-2.0696 0.66384
-1.6518 0.18974
-1.6518 0.18974
-1.5046 1.0127
-1.5046 1.0127
-1.5046 1.0127
-0.46862 0.98078
-0.66306 1.0363
-0.66306 1.0363
0.49874 -0.19654
-0.031398 1.0834
0.33394 -0.659
0.33394 -0.659
0.33394 -0.659
-1.3334 0.08314
-1.3334 0.08314
-1.3334 0.08314
-1.3334 0.08314
-1.2763 -0.41508
-1.2763 -0.41508
-1.2763 -0.41508
-1.2763 -0.41508
-1.3011 -0.44843
-1.3011 -0.44843
0.64138 -0.60646
0.64138 -0.60646
-0.79561 0.31182
-0.62149 -1.1898
-0.62149 -1.1898
-0.62149 -1.1898
-0.16866 -1.189
-0.16866 -1.189
-0.16866 -1.189
-1.2591 0.28265
-1.2591 0.28265
-1.3205 0.24099
-0.89985 1.1182
1.3304 0.32636
1.3304 0.32636
1.3304 0.32636
1.3304 0.32636
1.367 0.40657
1.367 0.40657
1.367 0.40657
1.3568 -0.0076446
1.3568 -0.0076446
1.3568 -0.0076446
1.3568 -0.0076446
0.21688 0.77735
-0.80743 0.27623
-0.80743 0.27623
-0.80743 0.27623
-0.80743 0.27623
1.1478 0.3309
1.497 0.63576
1.497 0.63576
-1.6803 0.83029
-1.6803 0.83029
-1.6803 0.83029
-1.2198 -0.14942
-1.2198 -0.14942
1.6695 -1.1813
1.6695 -1.1813
1.6977 -1.214
-0.035757 -0.43888
-0.035757 -0.43888
-0.035757 -0.43888
-0.035757 -0.43888
1.3842 1.1776
1.3842 1.1776
0.15451 -0.46249
0.15451 -0.46249
0.15208 0.20729
0.15208 0.20729
0.15208 0.20729
-1.572 -0.67618
-1.572 -0.67618
-1.572 -0.67618
-1.572 -0.67618
0.21756 -1.0922
0.21756 -1.0922
0.21756 -1.0922
1.5492 -0.44833
1.5235 1.2609
1.5235 1.2609
1.5235 1.2609
0.65565 -0.32172
0.65565 -0.32172
0.40859 -0.55599
-0.28975 0.95846
1.2398 -0.9888
1.2398 -0.9888
-1.6261 0.37299
-1.6261 0.37299
-1.6261 0.37299
-1.6261 0.37299
0.41831 1.521
0.41831 1.521
0.41831 1.521
-1.3202 -1.0184
-1.3202 -1.0184
-1.3202 -1.0184
-1.3202 -1.0184
1.4453 -0.55718
1.4453 -0.55718
1.4453 -0.55718
1.4453 -0.55718
1.3119 0.66096
1.3119 0.66096
1.3119 0.66096
1.3119 0.66096
-1.4988 0.31827
-1.5004 -0.036938
-1.4988 0.31827
-1.4988 0.31827
-0.13701 -0.53247
-0.13701 -0.53247
-0.13701 -0.53247
0.34044 0.4776
0.34044 0.4776
0.34044 0.4776
0.86486 1.2292
0.86486 1.2292
-0.70173 -0.74771
-0.70173 -0.74771
-0.70173 -0.74771
-0.70173 -0.74771
-1.3976 -0.78102
-1.3976 -0.78102
-1.3383 -0.51474
-0.29694 0.37024
-0.29694 0.37024
-0.29694 0.37024
0.66064 0.43571
0.66064 0.43571
0.66064 0.43571
0.66064 0.43571
0.48636 -1.141
0.48636 -1.141
0.48636 -1.141
0.48636 -1.141
-0.60706 0.16811
-0.60706 0.16811
0.00024757 -1.1912
0.00024757 -1.1912
0.00024757 -1.1912
0.99619 -1.2165
0.99619 -1.2165
0.82198 -0.0059574
0.82198 -0.0059574
0.82198 -0.0059574
0.495 -0.27288
0.495 -0.27288
0.44036 0.87609
0.44036 0.87609
0.44036 0.87609
-0.45086 0.23053
-0.45086 0.23053
0.39224 0.45787
-1.6874 -0.74231
-1.6874 -0.74231
-1.6874 -0.74231
-0.74991 -0.27741
-0.41828 0.053728
-0.38579 0.081974
-0.15834 -0.98664
-0.15834 -0.98664
-0.15834 -0.98664
-0.15834 -0.98664
0.94996 -0.55702
0.94996 -0.55702
-0.65009 0.40742
-0.65009 0.40742
-0.65009 0.40742
-0.65009 0.40742
-0.95802 0.32881
-0.95802 0.32881
-0.95802 0.32881
-1.2634 0.4281
-1.2634 0.4281
1.0264 -0.34811
1.0264 -0.34811
-0.066094 1.0562
-1.1921 -1.1619
-1.1921 -1.1619
1.2101 -0.46148
1.2101 -0.46148
1.0337 -1.7293
1.0337 -1.7293
1.0337 -1.7293
1.0337 -1.7293
-1.7524 -0.04573
-1.7524 -0.04573
-1.8025 -0.24914
-0.72685 1.1025
-0.72685 1.1025
-0.72685 1.1025
-0.72685 1.1025
1.2139 0.94974
1.2139 0.94974
1.2139 0.94974
-0.71345 -0.78931
-0.71345 -0.78931
1.1318 -0.3785
1.1318 -0.3785
-0.40763 1.1577
-0.40763 1.1577
-0.40763 1.1577
-0.40763 1.1577
0.38967 1.2868
0.38967 1.2868
0.38967 1.2868
0.38967 1.2868
-0.19152 -0.92148
-0.19152 -0.92148
-0.19152 -0.92148
-0.40042 0.99998
-0.40042 0.99998
-0.40042 0.99998
-0.40042 0.99998
-0.24218 -0.84642
-0.24218 -0.84642
-0.24218 -0.84642
-0.32138 -0.71008
-0.32138 -0.71008
-0.32138 -0.71008
-0.32138 -0.71008
-0.92914 0.65744
-0.25858 0.037875
-0.25858 0.037875
-0.25858 0.037875
1.3499 1.033
1.3499 1.033
1.3499 1.033
1.3499 1.033
1.103 1.116
1.103 1.116
1.103 1.116
0.56619 -0.5228
0.56619 -0.5228
0.56619 -0.5228
-1.5162 0.24035
-1.5273 0.22316
1.1876 0.88596
1.2218 0.90276
-0.43912 -1.2188
-0.43912 -1.2188
-0.43912 -1.2188
-1.1821 -0.72402
-1.1821 -0.72402
-1.1821 -0.72402
-1.1821 -0.72402
1.6015 -0.3711
1.6015 -0.3711
1.2284 0.27559
1.2284 0.27559
1.2284 0.27559
-0.49302 -0.03636
-0.72892 -0.26242
0.14136 -0.38163
0.14136 -0.38163
0.14136 -0.38163
0.14136 -0.38163
-1.3276 -0.023416
-1.3276 -0.023416
-1.2701 0.70846
-1.2701 0.70846
-1.2701 0.70846
-1.2701 0.70846
1.5359 1.2119
-0.60797 -1.2991
0.19432 -1.1614
0.19432 -1.1614
0.19432 -1.1614
-0.63377 0.33897
-0.63377 0.33897
-0.63377 0.33897
-0.63377 0.33897
0.066975 -0.28081
0.066975 -0.28081
1.4618 0.078251
1.4618 0.078251
1.4618 0.078251
1.4618 0.078251
-1.461 -1.0013
-1.5354 -1.1328
-0.086476 0.97995
-0.086476 0.97995
-0.086476 0.97995
0.38355 -1.0064
0.38355 -1.0064
0.38355 -1.0064
0.38355 -1.0064
-0.085278 1.2007
-0.085278 1.2007
-0.085278 1.2007
-0.085278 1.2007
-1.0735 -1.1894
-1.0735 -1.1894
-1.8704 -0.10646
-0.74766 -0.010932
-0.78714 0.048437
1.5706 1.0509
1.5706 1.0509
1.5706 1.0509
1.1784 1.1454
1.1784 1.1454
-1.0346 0.0072088
-1.0346 0.0072088
-1.0346 0.0072088
-0.49489 0.86512
-0.41984 0.79733
-0.49489 0.86512
1.2365 1.1924
1.1595 0.58916
1.1595 0.58916
1.1595 0.58916
1.643 0.80053
1.643 0.80053
1.643 0.80053
1.4586 0.55019
0.9891 1.0616
0.42875 -0.33831
1.3344 0.41866
1.7295 0.36573
-0.62011 -1.2489
-1.0979 -0.0075817
-1.0979 -0.0075817
-1.0979 -0.0075817
-1.0066 0.66683
-1.0066 0.66683
-1.0066 0.66683
1.3441 -0.1266
0.63354 -1.1693
0.63354 -1.1693
0.63354 -1.1693
0.37546 -0.537
0.6308 0.79639
0.6308 0.79639
0.6308 0.79639
0.72262 0.087077
0.72262 0.087077
0.72262 0.087077
0.72262 0.087077
-0.99994 -0.73209
-0.98397 -0.72256
-0.98397 -0.72256
-0.98397 -0.72256
0.72832 -0.34659
-0.10835 -1.2268
-0.10835 -1.2268
-0.10835 -1.2268
-0.10835 -1.2268
0.36641 0.81191
0.36641 0.81191
0.36641 0.81191
-0.84572 -0.82259
0.38214 1.2217
0.38214 1.2217
0.38214 1.2217
-0.62805 0.00098124
-0.62805 0.00098124
-0.62805 0.00098124
1.1189 0.10781
1.1189 0.10781
1.5746 0.42737
1.7186 1.4283
-1.4279 -0.24856
-1.4279 -0.24856
-1.4279 -0.24856
-0.25867 0.4708
-0.25867 0.4708
-0.10108 -0.23556
-0.10108 -0.23556
-0.10108 -0.23556
0.93118 0.37832
0.93118 0.37832
0.93118 0.37832
0.93118 0.37832
0.055133 0.17303
0.055133 0.17303
0.055133 0.17303
0.055133 0.17303
0.30719 0.95048
0.5854 -0.20326
0.5854 -0.20326
-0.4999 -0.90206
-0.4999 -0.90206
0.55287 -0.68593
0.55287 -0.68593
0.55287 -0.68593
0.55287 -0.68593
0.44395 0.55414
0.44395 0.55414
0.44395 0.55414
0.44395 0.55414
1.6818 -0.46066
-1.7334 0.57322
-1.7334 0.57322
-1.7334 0.57322
-1.7334 0.57322
0.77025 0.55678
-1.1595 -0.014025
1.6586 1.1978
1.6586 1.1978
1.6586 1.1978
-0.31546 0.88416
-0.31546 0.88416
-0.31546 0.88416
1.01 -0.35105
-0.7371 1.0778
-0.74105 -0.31263
0.27955 -0.83536
0.73433 -0.5198
0.27955 -0.83536
0.27955 -0.83536
0.011956 1.0481
0.011956 1.0481
0.011956 1.0481
0.011956 1.0481
-1.5698 -0.18451
-1.5698 -0.18451
-1.5698 -0.18451
1.2227 -0.29086
1.2227 -0.29086
1.2227 -0.29086
1.4598 0.32467
-0.00072771 0.58275
-0.00072771 0.58275
-0.00072771 0.58275
-1.5746 1.11
-1.5746 1.11
-1.5746 1.11
-0.61788 0.78619
-0.61788 0.78619
1.4268 1.25
1.4268 1.25
-0.25068 -0.14317
-0.25068 -0.14317
-0.46143 0.46194
-0.46143 0.46194
-0.521 -1.2624
-0.521 -1.2624
-0.521 -1.2624
-0.521 -1.2624
0.044378 0.19769
0.044378 0.19769
0.044378 0.19769
-1.4435 1.1187
-1.4435 1.1187
1.162 -0.96554
1.162 -0.96554
1.162 -0.96554
0.033188 0.28383
0.033188 0.28383
-0.06945 0.58095
-0.06945 0.58095
-0.06945 0.58095
-0.06945 0.58095
-0.74914 -0.054544
-0.7877 -0.053651
-0.74914 -0.054544
-1.5842 1.3003
-1.0717 -0.078923
1.5708 0.89197
1.5875 1.2155
1.5875 1.2155
1.5875 1.2155
1.5875 1.2155
1.6152 1.2372
1.6771 0.91809
1.6771 0.91809
1.6771 0.91809
0.57419 -1.0694
0.57419 -1.0694
-0.20176 0.085683
-1.1169 0.5291
-1.1224 0.65327
0.87814 -0.87507
0.87814 -0.87507
0.86889 -0.96126
0.87814 -0.87507
-1.7275 0.41095
-1.7275 0.41095
-1.7275 0.41095
-1.2507 -0.80278
-1.2507 -0.80278
-1.2507 -0.80278
0.5334 0.028058
1.5954 0.2798
1.5954 0.2798
1.5954 0.2798
1.5954 0.2798
1.5535 -0.12908
1.5535 -0.12908
1.5535 -0.12908
0.32382 0.55403
0.32382 0.55403
0.32382 0.55403
0.32382 0.55403
-1.5922 1.1664
-1.5922 1.1664
-1.4984 -1.0504
-1.4984 -1.0504
1.1962 -1.0484
1.1962 -1.0484
1.1962 -1.0484
1.6723 1.2867
1.6723 1.2867
1.6723 1.2867
1.6723 1.2867
0.55397 -0.070118
0.55397 -0.070118
0.55397 -0.070118
-0.1202 0.22873
-0.1202 0.22873
0.72728 0.35
0.77058 0.67798
1.249 0.00078733
1.249 0.00078733
1.249 0.00078733
1.3737 -1.0857
1.3737 -1.0857
1.3737 -1.0857
1.3737 -1.0857
0.1083 -0.46403
0.1083 -0.46403
0.1083 -0.46403
0.1083 -0.46403
-0.11835 0.53398
-0.11835 0.53398
-0.11835 0.53398
-0.32849 0.43943
-0.32849 0.43943
-0.32849 0.43943
-0.45762 0.49554
0.3527 -1.0864
0.3527 -1.0864
0.3964 -0.20667
0.29768 -0.4403
0.29768 -0.4403
-0.79735 -1.2645
1.2329 0.52695
1.4388 0.52427
1.4388 0.52427
1.4388 0.52427
0.61331 -1.1257
0.61331 -1.1257
1.1818 1.0094
-0.22127 1.0149
-0.22127 1.0149
-0.22127 1.0149
1.0721 1.0549
1.0721 1.0549
1.0721 1.0549
1.0721 1.0549
0.51347 0.095842
-0.96842 1.0547
-0.96842 1.0547
0.32208 -1.1271
0.32208 -1.1271
1.3034 0.13859
1.3034 0.13859
1.3034 0.13859
1.3034 0.13859
-0.35897 -1.0318
-0.48548 -0.37017
-0.48548 -0.37017
-0.48548 -0.37017
-0.48548 -0.37017
1.3027 0.76759
1.2963 0.49915
-0.36661 -0.26901
-0.95914 -0.7271
-0.95914 -0.7271
1.741 -0.17547
1.741 -0.17547
-1.2781 0.57506
-1.2781 0.57506
-1.2781 0.57506
-1.2781 0.57506
0.75726 0.72006
0.75726 0.72006
0.75726 0.72006
-1.2734 1.2728
-1.2734 1.2728
-1.2734 1.2728
-1.7345 1.07
-1.7345 1.07
-1.7345 1.07
-1.7345 1.07
0.44441 0.35572
0.44441 0.35572
0.44441 0.35572
0.23722 -0.20726
-0.4841 -0.47801
-0.4841 -0.47801
-0.4841 -0.47801
-0.4841 -0.47801
0.65474 -0.52768
0.65474 -0.52768
0.65474 -0.52768
0.65474 -0.52768
0.5232 -0.23647
-0.84309 -0.4637
-0.070427 0.2552
0.67315 -0.54706
0.67315 -0.54706
0.67315 -0.54706
1.3596 -1.2304
1.3596 -1.2304
1.3596 -1.2304
-0.12315 -0.9801
-0.12315 -0.9801
-0.018487 0.30161
-0.018487 0.30161
0.10133 0.24136
-0.047099 0.61487
-0.047099 0.61487
1.0316 0.89277
-0.047099 0.61487
-0.28283 0.34743
-0.28283 0.34743
-0.28283 0.34743
-0.92952 -1.0443
-0.92952 -1.0443
-0.92952 -1.0443
-1.4066 1.0473
-1.4066 1.0473
-0.73523 -0.82649
-0.73523 -0.82649
0.44019 0.081631
0.44019 0.081631
0.44019 0.081631
1.6456 -0.32852
-0.62996 0.99403
-0.62996 0.99403
-0.62996 0.99403
0.30963 0.20505
0.30963 0.20505
0.30963 0.20505
1.291 -0.78896
1.291 -0.78896
1.291 -0.78896
1.291 -0.78896
0.19468 -0.30284
0.19468 -0.30284
0.19468 -0.30284
-1.257 1.1706
-1.257 1.1706
1.8091 -0.23978
-1.064 0.83591
-1.064 0.83591
-1.064 0.83591
-0.84345 0.5921
1.5639 0.67328
1.5639 0.67328
0.667 1.2401
0.667 1.2401
0.667 1.2401
0.667 1.2401
0.62034 -0.68363
0.62034 -0.68363
0.62034 -0.68363
1.2367 1.1207
1.2367 1.1207
1.2367 1.1207
-1.0202 -0.53603
-1.0202 -0.53603
-1.0202 -0.53603
-1.0202 -0.53603
0.89155 0.99143
1.7269 0.97104
0.34987 0.50827
0.63223 -0.91639
-0.25602 1.3297
0.63223 -0.91639
1.171 0.37699
1.171 0.37699
-0.8 -0.95925
-0.8 -0.95925
-0.8 -0.95925
-0.74868 -1.025
0.66916 0.57763
0.66916 0.57763
0.29174 -0.61254
0.29174 -0.61254
0.29174 -0.61254
0.13324 1.0344
0.13324 1.0344
-0.21896 1.0677
-0.21896 1.0677
-0.21896 1.0677
-1.2482 -2.048
-1.2482 -2.048
-1.2482 -2.048
-1.2482 -2.048
-0.16731 1.1862
-0.16731 1.1862
-0.16731 1.1862
-1.5741 -1.1106
-1.5741 -1.1106
0.094319 -2.5007
1.0287 -1.6105
0.15054 -2.4073
0.10442 -0.85427
-2.8925 -1.9278
0.43046 1.0167
-1.8776 -2.8604
1.479 -1.0736
-0.26799 1.1109
-0.26799 1.1109
-0.26799 1.1109
-1.2953 -0.45271
-1.2953 -0.45271
-1.2953 -0.45271
-1.2953 -0.45271
-1.2235 -1.3132
1.3215 -0.59132
1.3215 -0.59132
0.56713 0.15425
0.56713 0.15425
0.56713 0.15425
0.13582 -0.12358
-1.7138 -0.59353
-1.7138 -0.59353
-0.86641 -0.74658
-0.91931 -1.1964
-0.91931 -1.1964
-0.91931 -1.1964
1.1162 0.36424
-0.14177 0.34142
-0.78747 0.29019
-0.78747 0.29019
-0.78747 0.29019
-0.89897 -0.28004
0.20127 0.013612
0.20127 0.013612
0.20127 0.013612
0.20127 0.013612
0.4772 0.82886
1.4886 0.55871
1.4886 0.55871
1.4886 0.55871
-1.4863 -1.1878
-1.4863 -1.1878
-1.4863 -1.1878
-1.4863 -1.1878
0.30345 -0.79271
0.30345 -0.79271
0.30345 -0.79271
1.019 1.052
-1.4504 1.0397
-1.4504 1.0397
-1.4504 1.0397
1.1709 -0.68857
1.1709 -0.68857
1.1709 -0.68857
1.1709 -0.68857
-1.3463 -0.15976
-1.3463 -0.15976
0.10899 -0.60228
0.10899 -0.60228
0.10899 -0.60228
1.043 -0.37933
0.93633 -0.30113
1.043 -0.37933
1.6619 0.15271
1.6619 0.15271
-1.8086 -0.6889
0.05801 -1.1003
0.05801 -1.1003
0.05801 -1.1003
1.3121 0.2687
1.3121 0.2687
1.3121 0.2687
-1.2816 0.64381
-1.2816 0.64381
-1.2816 0.64381
0.15547 -0.95418
0.15547 -0.95418
0.15547 -0.95418
0.15547 -0.95418
0.34607 -0.26393
0.014593 -0.39875
0.014593 -0.39875
0.030608 0.48746
0.030608 0.48746
0.030608 0.48746
0.030608 0.48746
1.3679 -0.081746
1.3679 -0.081746
2.5439 0.41529
1.3679 -0.081746
-0.66211 0.29051
-0.66211 0.29051
-0.66211 0.29051
0.28325 0.57051
-0.92584 1.2696
-0.15715 -1.1841
-0.15715 -1.1841
-0.15715 -1.1841
-0.15715 -1.1841
0.84922 -0.47264
0.84922 -0.47264
1.342 -0.40032
1.342 -0.40032
1.342 -0.40032
0.80989 0.3064
0.80989 0.3064
0.80989 0.3064
0.80989 0.3064
-0.5301 0.58171
-0.5301 0.58171
-0.5301 0.58171
-0.5301 0.58171
-0.19034 0.72718
-0.19034 0.72718
-0.19034 0.72718
-0.19034 0.72718
-0.12564 -0.060349
-0.12564 -0.060349
-0.033346 -0.44527
-0.033346 -0.44527
-0.033346 -0.44527
-0.033346 -0.44527
1.6049 -0.18369
1.6049 -0.18369
1.6049 -0.18369
1.6049 -0.18369
0.051046 0.966
0.051046 0.966
0.051046 0.966
0.051046 0.966
1.2752 -1.0029
1.2752 -1.0029
-1.7446 -0.026443
-1.7446 -0.026443
-1.7446 -0.026443
1.2901 0.40493
1.6618 -0.03139
-1.4703 -0.43864
-0.29283 0.62795
-0.29283 0.62795
-0.29283 0.62795
0.0021085 0.18964
-2.4473 2.1338
-0.254 1.01
-2.9642 1.3308
-0.55213 2.7907
0.36129 0.2495
-2.7863 1.5793
-0.37927 1.7375
-2.5253 2.58
-1.3962 -2.8451
-1.2941 1.2896
-1.2941 1.2896
-1.2941 1.2896
0.098818 -0.88439
0.098818 -0.88439
0.098818 -0.88439
-1.4046 -0.62045
-1.4046 -0.62045
-1.4861 -1.2773
-1.4861 -1.2773
-1.4861 -1.2773
-0.60656 0.010025
-0.60656 0.010025
-1.2782 0.16029
-1.2782 0.16029
1.1769 0.88903
1.1385 0.69525
1.038 1.0348
1.195 0.84042
1.0262 0.34508
1.1839 0.90246
1.1769 0.88903
1.1769 0.88903
0.19747 0.99729
0.19747 0.99729
0.19747 0.99729
-1.2506 0.59644
-1.2506 0.59644
-1.1567 -0.4889
-0.74874 1.4031
-0.60307 -1.278
-0.60307 -1.278
0.69972 -0.40801
0.69972 -0.40801
0.69972 -0.40801
0.69972 -0.40801
-0.71289 -1.277
-0.71289 -1.277
-0.71289 -1.277
-0.71289 -1.277
1.1437 1.2729
1.1437 1.2729
1.1437 1.2729
-0.22256 -0.1585
-0.22256 -0.1585
-0.49994 0.51205
-0.22256 -0.1585
-1.0532 0.85661
-1.0532 0.85661
-1.0532 0.85661
-1.0532 0.85661
-0.61667 1.0535
-0.61667 1.0535
-0.51638 1.1128
-0.5223 0.97233
-0.5223 0.97233
-0.5223 0.97233
-0.53112 -0.35598
-0.53112 -0.35598
0.81829 -0.51891
0.81829 -0.51891
0.81829 -0.51891
0.91054 0.61244
1.5515 -0.26027
1.5515 -0.26027
1.5515 -0.26027
1.5515 -0.26027
0.64098 -1.1346
0.64098 -1.1346
0.64098 -1.1346
0.64098 -1.1346
0.79832 0.24625
0.86018 0.34245
0.92749 -1.1333
0.92749 -1.1333
0.92749 -1.1333
0.92749 -1.1333
0.35298 -0.90807
0.35298 -0.90807
0.50655 -0.28004
0.50655 -0.28004
1.4005 1.0395
1.333 1.0612
1.333 1.0612
1.333 1.0612
0.90873 0.47799
0.90873 0.47799
0.8956 0.34865
-0.82516 -1.1256
-0.82516 -1.1256
0.27704 -2.8447
-0.53167 -1.2041
-0.53167 -1.2041
-0.53167 -1.2041
-0.53167 -1.2041
-1.0634 1.1014
-1.0634 1.1014
0.98335 0.10474
0.74352 0.25131
0.9267 0.21303
0.93314 0.057203
1.0696 0.53748
1.1461 0.18756
1.0273 0.29931
-0.16142 1.2637
-0.16142 1.2637
1.4771 0.44841
1.4771 0.44841
1.4771 0.44841
-0.62765 -0.39558
-1.4252 0.30902
0.18477 -0.22111
0.18477 -0.22111
0.18477 -0.22111
1.4509 0.25588
1.4509 0.25588
1.4509 0.25588
1.4509 0.25588
0.13779 0.165
0.13779 0.165
0.13779 0.165
1.6378 0.0072259
1.6378 0.0072259
1.6378 0.0072259
1.6378 0.0072259
0.94082 -0.47968
0.94082 -0.47968
0.94082 -0.47968
0.82556 0.42815
0.82556 0.42815
0.82556 0.42815
-0.3577 -0.3878
-0.3577 -0.3878
0.24062 -0.7479
0.24062 -0.7479
0.24062 -0.7479
0.086553 1.1678
0.086553 1.1678
0.086553 1.1678
0.086553 1.1678
1.4153 0.82707
1.4153 0.82707
1.4153 0.82707
-0.49626 1.2024
-0.49626 1.2024
-0.49626 1.2024
-0.49626 1.2024
0.17044 0.1875
0.28446 0.37951
0.17044 0.1875
0.17044 0.1875
1.2005 -1.3115
1.2005 -1.3115
-0.80033 1.1169
-0.80033 1.1169
-0.80033 1.1169
-0.80033 1.1169
1.3651 0.49658
1.3651 0.49658
0.83202 -0.59143
0.83202 -0.59143
0.83202 -0.59143
0.83202 -0.59143
-1.7685 1.0575
-1.7685 1.0575
-1.7685 1.0575
-1.7685 1.0575
1.2674 1.1082
1.2674 1.1082
1.2674 1.1082
1.2674 1.1082
-1.8586 -0.20735
-1.8586 -0.20735
0.73244 0.42392
0.73244 0.42392
0.73244 0.42392
-1.1726 -0.36002
-1.1726 -0.36002
-1.1726 -0.36002
-1.1726 -0.36002
-0.37311 -1.2513
-0.37311 -1.2513
-0.44166 0.82962
-0.44166 0.82962
-0.44166 0.82962
-0.44166 0.82962
-0.95123 0.049764
-0.95123 0.049764
-0.95123 0.049764
1.0292 -0.86012
1.0292 -0.86012
1.0292 -0.86012
1.0292 -0.86012
0.42953 0.4158
0.42953 0.4158
0.42953 0.4158
0.15308 0.71017
0.15308 0.71017
0.22458 0.78975
0.31288 -1.1811
0.31288 -1.1811
0.31288 -1.1811
0.31288 -1.1811
-1.7493 1.2396
-1.7493 1.2396
0.43424 -1.2569
0.43424 -1.2569
-1.3692 0.57121
-1.1481 0.31322
-1.1481 0.31322
-1.1481 0.31322
-1.1481 0.31322
1.4177 0.83465
1.5202 0.85914
-0.49764 1.1299
-0.49764 1.1299
-0.49764 1.1299
-0.49764 1.1299
-1.5498 0.96362
-1.5498 0.96362
-1.5498 0.96362
0.3643 0.82483
0.42056 0.81856
0.3643 0.82483
0.097711 -0.33909
0.097711 -0.33909
0.097711 -0.33909
0.097711 -0.33909
0.3621 -0.50207
-0.28733 1.0749
-0.71505 1.1097
-0.71505 1.1097
0.11943 -0.69375
0.11943 -0.69375
0.11943 -0.69375
-0.83309 0.22834
-0.28324 0.1555
-0.28324 0.1555
-0.28324 0.1555
-0.28324 0.1555
-1.5782 0.4081
-1.5782 0.4081
-1.5782 0.4081
0.23554 -0.52821
0.23554 -0.52821
0.23554 -0.52821
-1.795 -0.59686
1.5697 0.96281
-1.3437 -1.0943
-1.3437 -1.0943
-0.30695 0.52229
-0.30695 0.52229
0.77519 -0.80302
0.77519 -0.80302
-0.41768 1.2871
-0.41768 1.2871
-0.13367 1.0072
-0.13367 1.0072
-0.13367 1.0072
-0.37058 -0.1832
-0.44664 -0.17377
-0.44664 -0.17377
-0.44664 -0.17377
0.91909 1.0904
0.87709 1.0956
-1.2279 -1.1582
-1.2279 -1.1582
-1.2279 -1.1582
-0.56696 0.35123
-0.56696 0.35123
1.5056 0.19487
1.5056 0.19487
1.3668 0.15482
1.5056 0.19487
-0.23265 -0.78381
-0.23265 -0.78381
-1.656 -0.18588
0.58142 0.68193
0.58142 0.68193
0.58142 0.68193
-1.7033 0.88952
-1.7033 0.88952
-1.7033 0.88952
-1.7033 0.88952
-1.4832 -0.79206
-1.0626 1.3007
1.656 0.46952
1.536 0.80017
1.536 0.80017
1.536 0.80017
1.536 0.80017
0.37981 0.019582
0.37981 0.019582
0.37981 0.019582
0.37981 0.019582
-1.7954 0.54072
-1.7954 0.54072
-1.7954 0.54072
-0.80232 0.25977
-0.80232 0.25977
1.5514 0.78994
1.5514 0.78994
1.5514 0.78994
-1.2413 -1.1731
-1.1172 -1.0786
1.3452 1.0143
1.4111 1.0064
-1.8087 0.80905
-1.8087 0.80905
0.96267 -0.53182
0.96267 -0.53182
0.51004 0.30215
0.51004 0.30215
0.51004 0.30215
0.51004 0.30215
0.81572 0.52082
1.5585 -0.2126
-1.6051 -1.1125
-1.6051 -1.1125
-1.6612 -0.90894
-1.5169 -0.84978
-1.6255 -1.0196
-1.4436 -0.79564
-1.5761 -1.087
-1.5124 -1.1363
-1.6546 -1.0635
-1.7096 -1.1372
-1.6258 -0.85662
-1.6051 -1.1125
-0.28543 0.23485
-0.28543 0.23485
-0.28543 0.23485
1.7196 0.53603
1.7196 0.53603
1.7196 0.53603
1.7196 0.53603
-0.1979 1.0305
-0.19972 1.1588
-0.19972 1.1588
-0.19972 1.1588
-0.20961 1.2525
-0.20961 1.2525
-0.20961 1.2525
1.4008 -0.22969
0.43533 -0.99176
0.21153 -1.0175
0.43533 -0.99176
0.88302 -1.1221
0.88302 -1.1221
-1.1227 0.28229
-1.1227 0.28229
-1.1227 0.28229
0.63694 -0.55161
0.92826 -0.34747
-1.0481 -0.87379
1.146 0.60103
1.146 0.60103
1.146 0.60103
0.083225 -0.98013
0.083225 -0.98013
0.083225 -0.98013
0.48081 0.69452
0.48081 0.69452
0.48081 0.69452
0.48081 0.69452
0.43925 0.19004
-0.31389 -0.98125
-0.31389 -0.98125
0.13877 1.0326
0.13877 1.0326
0.13877 1.0326
0.13877 1.0326
0.74001 1.1726
0.74001 1.1726
-0.017083 -0.70312
0.49795 -0.39697
0.49795 -0.39697
0.49795 -0.39697
0.49795 -0.39697
1.5771 0.89226
1.5985 0.84621
1.5985 0.84621
1.5985 0.84621
1.1816 -0.82933
1.1816 -0.82933
1.1816 -0.82933
-0.80124 -0.47205
-0.80124 -0.47205
-0.80124 -0.47205
-0.80124 -0.47205
0.3168 0.82874
0.30265 0.81261
0.2252 -0.82314
0.2252 -0.82314
0.2252 -0.82314
0.2252 -0.82314
0.56974 0.15172
0.45864 0.35031
0.45864 0.35031
1.1167 -0.84855
1.0487 -0.43929
-0.16107 0.91877
-0.16107 0.91877
1.7029 0.23316
1.7029 0.23316
1.7029 0.23316
1.7029 0.23316
-0.00092873 -0.20047
-0.00092873 -0.20047
-0.00092873 -0.20047
-1.4757 -0.77681
-1.4757 -0.77681
-1.4757 -0.77681
0.10293 -0.58757
0.10293 -0.58757
1.8808 -0.52045
-1.6135 -1.1397
-1.6135 -1.1397
-1.6135 -1.1397
1.2293 0.91743
1.2293 0.91743
1.2293 0.91743
1.4919 -0.64327
1.4919 -0.64327
-1.1047 -0.2849
-1.1047 -0.2849
1.4609 0.50448
1.4609 0.50448
1.4609 0.50448
1.4609 0.50448
-0.32368 -1.1073
-0.32368 -1.1073
-0.32368 -1.1073
-0.32368 -1.1073
0.26204 0.90597
1.5177 -0.5366
-0.7097 1.5592
1.7013 0.89615
1.1046 1.9907
1.4481 2.3436
1.4394 -0.36303
1.4394 -0.36303
0.11628 0.17049
0.11628 0.17049
0.11628 0.17049
1.1147 -0.87603
1.1147 -0.87603
0.65116 -1.3135
0.6364 0.46309
0.6364 0.46309
0.6364 0.46309
0.6364 0.46309
0.56223 -1.2033
-0.70958 -0.47193
-0.70958 -0.47193
-1.3872 0.32208
-1.3872 0.32208
-1.3872 0.32208
0.4236 -0.23109
0.4236 -0.23109
1.6567 -1.2064
1.6567 -1.2064
1.6567 -1.2064
-1.5515 -0.020116
-1.5515 -0.020116
-1.5515 -0.020116
-1.5515 -0.020116
0.97918 -0.44847
0.97918 -0.44847
0.1741 0.25718
0.1741 0.25718
0.1741 0.25718
0.023113 1.2767
0.023113 1.2767
0.023113 1.2767
0.023113 1.2767
0.43551 0.49759
0.43551 0.49759
0.35297 1.1348
0.35297 1.1348
0.76782 -1.071
1.3467 0.46133
1.3467 0.46133
-1.1954 -0.80569
-1.1954 -0.80569
-0.092782 -0.87434
-0.092782 -0.87434
-0.092782 -0.87434
-0.85834 -0.94744
-0.85834 -0.94744
-1.6037 0.1769
-1.6037 0.1769
-1.6037 0.1769
-1.073 0.40289
-1.0992 0.54392
-1.1929 1.5951
-1.1929 1.5951
-1.1929 1.5951
-1.1929 1.5951
-1.2677 0.86802
0.59247 0.30936
0.59247 0.30936
0.59247 0.30936
0.59247 0.30936
1.2888 0.21198
1.2888 0.21198
1.2888 0.21198
1.071 0.39364
1.071 0.39364
1.071 0.39364
-0.98226 0.93874
-1.302 0.82137
-0.81973 -1.1592
-0.50484 0.77145
-0.55765 0.74538
-0.22457 -1.0898
-0.22457 -1.0898
-0.20044 -1.1468
0.17907 0.20179
0.17907 0.20179
0.17907 0.20179
-1.0707 -0.50773
-1.0707 -0.50773
-1.0707 -0.50773
1.2626 0.42151
1.2626 0.42151
1.2626 0.42151
-1.5324 -0.68306
-1.5324 -0.68306
0.060979 -0.3219
1.1744 -0.80673
1.0316 -1.0958
1.1744 -0.80673
0.5051 -0.95055
0.5051 -0.95055
0.36466 -0.88202
-0.81016 0.43314
-0.81016 0.43314
-0.81016 0.43314
1.4484 -0.37143
1.4484 -0.37143
1.4214 -0.29034
-0.91569 0.36423
-0.91569 0.36423
-0.37133 -1.1413
-0.37133 -1.1413
-0.37133 -1.1413
1.3362 -0.38417
1.3362 -0.38417
1.3362 -0.38417
-0.091405 1.2359
-0.010529 1.2323
-0.091405 1.2359
-0.091405 1.2359
-0.96769 -0.6543
-0.96769 -0.6543
-0.96769 -0.6543
-0.96769 -0.6543
-0.5672 0.57921
-0.5672 0.57921
-0.27447 0.39975
-0.27447 0.39975
-0.27447 0.39975
-0.27447 0.39975
0.44596 0.87676
0.44596 0.87676
0.44596 0.87676
0.44596 0.87676
0.093627 -0.33592
0.093627 -0.33592
-1.0942 0.27207
-1.0942 0.27207
-1.0942 0.27207
-1.0942 0.27207
0.5602 0.48405
0.5602 0.48405
0.5602 0.48405
-1.2681 0.85474
-1.2681 0.85474
0.55641 -0.71868
0.55641 -0.71868
0.55641 -0.71868
0.50567 -0.94442
0.50567 -0.94442
0.50567 -0.94442
1.0672 0.060012
1.0672 0.060012
1.3117 -0.14445
1.3117 -0.14445
-0.3988 -0.53637
-0.3988 -0.53637
-0.3988 -0.53637
-0.3274 -0.5882
-0.3274 -0.5882
-0.3274 -0.5882
-0.3274 -0.5882
-0.68446 0.89106
0.072915 1.037
-1.0446 0.35185
-1.0446 0.35185
-1.6707 -0.55648
-1.6707 -0.55648
-1.6707 -0.55648
-1.6707 -0.55648
-1.4558 0.68218
-0.93308 0.74417
-0.93308 0.74417
0.14893 0.76176
-0.80091 0.71184
-0.80091 0.71184
-0.80091 0.71184
-0.80091 0.71184
1.2116 -0.84155
1.2116 -0.84155
1.2116 -0.84155
-0.65958 -0.68275
-0.65958 -0.68275
-0.65958 -0.68275
-1.3408 -1.1504
0.51159 -0.35682
0.31674 -0.35578
-1.4276 1.2036
1.5752 0.18954
1.5752 0.18954
-1.5399 0.14136
-1.2836 0.63787
-1.2836 0.63787
-0.28838 -0.94877
-0.28838 -0.94877
-0.28838 -0.94877
-0.31697 0.27588
-0.31697 0.27588
1.7422 -0.99302
1.7422 -0.99302
1.7422 -0.99302
1.7422 -0.99302
1.2643 0.14363
-0.14678 0.003168
-1.3567 -0.15296
0.37589 -0.9246
0.37589 -0.9246
0.37589 -0.9246
-0.93393 0.33186
-0.93393 0.33186
-0.93393 0.33186
-0.93393 0.33186
-0.83838 1.1888
-0.83838 1.1888
-0.83838 1.1888
-0.83838 1.1888
-1.5863 1.2141
-1.5863 1.2141
-1.5863 1.2141
-0.26291 -1.0014
0.085338 -1.7579
-0.513 -1.334
-1.2956 -0.96728
-1.1269 -0.98935
-1.2956 -0.96728
-1.2956 -0.96728
-1.0857 1.2088
-1.0857 1.2088
-1.0857 1.2088
-1.0857 1.2088
-1.4952 -1.1348
-1.4952 -1.1348
-1.4952 -1.1348
-1.4952 -1.1348
1.0482 0.75996
1.0482 0.75996
0.74374 0.7826
0.74374 0.7826
0.74374 0.7826
-0.18576 0.12991
-0.18576 0.12991
-0.18576 0.12991
-0.97728 -1.172
-0.97728 -1.172
-0.97728 -1.172
0.25069 -0.6692
0.25069 -0.6692
0.25069 -0.6692
-0.64943 0.39442
-0.67707 1.0361
-0.67707 1.0361
-0.30208 -0.8162
0.097449 0.94523
-1.0494 -1.1531
-1.0494 -1.1531
1.2208 0.18313
1.2208 0.18313
1.2208 0.18313
1.2208 0.18313
-0.85329 0.27296
-0.85329 0.27296
-0.85329 0.27296
-0.90427 0.32861
1.3035 -0.92728
1.3035 -0.92728
1.0085 -0.45201
1.0114 -0.53577
0.6708 -0.97568
0.6708 -0.97568
0.6708 -0.97568
0.87059 -1.0147
-0.088795 -0.20481
-0.088795 -0.20481
-0.088795 -0.20481
-0.82052 1.1199
-0.83568 1.1171
-0.83568 1.1171
-0.83568 1.1171
-0.38953 -0.33719
-0.56281 -0.13899
-0.055447 -0.2234
-0.29318 -0.20667
-0.61779 0.74733
-0.61779 0.74733
-0.61779 0.74733
1.5767 -0.36203
1.5767 -0.36203
-0.84031 -0.82062
0.48478 -0.46241
0.48478 -0.46241
0.84857 1.0078
1.046 -0.85262
1.046 -0.85262
-0.44378 0.78889
-0.44378 0.78889
0.62404 0.70789
-0.067685 -0.60875
-0.067685 -0.60875
-0.067685 -0.60875
-0.067685 -0.60875
2.368 0.30237
2.1433 0.17115
1.0439 1.9128
1.7754 1.4727
1.0947 -0.17789
1.9378 2.5438
2.4249 1.1182
2.0074 -0.27376
1.2466 0.3339
-0.0019889 -0.49761
2.3238 -2.7161
2.6414 -0.55791
0.36253 0.96967
2.2209 -0.85693
2.0674 1.7331
-0.78265 -1.7558
-0.15886 -1.3922
0.092289 -0.51667
-0.70426 2.7817
0.025623 -0.27531
1.1686 -0.66252
-2.4273 -0.099641
-1.1931 -0.11082
-1.3663 -0.28483
-1.882 -0.20781
1.302 -1.3826
0.4916 -1.4493
-0.8048 0.34153
1.0642 -0.89633
-0.14554 -1.3245
1.2431 0.75533
1.8687 -0.49355
-0.51544 -2.1775
-1.4018 -0.57049
0.67206 0.049347
-0.45375 0.32198
-0.50731 -0.084025
-1.5084 -2.4312
-0.28748 1.9516
-0.46227 -0.24417
-1.2406 1.6602
-0.76558 2.4053
2.6867 -0.61544
0.0026084 -1.1886
-0.82144 -1.8379
1.1394 -1.3758
-2.2776 -0.10626
-2.0713 -1.3067
0.28946 -1.9918
-0.044559 0.38369
0.11209 -2.5333
2.2098 -0.16169
0.87729 -1.2292
2.4925 -0.91457
2.0834 -1.2767
2.8164 -0.46781
1.0494 0.26343
-2.3285 0.905
0.69465 -1.9649
1.9191 1.3259
2.4995 2.7517
1.7088 -1.9666
1.9584 0.30401
-1.5236 1.9033
1.3755 -2.2651
-1.446 0.92496
2.402 0.028555
1.8824 -2.2161
0.9444 -0.87641
2.2727 0.05154
-1.1393 0.4162
2.1217 -1.8523
0.5219 1.0577
-0.97297 2.341
1.3958 0.24867
-0.35188 -0.048499
0.83547 0.99766
0.15431 2.1288
2.1249 1.5046
-0.56869 0.39822
-0.56869 0.39822
0.9973 -0.49978
-0.55924 -0.068582
-0.55924 -0.068582
-0.55924 -0.068582
-0.55924 -0.068582
0.43019 0.003266
0.43019 0.003266
0.43019 0.003266
0.43019 0.003266
-0.29328 -0.15041
-0.29328 -0.15041
1.4302 0.061143
1.4302 0.061143
1.4302 0.061143
1.4302 0.061143
1.3496 -0.20807
1.3496 -0.20807
1.3496 -0.20807
-0.40006 1.1789
-0.40006 1.1789
-0.55463 -0.04606
-0.55463 -0.04606
0.23913 -1.2575
-1.0644 0.76057
-1.0644 0.76057
-1.0644 0.76057
0.27802 1.0185
0.88485 -0.89062
0.88485 -0.89062
-0.59112 -0.27371
-0.59112 -0.27371
0.92814 0.46097
1.6024 -0.49204
1.6024 -0.49204
-1.369 0.80531
-1.369 0.80531
-1.369 0.80531
-1.5396 -0.31336
0.40084 0.041882
-0.88069 -0.60709
-0.88069 -0.60709
-0.88069 -0.60709
0.192 -2.2599
-0.82933 -1.0397
-0.68166 -1.293
-0.68166 -1.293
0.57694 -0.76299
0.66708 -0.99772
1.4843 -0.92968
1.4843 -0.92968
1.4126 0.70741
1.4126 0.70741
-0.80423 0.57171
-0.80423 0.57171
1.6792 0.37665
1.6971 0.3114
1.6971 0.3114
0.5569 -0.046585
0.5569 -0.046585
0.50027 0.083288
0.15527 0.82781
0.15527 0.82781
0.15527 0.82781
1.0842 1.1396
0.27706 -1.2066
0.27706 -1.2066
0.27706 -1.2066
0.93077 0.16184
0.93077 0.16184
0.93077 0.16184
-0.42223 1.0495
-1.2378 -0.2434
-1.2378 -0.2434
-1.2378 -0.2434
0.75397 0.21922
0.75397 0.21922
0.75397 0.21922
-1.2601 -0.1176
-1.2601 -0.1176
-1.2601 -0.1176
-1.2601 -0.1176
1.3398 0.43102
1.3398 0.43102
1.3398 0.43102
-1.1944 1.2703
-1.1944 1.2703
-1.1944 1.2703
1.512 -0.10632
1.512 -0.10632
1.512 -0.10632
1.512 -0.10632
-0.4431 0.90489
-0.4431 0.90489
0.91651 0.74945
0.91651 0.74945
0.91651 0.74945
0.91651 0.74945
0.23877 -1.1286
0.23877 -1.1286
0.23877 -1.1286
0.23877 -1.1286
1.1013 0.51164
1.1013 0.51164
-1.217 -1.1597
0.34126 0.040373
0.34126 0.040373
0.34126 0.040373
0.34126 0.040373
-1.725 0.015488
-1.725 0.015488
-1.725 0.015488
1.6975 -1.0094
1.6975 -1.0094
1.6975 -1.0094
-1.4045 -0.13186
-1.787 -1.7066
-1.787 -1.7066
-1.787 -1.7066
0.48268 0.4791
1.0645 -0.55129
0.10262 -0.34039
0.10262 -0.34039
0.10262 -0.34039
0.10262 -0.34039
-0.52531 1.0939
-0.69069 0.065182
-0.69069 0.065182
1.0569 0.15219
-0.80283 -0.50549
-0.80283 -0.50549
0.65425 -0.2619
0.65425 -0.2619
1.215 0.5409
1.215 0.5409
1.215 0.5409
1.215 0.5409
-1.3316 1.6402
-1.3316 1.6402
-1.3316 1.6402
-1.1184 -0.61768
-1.1184 -0.61768
0.94983 -0.31158
0.94983 -0.31158
0.94983 -0.31158
-1.1743 1.0801
-1.1743 1.0801
-1.1743 1.0801
-1.2509 1.2535
0.9035 0.35554
0.9035 0.35554
0.9035 0.35554
0.9035 0.35554
-1.2279 1.2866
0.95089 -1.2727
0.92379 -1.341
0.95089 -1.2727
0.95089 -1.2727
-0.39013 0.50603
-0.39013 0.50603
-0.39013 0.50603
-0.39013 0.50603
-0.38633 0.16858
0.12706 -0.83817
0.12706 -0.83817
0.12706 -0.83817
0.76247 0.75079
0.76247 0.75079
-1.0689 0.58793
-1.0689 0.58793
0.63328 0.9402
0.63328 0.9402
0.63328 0.9402
0.63328 0.9402
0.44514 0.5136
0.44514 0.5136
0.44514 0.5136
-0.34664 -0.073356
-0.34664 -0.073356
-0.34664 -0.073356
1.5056 -0.63053
1.5056 -0.63053
1.6483 0.25849
1.6483 0.25849
0.32573 0.78885
0.55375 -0.63258
0.55375 -0.63258
-1.783 1.2962
-1.783 1.2962
-1.783 1.2962
-1.2114 0.4684
-1.3923 0.79176
-1.3923 0.79176
-1.3923 0.79176
-1.3923 0.79176
-0.98475 -0.079602
-0.98475 -0.079602
-0.98475 -0.079602
-0.98475 -0.079602
-1.2846 0.348
-1.2846 0.348
-1.2244 -0.88899
-1.2244 -0.88899
0.46935 1.3348
0.46935 1.3348
0.46935 1.3348
0.52077 -0.063813
0.52077 -0.063813
0.52077 -0.063813
0.52077 -0.063813
-1.5765 -0.86869
-1.5765 -0.86869
-1.3263 1.152
-1.3263 1.152
-1.3263 1.152
-1.3263 1.152
-1.7384 0.70806
-1.7384 0.70806
0.11143 -1.2743
-1.6278 0.24846
-1.6431 0.23125
-1.6431 0.23125
0.83007 -0.43714
0.83007 -0.43714
0.51248 0.38113
0.51248 0.38113
0.51248 0.38113
0.99206 0.82053
0.99206 0.82053
0.99206 0.82053
-0.086731 -0.32766
-0.086731 -0.32766
-0.086731 -0.32766
-0.086731 -0.32766
0.23905 -0.77275
0.23905 -0.77275
0.23905 -0.77275
0.60427 -0.31366
1.3283 -0.8696
1.3283 -0.8696
0.64756 0.50026
0.64756 0.50026
0.64756 0.50026
0.64756 0.50026
2.5257 1.2524
1.7901 -0.65571
0.92104 0.0049263
0.073428 0.67658
0.073428 0.67658
0.073428 0.67658
0.073428 0.67658
-0.044118 -1.0051
-0.044118 -1.0051
-0.044118 -1.0051
-0.55914 0.67532
-0.55914 0.67532
-0.55914 0.67532
-0.55914 0.67532
-1.0779 1.0118
1.7054 0.38235
1.7054 0.38235
1.7054 0.38235
1.7054 0.38235
-0.47073 1.0487
-0.47073 1.0487
-0.47073 1.0487
-1.0082 0.16974
-1.0082 0.16974
-1.0082 0.16974
-1.0082 0.16974
0.12031 -0.98038
0.12031 -0.98038
0.12031 -0.98038
0.12031 -0.98038
-0.096165 -0.69882
1.3464 -1.4094
1.3067 0.055665
0.73091 1.1066
0.70304 1.1153
0.73091 1.1066
1.2658 0.50438
-0.92123 0.56332
-0.92123 0.56332
-1.1595 1.1926
-1.1595 1.1926
1.395 0.84966
1.1139 1.1614
1.5535 1.276
1.4623 0.64957
1.3419 1.131
0.99517 1.3798
1.1712 1.2751
2.3803 1.453
1.3377 1.3997
1.5271 1.428
1.3698 0.87456
1.1187 1.1749
1.5297 1.0508
1.1922 1.0886
1.1922 1.0886
-0.71712 0.29982
-0.71712 0.29982
-0.10633 -0.88366
-0.10633 -0.88366
0.33792 -0.73074
0.33792 -0.73074
-0.35641 0.22097
-0.35641 0.22097
-0.35641 0.22097
1.3244 -0.29197
1.3244 -0.29197
1.3244 -0.29197
-0.8722 0.92952
-0.8722 0.92952
0.19258 1.0119
0.19258 1.0119
0.19258 1.0119
0.19258 1.0119
-0.67833 -0.27869
-0.67833 -0.27869
-0.67833 -0.27869
-0.82894 0.53304
-0.82894 0.53304
-0.82894 0.53304
-1.6565 0.66148
-1.6565 0.66148
-1.6565 0.66148
-1.6565 0.66148
-0.21019 0.91709
-0.21019 0.91709
-0.17227 -0.87045
-0.17227 -0.87045
-0.17227 -0.87045
1.6654 -0.48571
1.6654 -0.48571
1.6654 -0.48571
1.6654 -0.48571
0.90875 0.048677
0.90875 0.048677
0.90875 0.048677
1.5694 0.052888
1.0451 0.98778
1.0451 0.98778
1.0451 0.98778
-0.94499 0.65605
-0.97742 0.70152
0.406 -1.185
0.406 -1.185
0.406 -1.185
1.3951 -1.2665
0.65602 0.87192
0.65602 0.87192
0.21068 0.69121
0.65602 0.87192
-0.55286 1.14
-0.55286 1.14
-0.37712 1.1083
0.92786 0.4368
0.92786 0.4368
0.92786 0.4368
-0.54996 -0.71589
-0.54996 -0.71589
-0.54996 -0.71589
-0.54996 -0.71589
-0.35909 0.96014
-0.35909 0.96014
-0.35909 0.96014
-0.92447 -0.62718
-0.92447 -0.62718
-0.92447 -0.62718
-0.92447 -0.62718
1.1315 0.58731
1.1315 0.58731
1.1315 0.58731
0.33188 -0.23684
0.33188 -0.23684
0.7864 1.0205
0.7864 1.0205
-1.3583 -0.33659
-1.3583 -0.33659
-1.3583 -0.33659
-1.3583 -0.33659
-1.191 1.0921
-1.191 1.0921
-1.191 1.0921
-1.191 1.0921
1.5603 -0.20763
1.5603 -0.20763
1.5603 -0.20763
1.5603 -0.20763
-1.1705 0.35627
-1.1705 0.35627
-1.1705 0.35627
-1.1705 0.35627
0.67403 0.14202
0.67403 0.14202
0.67403 0.14202
0.67403 0.14202
1.2718 -1.0282
1.2718 -1.0282
1.2718 -1.0282
1.1245 -1.281
1.3253 0.31341
1.3253 0.31341
1.3253 0.31341
1.3253 0.31341
0.39503 -0.39037
0.39503 -0.39037
0.39503 -0.39037
0.08982 -0.085437
0.08982 -0.085437
0.08982 -0.085437
0.08982 -0.085437
-0.46344 1.2827
1.0743 0.032473
1.0743 0.032473
1.0743 0.032473
1.0743 0.032473
-0.84338 0.88759
-0.024708 0.10608
-0.024708 0.10608
-0.024708 0.10608
1.0357 -1.3289
0.93034 1.1548
0.93034 1.1548
-1.4846 -1.302
-1.4846 -1.302
-1.4846 -1.302
-1.4846 -1.302
-0.43996 1.015
-0.43996 1.015
-0.43996 1.015
1.0974 0.32045
1.0974 0.32045
1.0974 0.32045
1.0974 0.32045
0.042119 1.156
0.042119 1.156
0.042119 1.156
0.042119 1.156
1.0409 0.14985
1.0409 0.14985
1.0409 0.14985
-1.2374 0.76129
-0.5718 0.37278
-0.5718 0.37278
-0.5718 0.37278
0.03361 0.93423
-1.0634 0.6093
-0.99728 0.53036
-0.60759 1.1911
-0.60759 1.1911
-0.60759 1.1911
0.49133 0.73354
0.49133 0.73354
0.49133 0.73354
-0.41783 -0.81386
-0.41783 -0.81386
-0.38433 -0.83202
-0.41783 -0.81386
-1.5241 0.38879
-1.4867 0.35707
-1.4867 0.35707
0.86044 -1.2545
0.86044 -1.2545
1.2514 -0.099888
1.2514 -0.099888
1.2514 -0.099888
1.2514 -0.099888
0.42847 -0.18476
-0.18886 -0.51213
-0.18886 -0.51213
1.4859 0.69964
1.4859 0.69964
1.4859 0.69964
1.4859 0.69964
-1.7956 0.21437
0.51963 0.80471
1.5112 -1.0267
-0.65461 0.74106
-0.64837 0.79796
-0.78876 1.3075
-0.78876 1.3075
-0.78876 1.3075
-0.80015 1.2929
-1.4637 -0.49735
-1.4637 -0.49735
-1.4637 -0.49735
-1.4637 -0.49735
1.1185 -0.78277
1.1185 -0.78277
1.1185 -0.78277
-0.99511 0.44199
-0.99511 0.44199
0.069222 -1.1543
-0.16264 -0.9858
0.069222 -1.1543
-0.75875 -0.058192
-0.75875 -0.058192
-0.75875 -0.058192
-0.23142 -0.17329
0.51285 0.89714
0.51285 0.89714
0.51285 0.89714
0.51285 0.89714
0.38748 0.14482
0.38748 0.14482
0.39022 0.17524
-1.146 -0.25917
-1.146 -0.25917
-1.146 -0.25917
-1.2844 0.42728
-1.2844 0.42728
-1.2844 0.42728
1.4807 -0.22594
-0.90987 0.68821
-0.90987 0.68821
1.5676 -0.74768
1.5676 -0.74768
1.5676 -0.74768
1.5676 -0.74768
-1.4851 0.40031
-1.4851 0.40031
-1.4851 0.40031
-1.533 0.42989
1.1234 0.56788
1.1234 0.56788
1.1234 0.56788
0.84243 -0.20044
0.87082 -0.15588
0.87082 -0.15588
0.87082 -0.15588
1.2331 -0.16817
1.2331 -0.16817
1.6021 -1.2545
1.6021 -1.2545
1.6021 -1.2545
1.6021 -1.2545
0.40837 -0.52078
0.54078 -0.5001
-1.1166 -0.13348
-1.1166 -0.13348
-1.1166 -0.13348
-1.362 0.99068
-1.362 0.99068
-1.362 0.99068
-1.362 0.99068
0.21073 -0.97841
0.21073 -0.97841
1.025 0.13346
-0.078859 0.68885
-0.078859 0.68885
-0.078859 0.68885
-1.2041 0.41269
-1.2041 0.41269
-1.2041 0.41269
0.82602 0.46734
1.5088 0.49621
1.5088 0.49621
1.5088 0.49621
0.87657 0.4165
-1.365 0.031791
1.3233 -0.50495
1.3233 -0.50495
1.3233 -0.50495
1.3233 -0.50495
1.0501 -0.9829
1.0501 -0.9829
-0.75624 1.0431
-0.76147 1.0312
-0.75624 1.0431
-0.75624 1.0431
-1.6499 -1.0046
-1.4026 -0.71555
-1.4026 -0.71555
-0.88826 -1.1236
-0.88826 -1.1236
-0.88826 -1.1236
1.2548 0.96583
1.2548 0.96583
0.9351 0.92264
0.9351 0.92264
0.9351 0.92264
0.9351 0.92264
-1.5417 -0.44919
-1.5417 -0.44919
-1.0336 -0.42998
-1.5417 -0.44919
1.1587 -0.027901
-0.10193 -0.53752
-0.10193 -0.53752
-0.10193 -0.53752
-0.10193 -0.53752
0.2129 1.1899
-1.2065 0.69023
-1.2065 0.69023
-1.1985 0.64427
-0.18914 0.72674
-0.18914 0.72674
-0.18914 0.72674
-0.95439 0.75278
-0.95439 0.75278
-0.95439 0.75278
-0.52965 0.25333
0.58266 -0.18755
0.58266 -0.18755
0.89838 -0.11921
0.58266 -0.18755
0.97535 -0.3838
0.97535 -0.3838
-0.29532 -0.87816
-0.29532 -0.87816
-0.29532 -0.87816
1.2931 0.70558
1.2931 0.70558
1.2931 0.70558
1.2931 0.70558
0.67433 0.697
0.67433 0.697
0.68872 -0.24397
0.99299 -0.47448
0.68872 -0.24397
-1.3431 0.038727
1.0474 -0.82351
1.0474 -0.82351
1.0474 -0.82351
1.0474 -0.82351
-0.50167 0.94925
-0.50167 0.94925
-0.50167 0.94925
-0.41671 0.22398
0.33233 1.0809
0.30443 0.91983
-1.3991 0.0078434
-1.4164 0.12633
-1.3991 0.0078434
-1.3991 0.0078434
-1.0366 -0.66812
-1.0366 -0.66812
-1.0366 -0.66812
-0.97415 -0.71642
0.65929 -1.0773
0.65929 -1.0773
0.65929 -1.0773
0.38084 0.23211
0.38084 0.23211
0.43145 0.27097
1.2947 -0.66203
1.2947 -0.66203
0.94213 -1.2189
0.089753 0.65077
0.089753 0.65077
0.089753 0.65077
-0.60596 -0.39032
-0.60596 -0.39032
-0.60596 -0.39032
-0.64128 -0.30725
-0.64128 -0.30725
-0.64128 -0.30725
0.40745 -0.33687
0.40745 -0.33687
0.40745 -0.33687
0.40745 -0.33687
-0.90447 -1.1267
-0.90447 -1.1267
-0.99573 -1.0373
-0.26533 -1.2702
-0.26533 -1.2702
-0.26533 -1.2702
-0.26533 -1.2702
-0.41367 0.91639
-0.41367 0.91639
-0.41367 0.91639
-0.41367 0.91639
0.23741 1.1328
0.23741 1.1328
-0.18242 -0.070631
-0.18242 -0.070631
-0.18242 -0.070631
-0.99912 -0.59137
-0.99912 -0.59137
-0.9808 -0.59048
-0.79009 0.022834
-0.79009 0.022834
-0.79009 0.022834
-0.79009 0.022834
-0.96868 0.92669
-1.3137 1.0124
-0.96868 0.92669
-0.96868 0.92669
-0.25503 0.15783
-0.25503 0.15783
-0.3944 -0.96403
-0.3944 -0.96403
-0.3944 -0.96403
0.93859 0.65829
0.93859 0.65829
-0.28825 -0.9727
-0.28825 -0.9727
0.76713 1.0368
0.76713 1.0368
0.76713 1.0368
0.76713 1.0368
0.85032 0.42454
0.85032 0.42454
0.85032 0.42454
0.85032 0.42454
-0.34192 -0.69815
-0.34192 -0.69815
-0.34192 -0.69815
-0.34192 -0.69815
-0.091315 -1.1806
-0.091315 -1.1806
-0.091315 -1.1806
-1.3114 -0.007296
-1.3114 -0.007296
0.67883 0.21212
-0.4865 1.1287
-0.4865 1.1287
-0.56637 0.99299
1.5083 -0.51895
1.5083 -0.51895
1.5083 -0.51895
-1.3427 0.53049
-1.271 0.50985
-1.3427 0.53049
-1.3427 0.53049
-0.92577 1.0583
-0.92577 1.0583
0.4727 1.0809
0.4727 1.0809
0.4727 1.0809
0.4727 1.0809
1.3792 -1.133
1.3792 -1.133
1.4114 -1.133
-0.65207 -0.18633
-0.65207 -0.18633
0.3077 1.0894
0.3077 1.0894
0.31501 0.8934
0.3077 1.0894
-1.6148 1.1409
-1.6148 1.1409
-1.6148 1.1409
-1.6148 1.1409
0.81831 0.53207
0.79383 0.52431
0.81831 0.53207
0.54739 1.2158
0.54739 1.2158
-0.094849 1.0066
-0.094849 1.0066
-0.48104 0.87448
-0.48104 0.87448
0.35222 -0.63221
0.35222 -0.63221
-0.14886 -1.0682
-0.14886 -1.0682
-1.5493 0.32941
-1.5493 0.32941
-1.5493 0.32941
-1.5493 0.32941
0.91734 -0.83026
0.91734 -0.83026
0.91734 -0.83026
0.2483 -0.42655
0.33138 -0.27163
-0.42424 -0.30631
-0.42424 -0.30631
-0.42424 -0.30631
-0.42424 -0.30631
-1.0172 -0.97501
-1.0172 -0.97501
-1.0172 -0.97501
-0.33275 0.43043
-0.33275 0.43043
-0.33275 0.43043
-1.6058 -0.72873
-0.01886 0.84441
-0.01886 0.84441
-0.01886 0.84441
1.5628 -0.53499
1.5628 -0.53499
-0.63501 0.16456
-0.17976 1.2958
-0.17976 1.2958
-0.17976 1.2958
-0.57683 0.32571
-0.57683 0.32571
-0.57683 0.32571
-1.4598 0.28704
-1.4598 0.28704
0.4975 -0.77649
0.4975 -0.77649
0.38423 0.75649
0.38423 0.75649
0.38423 0.75649
0.38423 0.75649
-0.064265 -0.42113
-0.064265 -0.42113
-0.064265 -0.42113
-1.7783 1.307
-1.7783 1.307
-1.7783 1.307
-1.7783 1.307
0.95536 -1.1098
0.95536 -1.1098
-1.2142 -0.29254
-1.2142 -0.29254
-1.2142 -0.29254
-1.2142 -0.29254
-1.6924 0.66743
-1.6924 0.66743
-1.6924 0.66743
-1.6673 0.57524
-1.6673 0.57524
-1.6673 0.57524
-1.6673 0.57524
1.6784 0.17059
1.4596 -0.41564
1.4596 -0.41564
1.4596 -0.41564
1.4596 -0.41564
-0.22196 -0.48124
-0.22196 -0.48124
-0.22196 -0.48124
0.49188 -0.90104
-0.28802 1.2033
-0.28802 1.2033
-0.28802 1.2033
-0.28802 1.2033
0.1456 -0.48851
-1.4652 -0.29666
-1.4652 -0.29666
-1.4652 -0.29666
-1.3251 -0.47293
-1.3166 -0.47411
-1.3166 -0.47411
-1.3166 -0.47411
0.71597 -0.67263
-0.36125 0.97008
-0.36125 0.97008
0.47645 1.1057
0.47645 1.1057
0.47645 1.1057
0.78433 0.062612
0.78433 0.062612
0.78433 0.062612
0.78433 0.062612
0.2971 -0.83325
0.32665 -0.83786
0.32665 -0.83786
0.32665 -0.83786
0.30581 -1.245
0.30581 -1.245
-0.76434 0.040814
-0.40924 -0.3916
-0.40924 -0.3916
0.76288 -1.0365
0.76288 -1.0365
-0.78404 0.72704
-0.16218 -1.1632
-0.16218 -1.1632
-0.50534 0.38612
-0.50534 0.38612
-0.50534 0.38612
-0.3305 -0.77479
-0.3305 -0.77479
-1.7623 -0.61139
-1.7623 -0.61139
-1.7623 -0.61139
-0.3661 0.46781
-0.3661 0.46781
-0.3661 0.46781
-0.3661 0.46781
-1.1972 -0.05051
-1.1972 -0.05051
-1.1972 -0.05051
-1.5663 0.5241
1.1602 -0.44396
1.1602 -0.44396
1.1602 -0.44396
1.1602 -0.44396
1.4488 0.34852
1.4488 0.34852
1.4126 0.40167
-0.71891 1.2583
-0.71891 1.2583
-0.71891 1.2583
0.38213 -0.5266
0.38213 -0.5266
0.38213 -0.5266
0.38213 -0.5266
1.1906 -0.80703
1.1906 -0.80703
1.1906 -0.80703
1.1906 -0.80703
0.45387 1.2782
0.45387 1.2782
0.45387 1.2782
0.45387 1.2782
0.033439 -1.2319
0.033439 -1.2319
1.0942 0.59186
1.0942 0.59186
1.0942 0.59186
1.0942 0.59186
1.5017 1.0946
1.5017 1.0946
1.5017 1.0946
1.5017 1.0946
1.7824 -1.219
1.7824 -1.219
1.7824 -1.219
1.7824 -1.219
-0.35474 -0.59476
-1.3699 -0.073138
-0.35474 -0.59476
-0.35474 -0.59476
0.95252 0.34893
0.95252 0.34893
0.80513 0.4502
0.92278 0.16966
0.92278 0.16966
0.92278 0.16966
0.92278 0.16966
0.11469 0.65897
0.11469 0.65897
1.5258 0.71779
1.5258 0.71779
-1.3241 0.93583
-0.0030432 0.84258
-0.0030432 0.84258
-0.0030432 0.84258
-0.0030432 0.84258
1.6449 1.1403
1.6449 1.1403
1.6449 1.1403
1.6449 1.1403
-1.5049 0.17836
-1.5049 0.17836
-1.5049 0.17836
-1.5768 -0.3471
-1.5768 -0.3471
-0.23998 -1.2281
-0.23998 -1.2281
-0.41241 0.38546
-0.41241 0.38546
-0.41241 0.38546
-1.6466 1.2438
-1.6466 1.2438
-1.7743 1.2739
-0.34837 -0.37182
-0.34837 -0.37182
-0.20827 0.60837
1.1723 0.92007
1.1723 0.92007
1.1723 0.92007
0.66136 0.44498
0.78927 0.69239
0.98295 0.60068
0.78927 0.69239
0.78927 0.69239
0.14165 1.2922
0.14165 1.2922
0.14165 1.2922
1.4963 0.6727
1.4963 0.6727
1.4963 0.6727
1.4963 0.6727
-1.3941 -1.1728
-1.3941 -1.1728
1.4737 -0.1941
1.4764 -0.011906
1.4737 -0.1941
1.4737 -0.1941
1.2677 -1.1294
1.2677 -1.1294
1.2677 -1.1294
-0.065412 0.72173
-0.065412 0.72173
0.079542 0.91168
-0.41106 -0.8512
-0.41106 -0.8512
1.5625 1.0528
1.5625 1.0528
-0.70075 -0.65514
-0.70075 -0.65514
-0.70075 -0.65514
-0.42644 0.85327
-0.42644 0.85327
-0.42644 0.85327
-1.3538 0.69096
-1.3538 0.69096
-0.45784 -1.045
0.29217 0.32858
0.29217 0.32858
0.27346 0.70953
0.27346 0.70953
0.27346 0.70953
0.27346 0.70953
-0.41137 0.50621
-0.41137 0.50621
-0.41137 0.50621
-0.41137 0.50621
1.2906 -1.02
1.2906 -1.02
1.2906 -1.02
1.2906 -1.02
1.1432 -0.57401
1.1432 -0.57401
1.1432 -0.57401
-0.46297 0.31251
-0.46297 0.31251
-0.46297 0.31251
-0.46297 0.31251
-1.0519 -0.50805
-1.0923 -0.23399
-1.0519 -0.50805
1.2896 -0.47275
1.4333 -0.43002
1.4333 -0.43002
0.78856 1.0984
0.78856 1.0984
0.78856 1.0984
0.78856 1.0984
0.68425 0.50824
-0.9815 -0.63567
-0.9815 -0.63567
-0.9815 -0.63567
-0.9815 -0.63567
0.62145 1.2073
0.34886 -0.6382
0.34886 -0.6382
0.34886 -0.6382
0.34886 -0.6382
0.062558 0.010403
0.062558 0.010403
0.75123 -0.46575
0.75123 -0.46575
0.75123 -0.46575
1.4445 0.022722
1.4445 0.022722
1.4445 0.022722
1.4445 0.022722
-0.88986 0.56402
0.76875 0.48047
-1.4736 1.5011
-1.4736 1.5011
-1.0678 -1.2072
1.5935 -1.2782
-0.9762 0.95243
-0.9762 0.95243
-0.9762 0.95243
0.20372 0.52804
0.20372 0.52804
0.20372 0.52804
0.20372 0.52804
1.112 1.2037
1.112 1.2037
-0.27611 0.9242
-0.27611 0.9242
0.59125 -0.30802
0.50498 -0.15149
0.50498 -0.15149
0.50498 -0.15149
0.50498 -0.15149
0.4877 1.3447
0.4877 1.3447
-1.3318 -0.64135
-1.3318 -0.64135
-1.3318 -0.64135
-1.3318 -0.64135
-0.8344 -1.027
-0.32396 -0.5305
-1.5698 0.62801
-1.5698 0.62801
-1.5698 0.62801
-1.5698 0.62801
1.2957 0.30906
1.2957 0.30906
1.2957 0.30906
1.2957 0.30906
-1.3143 -0.52339
-1.3143 -0.52339
0.4676 0.55556
0.4676 0.55556
0.4676 0.55556
0.4676 0.55556
-0.98459 0.62286
-0.98459 0.62286
0.61767 -0.78861
0.61767 -0.78861
0.89736 0.21628
0.745 -1.2597
0.89736 0.21628
0.89736 0.21628
-1.503 0.51852
1.5048 -1.2785
1.5048 -1.2785
0.3652 -1.0276
0.3652 -1.0276
0.3652 -1.0276
0.3652 -1.0276
1.5962 0.7
1.5962 0.7
1.5962 0.7
1.5962 0.7
1.4373 0.99796
-1.2839 -0.8917
-1.2839 -0.8917
-1.4967 0.45842
0.92871 0.3032
-0.18112 -0.20981
-0.18112 -0.20981
0.68673 0.31021
-1.5737 0.4777
-1.6396 0.50751
0.81014 -1.0734
0.81014 -1.0734
0.81014 -1.0734
0.81014 -1.0734
-0.3204 0.13106
1.0151 0.16032
1.0151 0.16032
1.1423 0.088366
-0.66751 0.33645
0.097533 -0.45846
0.097533 -0.45846
0.097533 -0.45846
0.097533 -0.45846
1.3393 0.17663
1.3393 0.17663
1.3393 0.17663
0.73292 1.1567
&
