# Grace project file
#
@version 50125
@page size 792, 612
@page scroll 5%
@page inout 5%
@link page off
@map font 8 to "Courier", "Courier"
@map font 10 to "Courier-Bold", "Courier-Bold"
@map font 14 to "Courier-BoldItalic", "Courier-BoldItalic"
@map font 11 to "Courier-BoldOblique", "Courier-BoldOblique"
@map font 16 to "Courier-Italic", "Courier-Italic"
@map font 9 to "Courier-Oblique", "Courier-Oblique"
@map font 18 to "Courier-Regular", "Courier-Regular"
@map font 19 to "D050000L-Regular", "D050000L-Regular"
@map font 20 to "Dingbats-Regular", "Dingbats-Regular"
@map font 4 to "Helvetica", "Helvetica"
@map font 6 to "Helvetica-Bold", "Helvetica-Bold"
@map font 7 to "Helvetica-BoldOblique", "Helvetica-BoldOblique"
@map font 5 to "Helvetica-Oblique", "Helvetica-Oblique"
@map font 25 to "NimbusMonoL-Bold", "NimbusMonoL-Bold"
@map font 26 to "NimbusMonoL-BoldOblique", "NimbusMonoL-BoldOblique"
@map font 27 to "NimbusMonoL-Regular", "NimbusMonoL-Regular"
@map font 28 to "NimbusMonoL-RegularOblique", "NimbusMonoL-RegularOblique"
@map font 29 to "NimbusMonoPS-Bold", "NimbusMonoPS-Bold"
@map font 30 to "NimbusMonoPS-BoldItalic", "NimbusMonoPS-BoldItalic"
@map font 31 to "NimbusMonoPS-Italic", "NimbusMonoPS-Italic"
@map font 32 to "NimbusMonoPS-Regular", "NimbusMonoPS-Regular"
@map font 33 to "NimbusRoman-Bold", "NimbusRoman-Bold"
@map font 34 to "NimbusRoman-BoldItalic", "NimbusRoman-BoldItalic"
@map font 35 to "NimbusRoman-Italic", "NimbusRoman-Italic"
@map font 36 to "NimbusRoman-Regular", "NimbusRoman-Regular"
@map font 37 to "NimbusRomanNo9L-Medium", "NimbusRomanNo9L-Medium"
@map font 38 to "NimbusRomanNo9L-MediumItalic", "NimbusRomanNo9L-MediumItalic"
@map font 39 to "NimbusRomanNo9L-Regular", "NimbusRomanNo9L-Regular"
@map font 40 to "NimbusRomanNo9L-RegularItalic", "NimbusRomanNo9L-RegularItalic"
@map font 41 to "NimbusSans-Bold", "NimbusSans-Bold"
@map font 42 to "NimbusSans-BoldItalic", "NimbusSans-BoldItalic"
@map font 43 to "NimbusSans-Italic", "NimbusSans-Italic"
@map font 44 to "NimbusSans-Regular", "NimbusSans-Regular"
@map font 45 to "NimbusSansL-Bold", "NimbusSansL-Bold"
@map font 46 to "NimbusSansL-BoldCondensed", "NimbusSansL-BoldCondensed"
@map font 47 to "NimbusSansL-BoldCondensedItalic", "NimbusSansL-BoldCondensedItalic"
@map font 48 to "NimbusSansL-BoldItalic", "NimbusSansL-BoldItalic"
@map font 49 to "NimbusSansL-Regular", "NimbusSansL-Regular"
@map font 50 to "NimbusSansL-RegularCondensed", "NimbusSansL-RegularCondensed"
@map font 51 to "NimbusSansL-RegularCondensedItalic", "NimbusSansL-RegularCondensedItalic"
@map font 52 to "NimbusSansL-RegularItalic", "NimbusSansL-RegularItalic"
@map font 53 to "NimbusSansNarrow-Bold", "NimbusSansNarrow-Bold"
@map font 54 to "NimbusSansNarrow-BoldOblique", "NimbusSansNarrow-BoldOblique"
@map font 55 to "NimbusSansNarrow-Oblique", "NimbusSansNarrow-Oblique"
@map font 56 to "NimbusSansNarrow-Regular", "NimbusSansNarrow-Regular"
@map font 57 to "P052-Bold", "P052-Bold"
@map font 58 to "P052-BoldItalic", "P052-BoldItalic"
@map font 59 to "P052-Italic", "P052-Italic"
@map font 60 to "P052-Roman", "P052-Roman"
@map font 61 to "StandardSymbolsL-Regular", "StandardSymbolsL-Regular"
@map font 62 to "StandardSymbolsPS-Regular", "StandardSymbolsPS-Regular"
@map font 12 to "Symbol", "Symbol"
@map font 2 to "Times-Bold", "Times-Bold"
@map font 3 to "Times-BoldItalic", "Times-BoldItalic"
@map font 1 to "Times-Italic", "Times-Italic"
@map font 0 to "Times-Roman", "Times-Roman"
@map font 68 to "URWBookman-Demi", "URWBookman-Demi"
@map font 69 to "URWBookman-DemiItalic", "URWBookman-DemiItalic"
@map font 70 to "URWBookman-Light", "URWBookman-Light"
@map font 71 to "URWBookman-LightItalic", "URWBookman-LightItalic"
@map font 72 to "URWBookmanL-DemiBold", "URWBookmanL-DemiBold"
@map font 73 to "URWBookmanL-DemiBoldItalic", "URWBookmanL-DemiBoldItalic"
@map font 74 to "URWBookmanL-Light", "URWBookmanL-Light"
@map font 75 to "URWBookmanL-LightItalic", "URWBookmanL-LightItalic"
@map font 76 to "URWChanceryL-MediumItalic", "URWChanceryL-MediumItalic"
@map font 77 to "URWGothic-Book", "URWGothic-Book"
@map font 78 to "URWGothic-BookOblique", "URWGothic-BookOblique"
@map font 79 to "URWGothic-Demi", "URWGothic-Demi"
@map font 80 to "URWGothic-DemiOblique", "URWGothic-DemiOblique"
@map font 81 to "URWGothicL-Book", "URWGothicL-Book"
@map font 82 to "URWGothicL-BookOblique", "URWGothicL-BookOblique"
@map font 83 to "URWGothicL-Demi", "URWGothicL-Demi"
@map font 84 to "URWGothicL-DemiOblique", "URWGothicL-DemiOblique"
@map font 85 to "URWPalladioL-Bold", "URWPalladioL-Bold"
@map font 86 to "URWPalladioL-BoldItalic", "URWPalladioL-BoldItalic"
@map font 87 to "URWPalladioL-Italic", "URWPalladioL-Italic"
@map font 88 to "URWPalladioL-Roman", "URWPalladioL-Roman"
@map font 89 to "Utopia-Bold", "Utopia-Bold"
@map font 90 to "Utopia-BoldItalic", "Utopia-BoldItalic"
@map font 91 to "Utopia-Italic", "Utopia-Italic"
@map font 92 to "Utopia-Regular", "Utopia-Regular"
@map font 93 to "Z003-MediumItalic", "Z003-MediumItalic"
@map font 13 to "ZapfDingbats", "ZapfDingbats"
@map color 0 to (255, 255, 255), "white"
@map color 1 to (0, 0, 0), "black"
@map color 2 to (255, 0, 0), "red"
@map color 3 to (0, 255, 0), "green"
@map color 4 to (0, 0, 255), "blue"
@map color 5 to (255, 255, 0), "yellow"
@map color 6 to (188, 143, 143), "brown"
@map color 7 to (220, 220, 220), "grey"
@map color 8 to (148, 0, 211), "violet"
@map color 9 to (0, 255, 255), "cyan"
@map color 10 to (255, 0, 255), "magenta"
@map color 11 to (255, 165, 0), "orange"
@map color 12 to (114, 33, 188), "indigo"
@map color 13 to (103, 7, 72), "maroon"
@map color 14 to (64, 224, 208), "turquoise"
@map color 15 to (0, 139, 0), "green4"
@reference date 0
@date wrap off
@date wrap year 1950
@default linewidth 1.0
@default linestyle 1
@default color 1
@default pattern 1
@default font 0
@default char size 1.000000
@default symbol size 1.000000
@default sformat "%.8g"
@background color 0
@page background fill on
@timestamp off
@timestamp 0.03, 0.03
@timestamp color 1
@timestamp rot 0
@timestamp font 0
@timestamp char size 1.000000
@timestamp def "Sun Oct 16 19:50:05 2022"
@r0 off
@link r0 to g0
@r0 type above
@r0 linestyle 1
@r0 linewidth 1.0
@r0 color 1
@r0 line 0, 0, 0, 0
@r1 off
@link r1 to g0
@r1 type above
@r1 linestyle 1
@r1 linewidth 1.0
@r1 color 1
@r1 line 0, 0, 0, 0
@r2 off
@link r2 to g0
@r2 type above
@r2 linestyle 1
@r2 linewidth 1.0
@r2 color 1
@r2 line 0, 0, 0, 0
@r3 off
@link r3 to g0
@r3 type above
@r3 linestyle 1
@r3 linewidth 1.0
@r3 color 1
@r3 line 0, 0, 0, 0
@r4 off
@link r4 to g0
@r4 type above
@r4 linestyle 1
@r4 linewidth 1.0
@r4 color 1
@r4 line 0, 0, 0, 0
@g0 on
@g0 hidden false
@g0 type XY
@g0 stacked false
@g0 bar hgap 0.000000
@g0 fixedpoint off
@g0 fixedpoint type 0
@g0 fixedpoint xy 0.000000, 0.000000
@g0 fixedpoint format general general
@g0 fixedpoint prec 6, 6
@with g0
@    world -3, -3, 2, 3
@    stack world 0, 0, 0, 0
@    znorm 1
@    view 0.250000, 0.150000, 1.150000, 0.850000
@    title "X-Y scatter plot"
@    title font 0
@    title size 1.500000
@    title color 1
@    subtitle ""
@    subtitle font 0
@    subtitle size 1.000000
@    subtitle color 1
@    xaxes scale Normal
@    yaxes scale Normal
@    xaxes invert off
@    yaxes invert off
@    xaxis  on
@    xaxis  type zero false
@    xaxis  offset 0.000000 , 0.000000
@    xaxis  bar on
@    xaxis  bar color 1
@    xaxis  bar linestyle 1
@    xaxis  bar linewidth 1.0
@    xaxis  label "X (cm)"
@    xaxis  label layout para
@    xaxis  label place auto
@    xaxis  label char size 1.000000
@    xaxis  label font 0
@    xaxis  label color 1
@    xaxis  label place normal
@    xaxis  tick on
@    xaxis  tick major 1
@    xaxis  tick minor ticks 1
@    xaxis  tick default 6
@    xaxis  tick place rounded true
@    xaxis  tick in
@    xaxis  tick major size 1.000000
@    xaxis  tick major color 1
@    xaxis  tick major linewidth 1.0
@    xaxis  tick major linestyle 1
@    xaxis  tick major grid off
@    xaxis  tick minor color 1
@    xaxis  tick minor linewidth 1.0
@    xaxis  tick minor linestyle 1
@    xaxis  tick minor grid off
@    xaxis  tick minor size 0.500000
@    xaxis  ticklabel on
@    xaxis  ticklabel format general
@    xaxis  ticklabel prec 5
@    xaxis  ticklabel formula ""
@    xaxis  ticklabel append ""
@    xaxis  ticklabel prepend ""
@    xaxis  ticklabel angle 0
@    xaxis  ticklabel skip 0
@    xaxis  ticklabel stagger 0
@    xaxis  ticklabel place normal
@    xaxis  ticklabel offset auto
@    xaxis  ticklabel offset 0.000000 , 0.010000
@    xaxis  ticklabel start type auto
@    xaxis  ticklabel start 0.000000
@    xaxis  ticklabel stop type auto
@    xaxis  ticklabel stop 0.000000
@    xaxis  ticklabel char size 1.000000
@    xaxis  ticklabel font 0
@    xaxis  ticklabel color 1
@    xaxis  tick place both
@    xaxis  tick spec type none
@    yaxis  on
@    yaxis  type zero false
@    yaxis  offset 0.000000 , 0.000000
@    yaxis  bar on
@    yaxis  bar color 1
@    yaxis  bar linestyle 1
@    yaxis  bar linewidth 1.0
@    yaxis  label "Y (cm)"
@    yaxis  label layout para
@    yaxis  label place auto
@    yaxis  label char size 1.000000
@    yaxis  label font 0
@    yaxis  label color 1
@    yaxis  label place normal
@    yaxis  tick on
@    yaxis  tick major 1
@    yaxis  tick minor ticks 1
@    yaxis  tick default 6
@    yaxis  tick place rounded true
@    yaxis  tick in
@    yaxis  tick major size 1.000000
@    yaxis  tick major color 1
@    yaxis  tick major linewidth 1.0
@    yaxis  tick major linestyle 1
@    yaxis  tick major grid off
@    yaxis  tick minor color 1
@    yaxis  tick minor linewidth 1.0
@    yaxis  tick minor linestyle 1
@    yaxis  tick minor grid off
@    yaxis  tick minor size 0.500000
@    yaxis  ticklabel on
@    yaxis  ticklabel format general
@    yaxis  ticklabel prec 5
@    yaxis  ticklabel formula ""
@    yaxis  ticklabel append ""
@    yaxis  ticklabel prepend ""
@    yaxis  ticklabel angle 0
@    yaxis  ticklabel skip 0
@    yaxis  ticklabel stagger 0
@    yaxis  ticklabel place normal
@    yaxis  ticklabel offset auto
@    yaxis  ticklabel offset 0.000000 , 0.010000
@    yaxis  ticklabel start type auto
@    yaxis  ticklabel start 0.000000
@    yaxis  ticklabel stop type auto
@    yaxis  ticklabel stop 0.000000
@    yaxis  ticklabel char size 1.000000
@    yaxis  ticklabel font 0
@    yaxis  ticklabel color 1
@    yaxis  tick place both
@    yaxis  tick spec type none
@    altxaxis  off
@    altyaxis  off
@    legend on
@    legend loctype view
@    legend 0.6, 0.75
@    legend box color 1
@    legend box pattern 1
@    legend box linewidth 1.0
@    legend box linestyle 1
@    legend box fill color 0
@    legend box fill pattern 1
@    legend font 0
@    legend char size 1.000000
@    legend color 1
@    legend length 4
@    legend vgap 1
@    legend hgap 1
@    legend invert false
@    frame type 0
@    frame linestyle 1
@    frame linewidth 1.0
@    frame color 1
@    frame pattern 1
@    frame background color 0
@    frame background pattern 0
@    s0 hidden false
@    s0 type xy
@    s0 symbol 1
@    s0 symbol size 1.000000
@    s0 symbol color 1
@    s0 symbol pattern 1
@    s0 symbol fill color 1
@    s0 symbol fill pattern 0
@    s0 symbol linewidth 1.0
@    s0 symbol linestyle 1
@    s0 symbol char 65
@    s0 symbol char font 0
@    s0 symbol skip 0
@    s0 line type 1
@    s0 line linestyle 0
@    s0 line linewidth 1.0
@    s0 line color 1
@    s0 line pattern 1
@    s0 baseline type 0
@    s0 baseline off
@    s0 dropline off
@    s0 fill type 0
@    s0 fill rule 0
@    s0 fill color 1
@    s0 fill pattern 1
@    s0 avalue off
@    s0 avalue type 2
@    s0 avalue char size 1.000000
@    s0 avalue font 0
@    s0 avalue color 1
@    s0 avalue rot 0
@    s0 avalue format general
@    s0 avalue prec 3
@    s0 avalue prepend ""
@    s0 avalue append ""
@    s0 avalue offset 0.000000 , 0.000000
@    s0 errorbar on
@    s0 errorbar place both
@    s0 errorbar color 1
@    s0 errorbar pattern 1
@    s0 errorbar size 1.000000
@    s0 errorbar linewidth 1.0
@    s0 errorbar linestyle 1
@    s0 errorbar riser linewidth 1.0
@    s0 errorbar riser linestyle 1
@    s0 errorbar riser clip off
@    s0 errorbar riser clip length 0.100000
@    s0 comment "AfterBladesPhsp"
@    s0 legend  "IQ = 0 NO LATCH CHECK"
@target G0.S0
@type xy
1.2206 0.84917
1.2206 0.84917
1.2206 0.84917
1.2206 0.84917
-0.96697 0.8909
-0.96697 0.8909
-0.96697 0.8909
-0.96697 0.8909
0.97678 0.0099263
0.97678 0.0099263
0.97678 0.0099263
0.97678 0.0099263
-0.46404 -0.23784
-0.46404 -0.23784
-0.46404 -0.23784
-0.46404 -0.23784
-1.2712 0.60645
-1.2712 0.60645
-1.2712 0.60645
-1.2712 0.60645
-1.1909 0.46198
-1.1909 0.46198
-1.1909 0.46198
-1.1909 0.46198
-0.067009 0.74993
-0.067009 0.74993
-0.067009 0.74993
-0.067009 0.74993
1.2858 0.022668
1.2858 0.022668
1.2858 0.022668
1.2858 0.022668
0.50858 0.48877
0.50858 0.48877
0.50858 0.48877
0.50858 0.48877
-1.0407 -0.58451
-1.0407 -0.58451
-1.0407 -0.58451
-1.0407 -0.58451
0.94292 0.31276
0.94292 0.31276
0.94292 0.31276
0.94292 0.31276
-1.1073 0.54638
-1.1073 0.54638
-1.1073 0.54638
-1.1073 0.54638
-0.69067 -0.58318
-0.69067 -0.58318
-0.69067 -0.58318
-0.69067 -0.58318
0.059552 -0.16576
0.059552 -0.16576
0.059552 -0.16576
0.059552 -0.16576
-0.44817 -0.18598
-0.44817 -0.18598
-0.44817 -0.18598
-0.44817 -0.18598
-1.3228 0.069528
-1.3228 0.069528
-1.3228 0.069528
-1.3228 0.069528
-1.058 -0.14204
-1.058 -0.14204
-1.058 -0.14204
-1.058 -0.14204
-0.7703 0.10161
-0.7703 0.10161
-0.7703 0.10161
-0.7703 0.10161
-0.30617 -0.81293
-0.30617 -0.81293
-0.30617 -0.81293
-0.30617 -0.81293
0.48442 -0.14859
0.48442 -0.14859
0.48442 -0.14859
0.48442 -0.14859
-0.93285 0.048651
-0.93285 0.048651
-0.93285 0.048651
-0.93285 0.048651
-0.53485 0.69088
-0.53485 0.69088
-0.53485 0.69088
-0.53485 0.69088
0.5843 -0.29321
0.5843 -0.29321
0.5843 -0.29321
0.5843 -0.29321
-0.33568 -0.43282
-0.33568 -0.43282
-0.33568 -0.43282
-0.33568 -0.43282
-0.19101 -0.73163
-0.19101 -0.73163
-0.19101 -0.73163
-0.19101 -0.73163
-1.0409 0.034711
-1.0409 0.034711
-1.0409 0.034711
-1.0409 0.034711
-1.1135 -1.0605
-1.1135 -1.0605
-1.1135 -1.0605
-1.1135 -1.0605
-1.2554 -0.40945
-1.2554 -0.40945
-1.2554 -0.40945
-1.2554 -0.40945
-1.1445 0.15191
-1.1445 0.15191
-1.1445 0.15191
-1.1445 0.15191
-0.84047 -0.73096
-0.84047 -0.73096
-0.84047 -0.73096
-0.84047 -0.73096
-0.37365 -0.59395
-0.37365 -0.59395
-0.37365 -0.59395
-0.37365 -0.59395
0.41621 0.57111
0.41621 0.57111
0.41621 0.57111
0.41621 0.57111
-0.2726 0.88216
-0.2726 0.88216
-0.2726 0.88216
-0.2726 0.88216
-0.19072 -0.6452
-0.19072 -0.6452
-0.19072 -0.6452
-0.19072 -0.6452
-0.23502 0.71528
-0.23502 0.71528
-0.23502 0.71528
-0.23502 0.71528
0.9889 0.58505
0.9889 0.58505
0.9889 0.58505
0.9889 0.58505
0.55061 0.89568
0.55061 0.89568
0.55061 0.89568
0.55061 0.89568
-1.1072 0.90816
-1.1072 0.90816
-1.1072 0.90816
-1.1072 0.90816
-0.43667 0.33426
-0.43667 0.33426
-0.43667 0.33426
-0.43667 0.33426
0.02512 0.9052
0.02512 0.9052
0.02512 0.9052
0.02512 0.9052
-0.18116 -1.0184
-0.18116 -1.0184
-0.18116 -1.0184
-0.18116 -1.0184
-1.3248 0.13077
-1.3248 0.13077
-1.3248 0.13077
-1.3248 0.13077
0.76983 0.056627
0.76983 0.056627
0.76983 0.056627
0.76983 0.056627
-1.3416 0.065565
-1.3416 0.065565
-1.3416 0.065565
-1.3416 0.065565
0.37188 -0.12159
0.37188 -0.12159
0.37188 -0.12159
0.37188 -0.12159
0.82722 1.0423
0.82722 1.0423
0.82722 1.0423
0.82722 1.0423
0.62223 0.70464
0.62223 0.70464
0.62223 0.70464
0.62223 0.70464
-0.65837 -0.78612
-0.65837 -0.78612
-0.65837 -0.78612
-0.65837 -0.78612
1.4018 0.20424
1.4018 0.20424
1.4018 0.20424
1.4018 0.20424
-0.66214 -1.0644
-0.66214 -1.0644
-0.66214 -1.0644
-0.66214 -1.0644
0.33454 0.018694
0.33454 0.018694
0.33454 0.018694
0.33454 0.018694
0.053323 0.3256
0.053323 0.3256
0.053323 0.3256
0.053323 0.3256
-0.40348 -0.11465
-0.40348 -0.11465
-0.40348 -0.11465
-0.40348 -0.11465
-0.51295 -0.39297
-0.51295 -0.39297
-0.51295 -0.39297
-0.51295 -0.39297
-1.1974 -0.60662
-1.1974 -0.60662
-1.1974 -0.60662
-1.1974 -0.60662
1.3114 -0.97214
1.3114 -0.97214
1.3114 -0.97214
1.3114 -0.97214
1.4036 0.46146
1.4036 0.46146
1.4036 0.46146
1.4036 0.46146
-0.39431 1.0712
-0.39431 1.0712
-0.39431 1.0712
-0.39431 1.0712
-0.68933 0.70943
-0.68933 0.70943
-0.68933 0.70943
-0.68933 0.70943
1.237 -0.023957
1.237 -0.023957
1.237 -0.023957
1.237 -0.023957
-0.88989 1.1047
-0.88989 1.1047
-0.88989 1.1047
-0.88989 1.1047
0.029297 -0.48982
0.029297 -0.48982
0.029297 -0.48982
0.029297 -0.48982
-0.31739 -0.16879
-0.31739 -0.16879
-0.31739 -0.16879
-0.31739 -0.16879
-0.45458 -0.21702
-0.45458 -0.21702
-0.45458 -0.21702
-0.45458 -0.21702
0.8752 -0.31489
0.8752 -0.31489
0.8752 -0.31489
0.8752 -0.31489
0.38494 -1.092
0.50164 -0.57961
0.50164 -0.57961
0.50164 -0.57961
0.50164 -0.57961
0.54581 -0.65331
0.54581 -0.65331
0.54581 -0.65331
0.54581 -0.65331
1.006 -0.20359
1.006 -0.20359
1.006 -0.20359
1.006 -0.20359
0.86687 0.35931
0.86687 0.35931
0.86687 0.35931
0.86687 0.35931
-1.1746 0.01025
-1.1746 0.01025
-1.1746 0.01025
-1.1746 0.01025
0.40169 0.35959
0.40169 0.35959
0.40169 0.35959
0.40169 0.35959
-1.239 0.78955
0.47741 0.76063
0.47741 0.76063
0.47741 0.76063
0.47741 0.76063
0.42369 0.7544
0.42369 0.7544
0.42369 0.7544
0.42369 0.7544
1.2551 0.3235
1.2551 0.3235
1.2551 0.3235
1.2551 0.3235
0.75607 -0.40458
0.75607 -0.40458
0.75607 -0.40458
0.75607 -0.40458
0.063956 0.082918
0.063956 0.082918
0.063956 0.082918
0.063956 0.082918
-1.3106 -0.76663
-1.3106 -0.76663
-1.3106 -0.76663
-1.3106 -0.76663
-0.33997 -0.94674
-0.33997 -0.94674
-0.33997 -0.94674
-0.33997 -0.94674
-0.59447 -0.73497
-0.68236 0.72963
-0.68236 0.72963
-0.68236 0.72963
-0.68236 0.72963
-0.82334 0.93751
-0.82334 0.93751
-0.82334 0.93751
-0.82334 0.93751
0.84559 -0.87237
0.84559 -0.87237
0.84559 -0.87237
0.84559 -0.87237
-0.79519 -0.69818
-0.79519 -0.69818
-0.79519 -0.69818
-0.79519 -0.69818
-0.52675 0.54323
-0.52675 0.54323
-0.52675 0.54323
-0.52675 0.54323
0.65067 -1.0558
0.65067 -1.0558
0.65067 -1.0558
0.65067 -1.0558
-0.15294 0.15633
-0.15294 0.15633
-0.15294 0.15633
-0.15294 0.15633
-0.053082 0.40345
-0.053082 0.40345
-0.053082 0.40345
-0.053082 0.40345
-0.36099 -0.69511
-0.36099 -0.69511
-0.36099 -0.69511
-0.36099 -0.69511
1.245 -0.15308
1.245 -0.15308
1.245 -0.15308
1.245 -0.15308
-0.73811 -0.14988
-0.73811 -0.14988
-0.73811 -0.14988
-0.73811 -0.14988
-1.0228 0.65545
-1.0228 0.65545
-1.0228 0.65545
-1.0228 0.65545
0.93947 0.94093
0.93947 0.94093
0.93947 0.94093
0.93947 0.94093
-1.0544 0.19464
-1.0544 0.19464
-1.0544 0.19464
-1.0544 0.19464
-1.0721 -0.98596
-1.0721 -0.98596
-1.0721 -0.98596
-1.0721 -0.98596
0.92394 0.77457
0.92394 0.77457
0.92394 0.77457
0.92394 0.77457
0.5386 -0.54459
0.5386 -0.54459
0.5386 -0.54459
0.5386 -0.54459
-1.4692 -0.45909
-1.4692 -0.45909
-1.4692 -0.45909
-1.4692 -0.45909
-0.90754 0.058749
-0.90754 0.058749
-0.90754 0.058749
-0.90754 0.058749
-0.03646 -0.45887
-0.03646 -0.45887
-0.03646 -0.45887
-0.03646 -0.45887
-1.0018 -0.65866
-1.0018 -0.65866
-1.0018 -0.65866
-1.0018 -0.65866
-0.46339 -0.52813
-0.46339 -0.52813
-0.46339 -0.52813
-0.46339 -0.52813
-1.4408 0.20535
-1.4408 0.20535
-1.4408 0.20535
-1.4408 0.20535
0.43206 0.1215
0.43206 0.1215
0.43206 0.1215
0.43206 0.1215
1.2827 -0.00020145
1.2827 -0.00020145
1.2827 -0.00020145
1.2827 -0.00020145
-0.76339 0.95027
-0.76339 0.95027
-0.76339 0.95027
-0.76339 0.95027
-0.53108 0.9694
-0.53108 0.9694
-0.53108 0.9694
-0.53108 0.9694
-1.0259 -0.3934
-1.0259 -0.3934
-1.0259 -0.3934
-1.0259 -0.3934
-0.87445 0.62338
-0.87445 0.62338
-0.87445 0.62338
-0.87445 0.62338
1.19 0.28104
1.2976 0.74811
-1.0557 0.7768
-1.0557 0.7768
-1.0557 0.7768
-1.0557 0.7768
-0.45734 -0.12897
-0.45734 -0.12897
-0.45734 -0.12897
-0.45734 -0.12897
0.48355 -0.67309
0.48355 -0.67309
0.48355 -0.67309
0.48355 -0.67309
-0.31417 -0.092559
-0.31417 -0.092559
-0.31417 -0.092559
-0.31417 -0.092559
-0.8449 0.35318
-0.8449 0.35318
-0.8449 0.35318
-0.8449 0.35318
-1.1633 -0.24785
-1.1633 -0.24785
-1.1633 -0.24785
-1.1633 -0.24785
-0.76438 -0.27206
-0.76438 -0.27206
-0.76438 -0.27206
-0.76438 -0.27206
-1.0876 0.41612
-1.0876 0.41612
-1.0876 0.41612
-1.0876 0.41612
-1.3481 0.61373
-1.3481 0.61373
-1.3481 0.61373
-1.3481 0.61373
-0.88395 -1.0081
-0.88395 -1.0081
-0.88395 -1.0081
-0.88395 -1.0081
0.9429 0.92463
0.9429 0.92463
0.9429 0.92463
0.9429 0.92463
-0.18232 -1.0485
-0.18232 -1.0485
-0.18232 -1.0485
-0.18232 -1.0485
-0.96537 0.19306
-0.96537 0.19306
-0.96537 0.19306
-0.96537 0.19306
-1.3509 0.58019
-1.3509 0.58019
-1.3509 0.58019
-1.3509 0.58019
0.70424 0.24053
0.70424 0.24053
0.70424 0.24053
0.70424 0.24053
-0.90368 0.18538
-0.90368 0.18538
-0.90368 0.18538
-0.90368 0.18538
0.090848 -0.6383
0.090848 -0.6383
0.090848 -0.6383
0.090848 -0.6383
1.1872 -0.84093
1.1872 -0.84093
1.1872 -0.84093
1.1872 -0.84093
1.0558 0.081643
1.0558 0.081643
1.0558 0.081643
1.0558 0.081643
0.65797 -0.070059
0.65797 -0.070059
0.65797 -0.070059
0.65797 -0.070059
-1.0684 -0.34814
-1.0684 -0.34814
-1.0684 -0.34814
-1.0684 -0.34814
1.4314 -0.15706
1.4314 -0.15706
1.4314 -0.15706
1.4314 -0.15706
0.6365 0.46193
0.6365 0.46193
0.6365 0.46193
0.6365 0.46193
1.5708 2.5933
1.5708 2.5933
1.5708 2.5933
1.5708 2.5933
0.67106 -1.0595
0.67106 -1.0595
0.67106 -1.0595
0.67106 -1.0595
-0.62538 0.92252
-0.62538 0.92252
-0.62538 0.92252
-0.62538 0.92252
-0.026283 0.4335
-0.026283 0.4335
-0.026283 0.4335
-0.026283 0.4335
-1.2966 -0.099485
-1.2966 -0.099485
-1.2966 -0.099485
-1.2966 -0.099485
0.23479 -0.6565
0.23479 -0.6565
0.23479 -0.6565
0.23479 -0.6565
-0.68863 -0.5602
-0.68863 -0.5602
-0.68863 -0.5602
-0.68863 -0.5602
1.2218 -0.23681
1.2218 -0.23681
1.2218 -0.23681
1.2218 -0.23681
-0.43563 0.77111
-0.43563 0.77111
-0.43563 0.77111
-0.43563 0.77111
-0.18325 0.089557
-0.94625 1.4587
0.3518 -0.23386
0.3518 -0.23386
0.3518 -0.23386
0.3518 -0.23386
0.2692 -0.018489
0.2692 -0.018489
0.2692 -0.018489
0.2692 -0.018489
-0.69559 0.42238
-0.69559 0.42238
-0.69559 0.42238
-0.69559 0.42238
-1.3883 0.31332
-1.3883 0.31332
-1.3883 0.31332
-1.3883 0.31332
-1.0338 -0.54703
-1.0338 -0.54703
-1.0338 -0.54703
-1.0338 -0.54703
-0.13739 -1.0799
0.52723 -0.79121
0.52723 -0.79121
0.52723 -0.79121
0.52723 -0.79121
0.47998 0.1137
0.47998 0.1137
0.47998 0.1137
0.47998 0.1137
0.92375 0.36797
0.92375 0.36797
0.92375 0.36797
0.92375 0.36797
0.74802 -0.38223
0.74802 -0.38223
0.74802 -0.38223
0.74802 -0.38223
1.1365 -0.93339
1.1365 -0.93339
1.1365 -0.93339
1.1365 -0.93339
0.31246 0.18555
0.31246 0.18555
0.31246 0.18555
0.31246 0.18555
-1.3745 -0.45121
-1.3745 -0.45121
-1.3745 -0.45121
-1.3745 -0.45121
1.4959 -0.84521
1.4959 -0.84521
-0.63124 0.52755
-0.63124 0.52755
-0.63124 0.52755
-0.63124 0.52755
-1.4173 -0.52375
-1.4173 -0.52375
-1.4173 -0.52375
-1.4173 -0.52375
-1.0371 0.98108
-1.0371 0.98108
-1.0371 0.98108
-1.0371 0.98108
1.3452 -0.64742
1.3452 -0.64742
1.3452 -0.64742
1.3452 -0.64742
1.2497 -0.58916
1.2497 -0.58916
1.2497 -0.58916
1.2497 -0.58916
-1.0047 -0.65778
-1.0047 -0.65778
-1.0047 -0.65778
-1.0047 -0.65778
1.3032 0.27244
1.3032 0.27244
1.3032 0.27244
1.3032 0.27244
1.2382 -0.22663
1.2382 -0.22663
1.2382 -0.22663
1.2382 -0.22663
0.52621 0.64321
0.52621 0.64321
0.52621 0.64321
0.52621 0.64321
-1.3267 -0.66098
-1.3267 -0.66098
-1.3267 -0.66098
-1.3267 -0.66098
-1.342 -0.95691
-1.342 -0.95691
-1.342 -0.95691
-1.342 -0.95691
-0.5177 -0.83411
-0.5177 -0.83411
-0.5177 -0.83411
-0.5177 -0.83411
0.86752 0.30276
0.86752 0.30276
0.86752 0.30276
0.86752 0.30276
0.16452 -0.63851
0.16452 -0.63851
0.16452 -0.63851
0.16452 -0.63851
0.32459 0.11456
0.32459 0.11456
0.32459 0.11456
0.32459 0.11456
0.66035 0.14487
0.66035 0.14487
0.66035 0.14487
0.66035 0.14487
-0.22381 -0.43046
-0.22381 -0.43046
-0.22381 -0.43046
-0.22381 -0.43046
1.0619 -0.98599
1.0619 -0.98599
1.0619 -0.98599
1.0619 -0.98599
-1.3953 0.56332
-1.3953 0.56332
-1.3953 0.56332
-1.3953 0.56332
-0.062829 -1.2947
-1.2405 -0.31515
-0.75979 -0.50174
-0.26223 -0.24819
0.97621 -0.31494
-0.93669 -1.1664
-0.47202 -0.69164
-0.7924 0.17221
-0.18176 -1.0346
-0.72736 -0.63524
-0.78827 -0.89346
-1.127 -1.2036
-0.23665 0.14043
-0.64749 -2.398
-0.72937 -2.0397
1.091 0.057978
-1.2003 -0.71502
-0.81516 -1.218
-0.48752 -0.90213
-0.66891 -0.45486
1.2614 -1.0996
1.8082 0.58846
-0.38924 -2.7133
0.6772 -0.35305
-0.93293 -1.1202
-0.75754 -0.3094
0.26049 -1.8594
-0.74727 -0.74316
-0.7847 -1.6613
-1.263 -0.76953
0.29291 -2.6884
-0.2136 -0.8879
-0.75238 0.81501
-0.085645 -0.70297
-0.78463 -0.55197
-0.30847 -1.0143
-0.81784 -1.7793
-0.25319 -2.013
-1.3622 -0.2129
1.0417 1.1299
-0.39202 -1.2494
-0.33983 -1.0809
-0.50401 0.074425
-0.31228 -1.3899
-0.8371 -1.1455
-1.3106 0.18326
-0.76024 -0.51179
-0.38657 -1.2652
-0.26493 -1.6438
1.1691 -0.9637
1.4793 -0.90797
1.4793 -0.90797
1.4793 -0.90797
0.47041 -0.17767
0.47041 -0.17767
0.47041 -0.17767
0.47041 -0.17767
-0.82502 0.70124
-0.82502 0.70124
-0.82502 0.70124
-0.82502 0.70124
-0.91632 -0.8601
-0.91632 -0.8601
-0.91632 -0.8601
-0.91632 -0.8601
-1.4414 -0.50443
-1.4414 -0.50443
-1.4414 -0.50443
-1.4414 -0.50443
0.93497 -0.34573
0.93497 -0.34573
0.93497 -0.34573
0.93497 -0.34573
-0.99811 -0.33279
-0.99811 -0.33279
-0.99811 -0.33279
-0.99811 -0.33279
-0.87958 1.0547
-0.87958 1.0547
-0.87958 1.0547
-0.87958 1.0547
-1.3443 -0.29098
-1.3443 -0.29098
-1.3443 -0.29098
-1.3443 -0.29098
0.19953 -0.65531
0.19953 -0.65531
0.19953 -0.65531
0.19953 -0.65531
0.89474 -0.17039
0.89474 -0.17039
0.89474 -0.17039
0.89474 -0.17039
-0.59187 -0.5142
-0.59187 -0.5142
-0.59187 -0.5142
-0.59187 -0.5142
-1.3545 -0.83977
-1.3545 -0.83977
-1.3545 -0.83977
-1.3545 -0.83977
0.62855 0.33894
0.62855 0.33894
0.62855 0.33894
0.62855 0.33894
-0.38842 -0.26943
-0.38842 -0.26943
-0.38842 -0.26943
-0.38842 -0.26943
0.28414 1.1277
0.74997 -0.24872
0.23045 -0.54537
0.17766 0.0083568
-1.1782 -1.0989
-0.25564 -0.31073
1.4081 -1.3859
0.3128 -0.89209
1.4717 0.69231
0.74507 -0.58878
0.22726 0.76076
-0.74061 0.30426
-0.075608 0.27123
-1.4957 -0.51424
-0.32732 -0.33474
1.6057 -0.73593
-0.19388 -0.13887
-0.60916 -1.3321
0.4659 0.89874
0.4659 0.89874
0.4659 0.89874
0.4659 0.89874
1.0902 0.91716
1.0902 0.91716
1.0902 0.91716
1.0902 0.91716
1.1345 0.088784
1.1345 0.088784
1.1345 0.088784
1.1345 0.088784
0.37471 0.47012
0.37471 0.47012
0.37471 0.47012
0.37471 0.47012
0.86405 -0.69522
0.86405 -0.69522
0.86405 -0.69522
0.86405 -0.69522
-1.3769 0.52034
-1.3769 0.52034
-1.3769 0.52034
-1.3769 0.52034
0.77521 -0.21267
0.77521 -0.21267
0.77521 -0.21267
0.77521 -0.21267
-0.81382 0.76577
-0.81382 0.76577
-0.81382 0.76577
-0.81382 0.76577
-0.17538 -1.0053
-0.17538 -1.0053
-0.17538 -1.0053
-0.17538 -1.0053
-0.087836 -0.38889
-0.087836 -0.38889
-0.087836 -0.38889
-0.087836 -0.38889
-0.80062 0.27583
-0.80062 0.27583
-0.80062 0.27583
-0.80062 0.27583
-0.33235 0.66122
-0.33235 0.66122
-0.33235 0.66122
-0.33235 0.66122
-1.101 0.17376
-1.101 0.17376
-1.101 0.17376
-1.101 0.17376
-0.45293 -0.63825
-0.45293 -0.63825
-0.45293 -0.63825
-0.45293 -0.63825
-0.013425 -0.166
-0.013425 -0.166
-0.013425 -0.166
-0.013425 -0.166
0.25832 0.84281
0.25832 0.84281
0.25832 0.84281
0.25832 0.84281
0.057864 -0.92778
0.057864 -0.92778
0.057864 -0.92778
0.057864 -0.92778
0.24208 0.67827
0.24208 0.67827
0.24208 0.67827
0.24208 0.67827
0.12842 0.13991
0.12842 0.13991
0.12842 0.13991
0.12842 0.13991
1.5256 0.73616
1.4911 0.73219
-1.2758 0.31928
-1.2758 0.31928
-1.2758 0.31928
-1.2758 0.31928
0.99389 -0.42861
0.99389 -0.42861
0.99389 -0.42861
0.99389 -0.42861
0.81129 0.96377
0.81129 0.96377
0.81129 0.96377
0.81129 0.96377
-0.50944 1.0709
-0.50944 1.0709
-0.50944 1.0709
-0.50944 1.0709
0.5862 -0.79913
0.5862 -0.79913
0.5862 -0.79913
0.5862 -0.79913
-0.89684 -0.72026
-0.89684 -0.72026
-0.89684 -0.72026
-0.89684 -0.72026
1.037 0.41767
1.037 0.41767
1.037 0.41767
1.037 0.41767
-1.0607 0.48355
-1.0607 0.48355
-1.0607 0.48355
-1.0607 0.48355
1.1617 -0.41896
1.1617 -0.41896
1.1617 -0.41896
1.1617 -0.41896
1.2664 -0.27326
1.2664 -0.27326
1.2664 -0.27326
1.2664 -0.27326
-0.86052 -0.85218
-0.86052 -0.85218
-0.86052 -0.85218
-0.86052 -0.85218
-1.0248 0.1577
-1.0248 0.1577
-1.0248 0.1577
-1.0248 0.1577
-0.81133 1.032
-0.81133 1.032
-0.81133 1.032
-0.81133 1.032
-1.0707 0.97435
-1.0707 0.97435
-1.0707 0.97435
-1.0707 0.97435
-0.55203 -0.96554
-0.55203 -0.96554
-0.55203 -0.96554
-0.55203 -0.96554
0.42156 0.41884
0.42156 0.41884
0.42156 0.41884
0.42156 0.41884
1.3639 -1.0164
1.3639 -1.0164
1.3639 -1.0164
1.3639 -1.0164
0.087409 -0.21293
0.087409 -0.21293
0.087409 -0.21293
0.087409 -0.21293
0.44036 -0.2942
0.44036 -0.2942
0.44036 -0.2942
0.44036 -0.2942
-1.2667 -1.0398
-1.2667 -1.0398
-1.2667 -1.0398
-1.2667 -1.0398
0.60491 -0.098304
0.60491 -0.098304
0.60491 -0.098304
0.60491 -0.098304
-0.93312 0.12458
-0.93312 0.12458
-0.93312 0.12458
-0.93312 0.12458
-0.56387 -0.0003869
-0.56387 -0.0003869
-0.56387 -0.0003869
-0.56387 -0.0003869
0.71096 -1.0304
0.71096 -1.0304
0.71096 -1.0304
0.71096 -1.0304
0.13096 0.79378
0.13096 0.79378
0.13096 0.79378
0.13096 0.79378
0.74797 -0.9604
0.74797 -0.9604
0.74797 -0.9604
0.74797 -0.9604
-1.2086 0.27025
-1.2086 0.27025
-1.2086 0.27025
-1.2086 0.27025
1.3155 -0.21523
1.3155 -0.21523
1.3155 -0.21523
1.3155 -0.21523
0.51878 -0.18958
0.51878 -0.18958
0.51878 -0.18958
0.51878 -0.18958
0.90283 0.75731
0.90283 0.75731
0.90283 0.75731
0.90283 0.75731
-0.92055 -1.0762
-0.92055 -1.0762
-0.92055 -1.0762
-0.92055 -1.0762
1.2943 -1.052
1.2943 -1.052
1.2943 -1.052
1.2943 -1.052
-0.48236 0.83998
-0.48236 0.83998
-0.48236 0.83998
-0.48236 0.83998
-1.3694 -1.9397
-1.3694 -1.9397
-1.3694 -1.9397
-1.3694 -1.9397
1.1945 -1.038
1.1945 -1.038
1.1945 -1.038
1.1945 -1.038
0.43485 0.26892
0.43485 0.26892
0.43485 0.26892
0.43485 0.26892
0.080812 -0.05795
0.080812 -0.05795
0.080812 -0.05795
0.080812 -0.05795
-0.0977 0.53647
-0.0977 0.53647
-0.0977 0.53647
-0.0977 0.53647
-0.89768 0.51089
-0.89768 0.51089
-0.89768 0.51089
-0.89768 0.51089
0.85142 -0.6109
0.85142 -0.6109
0.85142 -0.6109
0.85142 -0.6109
0.68799 -0.47169
0.68799 -0.47169
0.68799 -0.47169
0.68799 -0.47169
-0.33379 -0.4199
-0.33379 -0.4199
-0.33379 -0.4199
-0.33379 -0.4199
-0.72262 0.72429
-0.85136 -0.77894
-0.85136 -0.77894
-0.85136 -0.77894
-0.85136 -0.77894
0.56416 0.13823
0.56416 0.13823
0.56416 0.13823
0.56416 0.13823
0.10238 -0.67632
0.10238 -0.67632
0.10238 -0.67632
0.10238 -0.67632
1.0567 0.70678
1.0567 0.70678
1.0567 0.70678
1.0567 0.70678
0.58541 -1.0705
0.58541 -1.0705
0.58541 -1.0705
0.58541 -1.0705
0.88534 -0.71999
0.88534 -0.71999
0.88534 -0.71999
0.88534 -0.71999
-1.0269 0.87745
-1.0269 0.87745
-1.0269 0.87745
-1.0269 0.87745
-0.89066 0.18522
-0.89066 0.18522
-0.89066 0.18522
-0.89066 0.18522
-1.1163 -0.43893
-1.1163 -0.43893
-1.1163 -0.43893
-1.1163 -0.43893
0.80544 -0.58896
0.80544 -0.58896
0.80544 -0.58896
0.80544 -0.58896
-0.7281 0.7428
-0.7281 0.7428
-0.7281 0.7428
-0.7281 0.7428
-0.17335 0.61698
-0.17335 0.61698
-0.17335 0.61698
-0.17335 0.61698
-1.4162 -0.52516
-1.4162 -0.52516
-1.4162 -0.52516
-1.4162 -0.52516
-0.61185 0.68941
-0.61185 0.68941
-0.61185 0.68941
-0.61185 0.68941
0.17282 -0.37046
0.17282 -0.37046
0.17282 -0.37046
0.17282 -0.37046
-0.30423 0.46285
-0.30423 0.46285
-0.30423 0.46285
-0.30423 0.46285
1.1893 0.4774
1.1893 0.4774
1.1893 0.4774
1.1893 0.4774
-1.1274 -0.28086
-1.1274 -0.28086
-1.1274 -0.28086
-1.1274 -0.28086
-0.90802 0.61183
-0.90802 0.61183
-0.90802 0.61183
-0.90802 0.61183
0.43973 -0.27329
0.43973 -0.27329
0.43973 -0.27329
0.43973 -0.27329
-0.8794 0.60126
-0.8794 0.60126
-0.8794 0.60126
-0.8794 0.60126
-0.049153 0.068696
-0.049153 0.068696
-0.049153 0.068696
-0.049153 0.068696
-1.4487 0.49647
-1.4487 0.49647
-1.4487 0.49647
-1.4487 0.49647
-0.9077 0.96869
-0.9077 0.96869
-0.9077 0.96869
-0.9077 0.96869
0.35228 -0.93956
0.35228 -0.93956
0.35228 -0.93956
0.35228 -0.93956
-0.14054 0.55509
-0.14054 0.55509
-0.14054 0.55509
-0.14054 0.55509
-1.0237 0.2195
-1.0237 0.2195
-1.0237 0.2195
-1.0237 0.2195
-0.2021 -0.042338
-0.2021 -0.042338
-0.2021 -0.042338
-0.2021 -0.042338
-1.1864 -0.40421
-1.1864 -0.40421
-1.1864 -0.40421
-1.1864 -0.40421
-1.0359 0.4706
-1.0359 0.4706
-1.0359 0.4706
-1.0359 0.4706
0.89198 0.22453
0.89198 0.22453
0.89198 0.22453
0.89198 0.22453
1.0934 0.69056
1.0934 0.69056
1.0934 0.69056
1.0934 0.69056
-0.049413 0.70269
-0.049413 0.70269
-0.049413 0.70269
-0.049413 0.70269
0.82434 0.14936
0.82434 0.14936
0.82434 0.14936
0.82434 0.14936
0.76329 0.95914
0.76329 0.95914
0.76329 0.95914
0.76329 0.95914
0.081224 0.58761
0.081224 0.58761
0.081224 0.58761
0.081224 0.58761
0.49383 0.4858
0.49383 0.4858
0.49383 0.4858
0.49383 0.4858
0.87618 0.15627
0.87618 0.15627
0.87618 0.15627
0.87618 0.15627
0.67627 0.25897
0.67627 0.25897
0.67627 0.25897
0.67627 0.25897
-0.26434 0.67991
-0.26434 0.67991
-0.26434 0.67991
-0.26434 0.67991
1.0628 0.20747
1.0628 0.20747
1.0628 0.20747
1.0628 0.20747
1.4124 -0.54769
1.4124 -0.54769
1.4124 -0.54769
1.4124 -0.54769
-0.2097 -0.156
-0.2097 -0.156
-0.2097 -0.156
-0.2097 -0.156
-0.92629 -0.38778
-0.92629 -0.38778
-0.92629 -0.38778
-0.92629 -0.38778
-0.44138 -0.20118
-0.44138 -0.20118
-0.44138 -0.20118
-0.44138 -0.20118
-1.3325 -0.46262
-1.3325 -0.46262
-1.3325 -0.46262
-1.3325 -0.46262
1.1232 -0.0049899
1.1232 -0.0049899
1.1232 -0.0049899
1.1232 -0.0049899
0.83975 0.057216
0.83975 0.057216
0.83975 0.057216
0.83975 0.057216
-1.229 0.031493
-1.229 0.031493
-1.229 0.031493
-1.229 0.031493
0.13035 -0.94227
0.13035 -0.94227
0.13035 -0.94227
0.13035 -0.94227
0.77089 0.89708
0.77089 0.89708
0.77089 0.89708
0.77089 0.89708
1.1902 -0.1229
1.1902 -0.1229
1.1902 -0.1229
1.1902 -0.1229
-0.98593 -0.26859
-0.98593 -0.26859
-0.98593 -0.26859
-0.98593 -0.26859
-0.72674 -0.44744
-0.72674 -0.44744
-0.72674 -0.44744
-0.72674 -0.44744
-0.9246 -0.5316
-0.9246 -0.5316
-0.9246 -0.5316
-0.9246 -0.5316
-0.73497 1.0803
-0.73497 1.0803
-0.73497 1.0803
-0.73497 1.0803
1.4048 -0.21427
1.4048 -0.21427
1.4048 -0.21427
1.4048 -0.21427
1.379 1.1233
1.4563 -0.91973
1.4563 -0.91973
1.4563 -0.91973
1.4563 -0.91973
-0.99235 0.013739
-0.99235 0.013739
-0.99235 0.013739
-0.99235 0.013739
-0.34451 -0.76961
-0.34451 -0.76961
-0.34451 -0.76961
-0.34451 -0.76961
1.3694 -0.050667
1.3694 -0.050667
1.3694 -0.050667
1.3694 -0.050667
1.0973 -1.0056
1.0973 -1.0056
1.0973 -1.0056
1.0973 -1.0056
0.80874 -0.88153
0.80874 -0.88153
0.80874 -0.88153
0.80874 -0.88153
1.0071 0.56671
1.0071 0.56671
1.0071 0.56671
1.0071 0.56671
-1.2871 0.58813
-1.389 0.09887
-1.389 0.09887
-1.389 0.09887
-1.389 0.09887
-0.17631 0.11549
-0.17631 0.11549
-0.17631 0.11549
-0.17631 0.11549
0.10832 -0.80184
0.10832 -0.80184
0.10832 -0.80184
0.10832 -0.80184
-0.36156 0.84759
-0.36156 0.84759
-0.36156 0.84759
-0.36156 0.84759
0.53607 0.11195
0.53607 0.11195
0.53607 0.11195
0.53607 0.11195
-1.0649 -0.4231
-1.0649 -0.4231
-1.0649 -0.4231
-1.0649 -0.4231
0.74145 0.98572
0.74145 0.98572
0.74145 0.98572
0.74145 0.98572
0.91727 -1.0515
0.91727 -1.0515
0.91727 -1.0515
0.91727 -1.0515
0.83963 0.99701
0.83963 0.99701
0.83963 0.99701
0.83963 0.99701
-0.042626 -0.113
-0.042626 -0.113
-0.042626 -0.113
-0.042626 -0.113
0.55468 -0.32042
0.55468 -0.32042
0.55468 -0.32042
0.55468 -0.32042
-1.4295 0.064097
-1.4295 0.064097
-1.4295 0.064097
-1.4295 0.064097
-0.42565 0.75956
-0.42565 0.75956
-0.42565 0.75956
-0.42565 0.75956
1.3466 0.60943
1.3466 0.60943
1.3466 0.60943
1.3466 0.60943
-0.71256 -0.86887
-0.71256 -0.86887
-0.71256 -0.86887
-0.71256 -0.86887
-0.31793 -0.86414
-0.31793 -0.86414
-0.31793 -0.86414
-0.31793 -0.86414
-1.0313 -0.85971
-1.0313 -0.85971
-1.0313 -0.85971
-1.0313 -0.85971
0.28111 -0.13259
0.28111 -0.13259
0.28111 -0.13259
0.28111 -0.13259
1.097 -0.01945
1.097 -0.01945
1.097 -0.01945
1.097 -0.01945
-0.42637 -0.74941
-0.42637 -0.74941
-0.42637 -0.74941
-0.42637 -0.74941
-1.4075 -0.76755
-1.4075 -0.76755
-1.4075 -0.76755
-1.4075 -0.76755
0.42768 -0.19945
0.42768 -0.19945
0.42768 -0.19945
0.42768 -0.19945
0.58879 -1.0655
0.58879 -1.0655
0.58879 -1.0655
0.58879 -1.0655
0.70527 1.0441
0.70527 1.0441
0.70527 1.0441
0.70527 1.0441
1.0103 0.89694
1.0103 0.89694
1.0103 0.89694
1.0103 0.89694
-0.20409 0.62587
-0.20409 0.62587
-0.20409 0.62587
-0.20409 0.62587
-1.3974 -0.70994
-1.3974 -0.70994
-1.3974 -0.70994
-1.3974 -0.70994
-1.0699 -0.063461
-1.0699 -0.063461
-1.0699 -0.063461
-1.0699 -0.063461
-0.36038 0.11932
-0.36038 0.11932
-0.36038 0.11932
-0.36038 0.11932
-0.12411 -0.7373
-0.12411 -0.7373
-0.12411 -0.7373
-0.12411 -0.7373
0.79095 -0.22523
0.79095 -0.22523
0.79095 -0.22523
0.79095 -0.22523
-0.47573 0.16754
-0.47573 0.16754
-0.47573 0.16754
-0.47573 0.16754
1.194 0.3781
1.194 0.3781
1.194 0.3781
1.194 0.3781
0.089962 -0.71781
0.089962 -0.71781
0.089962 -0.71781
0.089962 -0.71781
0.5286 -0.86108
0.5286 -0.86108
0.5286 -0.86108
0.5286 -0.86108
0.2354 -0.14556
0.2354 -0.14556
0.2354 -0.14556
0.2354 -0.14556
-0.19631 0.938
-0.19631 0.938
-0.19631 0.938
-0.19631 0.938
0.51501 -0.6622
0.51501 -0.6622
0.51501 -0.6622
0.51501 -0.6622
-1.304 1.0786
-1.304 1.0786
-1.304 1.0786
-1.304 1.0786
-0.33621 -0.40362
-0.33621 -0.40362
-0.33621 -0.40362
-0.33621 -0.40362
-1.2703 -0.89463
-1.2703 -0.89463
-1.2703 -0.89463
-1.2703 -0.89463
0.096885 0.015527
0.096885 0.015527
0.096885 0.015527
0.096885 0.015527
-1.1172 0.31685
-1.1172 0.31685
-1.1172 0.31685
-1.1172 0.31685
-0.6262 -1.5147
-0.66679 -0.40442
-0.66679 -0.40442
-0.66679 -0.40442
-0.66679 -0.40442
-0.34532 0.2925
-0.34532 0.2925
-0.34532 0.2925
-0.34532 0.2925
0.87184 -0.6102
0.87184 -0.6102
0.87184 -0.6102
0.87184 -0.6102
1.1818 0.20811
1.1818 0.20811
1.1818 0.20811
1.1818 0.20811
0.8752 0.36279
0.8752 0.36279
0.8752 0.36279
0.8752 0.36279
-0.54312 -0.41201
-0.54312 -0.41201
-0.54312 -0.41201
-0.54312 -0.41201
-1.3064 -0.42851
-1.3064 -0.42851
-1.3064 -0.42851
-1.3064 -0.42851
-0.3107 0.26587
-0.3107 0.26587
-0.3107 0.26587
-0.3107 0.26587
-0.54299 0.015099
-0.54299 0.015099
-0.54299 0.015099
-0.54299 0.015099
0.90131 0.44288
0.90131 0.44288
0.90131 0.44288
0.90131 0.44288
0.49834 -0.15673
0.49834 -0.15673
0.49834 -0.15673
0.49834 -0.15673
-0.15889 -0.080453
-0.15889 -0.080453
-0.15889 -0.080453
-0.15889 -0.080453
-0.30055 -0.66398
-0.30055 -0.66398
-0.30055 -0.66398
-0.30055 -0.66398
0.0231 0.74917
0.0231 0.74917
0.0231 0.74917
0.0231 0.74917
-1.0668 0.16803
-1.0668 0.16803
-1.0668 0.16803
-1.0668 0.16803
-0.68834 0.53245
-0.68834 0.53245
-0.68834 0.53245
-0.68834 0.53245
1.454 -0.25538
1.454 -0.25538
1.454 -0.25538
1.454 -0.25538
1.0493 -1.483
1.0493 -1.483
1.0493 -1.483
1.0493 -1.483
0.33836 -0.8043
0.33836 -0.8043
0.33836 -0.8043
0.33836 -0.8043
0.00040157 -0.25123
0.00040157 -0.25123
0.00040157 -0.25123
0.00040157 -0.25123
0.096546 0.41542
0.096546 0.41542
0.096546 0.41542
0.096546 0.41542
1.1421 0.028327
1.1421 0.028327
1.1421 0.028327
1.1421 0.028327
-1.2884 -0.94869
-1.2884 -0.94869
-1.2884 -0.94869
-1.2884 -0.94869
0.60157 -0.54272
0.60157 -0.54272
0.60157 -0.54272
0.60157 -0.54272
-0.62424 0.32305
-0.62424 0.32305
-0.62424 0.32305
-0.62424 0.32305
1.0395 -0.48055
1.0395 -0.48055
1.0395 -0.48055
1.0395 -0.48055
-0.051235 0.64178
-0.051235 0.64178
-0.051235 0.64178
-0.051235 0.64178
1.246 -0.27013
1.246 -0.27013
1.246 -0.27013
1.246 -0.27013
-1.4875 -0.86502
-1.4875 -0.86502
-1.4875 -0.86502
-1.4875 -0.86502
-1.057 -0.52239
-1.057 -0.52239
-1.057 -0.52239
-1.057 -0.52239
0.10393 -1.0132
0.10393 -1.0132
0.10393 -1.0132
0.10393 -1.0132
-1.023 -0.63244
-1.023 -0.63244
-1.023 -0.63244
-1.023 -0.63244
-1.0902 0.47053
-1.0902 0.47053
-1.0902 0.47053
-1.0902 0.47053
-0.45835 0.76696
-0.45835 0.76696
-0.45835 0.76696
-0.45835 0.76696
0.44238 0.93781
0.44238 0.93781
0.44238 0.93781
0.44238 0.93781
-0.95392 0.72592
-0.95392 0.72592
-0.95392 0.72592
-0.95392 0.72592
-1.2282 0.66932
-1.2282 0.66932
-1.2282 0.66932
-1.2282 0.66932
-0.68253 -0.32611
-0.68253 -0.32611
-0.68253 -0.32611
-0.68253 -0.32611
-0.48306 -1.0196
0.99949 0.67201
0.99949 0.67201
0.99949 0.67201
0.99949 0.67201
-0.039104 0.024939
-0.039104 0.024939
-0.039104 0.024939
-0.039104 0.024939
0.44522 -0.38492
0.44522 -0.38492
0.44522 -0.38492
0.44522 -0.38492
0.071078 0.35388
0.071078 0.35388
0.071078 0.35388
0.071078 0.35388
-0.59795 0.054252
-0.59795 0.054252
-0.59795 0.054252
-0.59795 0.054252
-0.30071 0.16212
-0.30071 0.16212
-0.30071 0.16212
-0.30071 0.16212
-1.3646 0.54311
-1.3646 0.54311
-1.3646 0.54311
-1.3646 0.54311
-1.4051 0.29726
-1.4051 0.29726
-1.4051 0.29726
-1.4051 0.29726
1.2693 0.19099
1.2693 0.19099
1.2693 0.19099
1.2693 0.19099
-0.73343 0.41443
-0.73343 0.41443
-0.73343 0.41443
-0.73343 0.41443
-0.40576 0.24721
-0.40576 0.24721
-0.40576 0.24721
-0.40576 0.24721
-0.94116 0.11621
-0.94116 0.11621
-0.94116 0.11621
-0.94116 0.11621
1.0462 0.72758
1.0462 0.72758
1.0462 0.72758
1.0462 0.72758
1.427 0.73564
1.427 0.73564
1.427 0.73564
1.427 0.73564
-1.0693 -0.27611
-1.0693 -0.27611
-1.0693 -0.27611
-1.0693 -0.27611
-0.98242 -1.0757
-0.98242 -1.0757
-0.98242 -1.0757
-0.98242 -1.0757
1.1141 -0.36199
1.1141 -0.36199
1.1141 -0.36199
1.1141 -0.36199
0.96213 -0.091863
0.96213 -0.091863
0.96213 -0.091863
0.96213 -0.091863
-1.0434 -0.092931
-1.0434 -0.092931
-1.0434 -0.092931
-1.0434 -0.092931
1.1839 0.23142
1.1839 0.23142
1.1839 0.23142
1.1839 0.23142
1.0812 -0.91398
1.0812 -0.91398
1.0812 -0.91398
1.0812 -0.91398
1.0942 0.74
1.0942 0.74
1.0942 0.74
1.0942 0.74
-0.046601 -0.48277
-0.046601 -0.48277
-0.046601 -0.48277
-0.046601 -0.48277
-0.39549 -0.73453
-0.39549 -0.73453
-0.39549 -0.73453
-0.39549 -0.73453
-0.72805 0.15901
-0.72805 0.15901
-0.72805 0.15901
-0.72805 0.15901
1.0602 0.7494
1.0602 0.7494
1.0602 0.7494
1.0602 0.7494
-0.016994 -0.21044
-0.016994 -0.21044
-0.016994 -0.21044
-0.016994 -0.21044
-0.3654 -0.90693
-0.3654 -0.90693
-0.3654 -0.90693
-0.3654 -0.90693
0.18438 0.34556
0.18438 0.34556
0.18438 0.34556
0.18438 0.34556
-1.4308 0.55216
-1.4308 0.55216
-1.4308 0.55216
-1.4308 0.55216
-0.75518 0.084597
-0.75518 0.084597
-0.75518 0.084597
-0.75518 0.084597
-1.0553 -0.57261
-1.0553 -0.57261
-1.0553 -0.57261
-1.0553 -0.57261
1.1597 0.95588
1.1597 0.95588
1.1597 0.95588
1.1597 0.95588
1.0242 0.25524
1.0242 0.25524
1.0242 0.25524
1.0242 0.25524
0.079293 -0.23419
0.079293 -0.23419
0.079293 -0.23419
0.079293 -0.23419
-0.33623 0.2965
-0.33623 0.2965
-0.33623 0.2965
-0.33623 0.2965
0.67253 -0.1778
0.67253 -0.1778
0.67253 -0.1778
0.67253 -0.1778
1.3753 0.85654
1.3753 0.85654
1.3753 0.85654
1.3753 0.85654
-0.075522 0.61372
-0.075522 0.61372
-0.075522 0.61372
-0.075522 0.61372
0.59641 -0.72378
0.59641 -0.72378
0.59641 -0.72378
0.59641 -0.72378
1.154 0.69342
1.154 0.69342
1.154 0.69342
1.154 0.69342
0.79991 0.52015
0.79991 0.52015
0.79991 0.52015
0.79991 0.52015
-0.23526 -0.39623
-0.23526 -0.39623
-0.23526 -0.39623
-0.23526 -0.39623
1.0126 0.16047
1.0126 0.16047
1.0126 0.16047
1.0126 0.16047
-0.66971 0.73943
-0.66971 0.73943
-0.66971 0.73943
0.98136 0.87947
0.98136 0.87947
0.98136 0.87947
0.98136 0.87947
0.49107 -0.51023
0.49107 -0.51023
0.49107 -0.51023
0.49107 -0.51023
1.2709 -0.31334
1.2709 -0.31334
1.2709 -0.31334
1.2709 -0.31334
0.35342 -0.34079
0.35342 -0.34079
0.35342 -0.34079
0.35342 -0.34079
-1.1151 -0.57545
-1.1151 -0.57545
-1.1151 -0.57545
-1.1151 -0.57545
-1.276 -0.73099
-1.276 -0.73099
-1.276 -0.73099
-1.276 -0.73099
1.1116 -0.39008
1.1116 -0.39008
1.1116 -0.39008
1.1116 -0.39008
-1.3616 -1.0883
-1.3616 -1.0883
-1.3616 -1.0883
-0.80393 0.34176
1.2822 1.873
1.0193 2.6419
1.1844 -0.80283
1.1844 -0.80283
1.1844 -0.80283
1.1844 -0.80283
0.6108 -0.30131
0.6108 -0.30131
0.6108 -0.30131
0.6108 -0.30131
-0.019977 -1.0338
-0.019977 -1.0338
-0.019977 -1.0338
-0.019977 -1.0338
-0.56832 0.94953
-0.56832 0.94953
-0.56832 0.94953
-0.56832 0.94953
-0.55691 0.85958
-0.55691 0.85958
-0.55691 0.85958
-0.55691 0.85958
-1.2301 -0.88987
-1.2301 -0.88987
-1.2301 -0.88987
-1.2301 -0.88987
-0.35505 -0.08991
-0.35505 -0.08991
-0.35505 -0.08991
-0.35505 -0.08991
0.77044 0.35573
0.77044 0.35573
0.77044 0.35573
0.77044 0.35573
-1.1294 0.42972
-1.1294 0.42972
-1.1294 0.42972
-1.1294 0.42972
0.91366 0.85902
0.91366 0.85902
0.91366 0.85902
0.91366 0.85902
0.67887 0.86048
0.67887 0.86048
0.67887 0.86048
0.67887 0.86048
-1.0689 0.68759
-1.0689 0.68759
-1.0689 0.68759
-1.0689 0.68759
-0.12559 0.21472
-0.12559 0.21472
-0.12559 0.21472
-0.12559 0.21472
-0.98615 0.74824
-0.98615 0.74824
-0.98615 0.74824
-0.98615 0.74824
1.3606 0.16294
1.3606 0.16294
1.3606 0.16294
1.3606 0.16294
1.2503 -0.496
1.2503 -0.496
1.2503 -0.496
1.2503 -0.496
-0.11485 -0.64564
-1.2463 -1.1756
0.59196 0.12292
-0.5003 -2.376
0.025043 -0.72674
0.45366 -0.15194
0.45366 -0.15194
0.45366 -0.15194
0.45366 -0.15194
-0.12395 -0.052145
-0.12395 -0.052145
-0.12395 -0.052145
-0.12395 -0.052145
-1.141 0.94982
-1.141 0.94982
-1.141 0.94982
-1.141 0.94982
0.78341 0.15636
0.78341 0.15636
0.78341 0.15636
0.78341 0.15636
1.0148 -0.41611
1.0148 -0.41611
1.0148 -0.41611
1.0148 -0.41611
-0.066161 -0.70368
-0.066161 -0.70368
-0.066161 -0.70368
-0.066161 -0.70368
0.25313 -1.0749
0.25313 -1.0749
0.25313 -1.0749
0.25313 -1.0749
-1.3512 -0.15716
-1.3512 -0.15716
-1.3512 -0.15716
-1.3512 -0.15716
-1.2855 -0.41741
-1.2855 -0.41741
-1.2855 -0.41741
-1.2855 -0.41741
-0.036748 -0.47947
-0.036748 -0.47947
-0.036748 -0.47947
-0.036748 -0.47947
1.2276 -0.4784
1.2276 -0.4784
1.2276 -0.4784
1.2276 -0.4784
-0.5266 -1.0171
-0.5266 -1.0171
-0.5266 -1.0171
-0.5266 -1.0171
0.43961 -0.21947
0.43961 -0.21947
0.43961 -0.21947
0.43961 -0.21947
-0.9171 0.59789
-0.9171 0.59789
-0.9171 0.59789
-0.9171 0.59789
1.1258 -0.48374
1.1258 -0.48374
1.1258 -0.48374
1.1258 -0.48374
-0.17909 -0.34746
-0.17909 -0.34746
-0.17909 -0.34746
-0.17909 -0.34746
-0.038826 0.5107
-0.038826 0.5107
-0.038826 0.5107
-0.038826 0.5107
0.33727 0.54238
0.33727 0.54238
0.33727 0.54238
0.33727 0.54238
-0.69311 -0.18945
-0.69311 -0.18945
-0.69311 -0.18945
-0.69311 -0.18945
0.7623 0.029329
0.7623 0.029329
0.7623 0.029329
0.7623 0.029329
-1.3277 0.68272
-1.3277 0.68272
-1.3277 0.68272
-1.3277 0.68272
1.1998 -1.0875
1.1998 -1.0875
1.1998 -1.0875
1.1998 -1.0875
-0.81422 0.40079
-0.81422 0.40079
-0.81422 0.40079
-0.81422 0.40079
-0.58417 -0.38264
-0.58417 -0.38264
-0.58417 -0.38264
-0.58417 -0.38264
-1.4598 -0.65137
-1.4598 -0.65137
-1.4598 -0.65137
-1.4598 -0.65137
-0.12881 1.0745
-0.12881 1.0745
-0.12881 1.0745
-0.12881 1.0745
-1.4121 0.16883
-1.4121 0.16883
-1.4121 0.16883
-1.4121 0.16883
-1.2909 0.84998
-1.2909 0.84998
-1.2909 0.84998
-1.2909 0.84998
1.173 -0.32645
1.173 -0.32645
1.173 -0.32645
1.173 -0.32645
-0.59263 0.85811
-0.59263 0.85811
-0.59263 0.85811
-0.59263 0.85811
0.34499 -0.16664
0.34499 -0.16664
0.34499 -0.16664
0.34499 -0.16664
-1.2396 0.36098
-1.2396 0.36098
-1.2396 0.36098
-1.2396 0.36098
-0.061762 0.91261
-0.061762 0.91261
-0.061762 0.91261
-0.061762 0.91261
0.43972 -0.2069
0.43972 -0.2069
0.43972 -0.2069
0.43972 -0.2069
0.26808 -0.55066
0.26808 -0.55066
0.26808 -0.55066
0.26808 -0.55066
1.0594 -0.45079
1.0594 -0.45079
1.0594 -0.45079
1.0594 -0.45079
-1.1352 0.090962
-1.1352 0.090962
-1.1352 0.090962
-1.1352 0.090962
1.1666 -0.53608
1.1666 -0.53608
1.1666 -0.53608
1.1666 -0.53608
-1.1521 0.78651
-1.1521 0.78651
-1.1521 0.78651
-1.1521 0.78651
-1.048 -0.3742
-1.048 -0.3742
-1.048 -0.3742
-1.048 -0.3742
-1.058 -0.39268
-1.058 -0.39268
-1.058 -0.39268
-1.058 -0.39268
0.54702 -0.5094
0.54702 -0.5094
0.54702 -0.5094
0.54702 -0.5094
-0.65163 0.27769
-0.65163 0.27769
-0.65163 0.27769
-0.65163 0.27769
-0.5989 -1.0058
-0.5989 -1.0058
-0.5989 -1.0058
-0.5989 -1.0058
-0.15748 -1.0272
-0.15748 -1.0272
-0.15748 -1.0272
-0.15748 -1.0272
-1.0136 0.22671
-1.0136 0.22671
-1.0136 0.22671
-1.0136 0.22671
-0.76901 0.92341
-0.76901 0.92341
-0.76901 0.92341
-0.76901 0.92341
1.1656 0.2871
1.1656 0.2871
1.1656 0.2871
1.1656 0.2871
-0.54554 0.49337
-0.54554 0.49337
-0.54554 0.49337
-0.54554 0.49337
1.2018 0.33507
1.2018 0.33507
1.2018 0.33507
1.2018 0.33507
1.2267 0.0080259
1.2267 0.0080259
1.2267 0.0080259
1.2267 0.0080259
-1.3235 -0.57019
-1.3235 -0.57019
-1.3235 -0.57019
-1.3235 -0.57019
1.152 0.19152
1.152 0.19152
1.152 0.19152
1.152 0.19152
0.1268 0.6416
0.1268 0.6416
0.1268 0.6416
0.1268 0.6416
-0.73935 0.23799
-0.73935 0.23799
-0.73935 0.23799
-0.73935 0.23799
1.2381 0.55036
1.2381 0.55036
1.2381 0.55036
1.2381 0.55036
-1.3581 0.69329
-1.3581 0.69329
-1.3581 0.69329
-1.3581 0.69329
-1.0241 -0.12637
-1.0241 -0.12637
-1.0241 -0.12637
-1.0241 -0.12637
1.4482 -1.014
1.4482 -1.014
1.4482 -1.014
1.4482 -1.014
1.1172 0.19677
1.1172 0.19677
1.1172 0.19677
1.1172 0.19677
-0.047189 -0.35626
-0.047189 -0.35626
-0.047189 -0.35626
-0.047189 -0.35626
1.0905 0.98688
1.0905 0.98688
1.0905 0.98688
1.0905 0.98688
0.16096 -0.41386
0.16096 -0.41386
0.16096 -0.41386
0.16096 -0.41386
0.05259 0.17211
0.05259 0.17211
0.05259 0.17211
0.05259 0.17211
-1.3442 -0.56287
-1.3442 -0.56287
-1.3442 -0.56287
-1.3442 -0.56287
0.26064 -0.93514
0.26064 -0.93514
0.26064 -0.93514
0.26064 -0.93514
1.3607 -0.38324
1.3607 -0.38324
1.3607 -0.38324
1.3607 -0.38324
1.2494 1.0692
1.2494 1.0692
1.2494 1.0692
1.2494 1.0692
0.61009 -0.27467
0.61009 -0.27467
0.61009 -0.27467
0.61009 -0.27467
0.083384 0.75208
0.083384 0.75208
0.083384 0.75208
0.083384 0.75208
0.66809 1.0004
0.66809 1.0004
0.66809 1.0004
0.66809 1.0004
0.41101 -0.47582
0.41101 -0.47582
0.41101 -0.47582
0.41101 -0.47582
-0.3263 0.83218
-0.3263 0.83218
-0.3263 0.83218
-0.3263 0.83218
1.0959 -0.84538
1.0959 -0.84538
1.0959 -0.84538
1.0959 -0.84538
-1.3574 0.33144
-1.3574 0.33144
-1.3574 0.33144
-1.3574 0.33144
0.26841 1.0351
0.26841 1.0351
0.26841 1.0351
0.26841 1.0351
-1.072 -0.86781
-1.072 -0.86781
-1.072 -0.86781
-1.072 -0.86781
1.2492 -0.46234
1.2492 -0.46234
1.2492 -0.46234
1.2492 -0.46234
1.1476 0.55839
1.1476 0.55839
1.1476 0.55839
1.1476 0.55839
-1.2756 0.28835
-1.2756 0.28835
-1.2756 0.28835
-1.2756 0.28835
-0.20723 -0.45953
-0.20723 -0.45953
-0.20723 -0.45953
-0.20723 -0.45953
0.26648 0.42409
0.26648 0.42409
0.26648 0.42409
0.26648 0.42409
-0.98941 -0.95774
-0.98941 -0.95774
-0.98941 -0.95774
-0.98941 -0.95774
0.78424 1.0243
0.78424 1.0243
0.78424 1.0243
0.78424 1.0243
-0.60916 -0.6503
-0.60916 -0.6503
-0.60916 -0.6503
-0.60916 -0.6503
-1.1843 -0.66445
-1.1843 -0.66445
-1.1843 -0.66445
-1.1843 -0.66445
-0.28968 0.33088
-0.28968 0.33088
-0.28968 0.33088
-0.28968 0.33088
0.63221 0.37086
0.63221 0.37086
0.63221 0.37086
0.63221 0.37086
0.34875 -0.97335
0.34875 -0.97335
0.34875 -0.97335
0.34875 -0.97335
-0.48029 0.15423
-0.48029 0.15423
-0.48029 0.15423
-0.48029 0.15423
-0.028062 -1.024
-0.028062 -1.024
-0.028062 -1.024
-0.028062 -1.024
-0.00051453 -0.79858
-0.00051453 -0.79858
-0.00051453 -0.79858
-0.00051453 -0.79858
0.87928 -1.0372
0.87928 -1.0372
0.87928 -1.0372
0.87928 -1.0372
0.7519 -0.0031123
0.7519 -0.0031123
0.7519 -0.0031123
0.7519 -0.0031123
0.35181 -0.22856
0.35181 -0.22856
0.35181 -0.22856
0.35181 -0.22856
0.36349 0.7453
0.36349 0.7453
0.36349 0.7453
0.36349 0.7453
-0.38941 0.21365
-0.38941 0.21365
-0.38941 0.21365
-0.38941 0.21365
-1.2981 0.28956
-1.2981 0.28956
-1.2981 0.28956
-1.2981 0.28956
0.38949 0.40348
0.38949 0.40348
0.38949 0.40348
0.38949 0.40348
-1.4015 -0.62959
-1.4015 -0.62959
-1.4015 -0.62959
-1.4015 -0.62959
-0.40771 0.024479
-0.40771 0.024479
-0.40771 0.024479
-0.40771 0.024479
-0.1016 -0.82863
-0.1016 -0.82863
-0.1016 -0.82863
-0.1016 -0.82863
0.84078 -0.47038
0.84078 -0.47038
0.84078 -0.47038
0.84078 -0.47038
0.24809 2.397
0.24809 2.397
0.24809 2.397
0.24809 2.397
-0.48971 0.32933
-0.48971 0.32933
-0.48971 0.32933
-0.48971 0.32933
-0.63232 0.72827
-0.63232 0.72827
-0.63232 0.72827
-0.63232 0.72827
-0.84224 0.26814
-0.84224 0.26814
-0.84224 0.26814
-0.84224 0.26814
-1.109 0.38244
-1.109 0.38244
-1.109 0.38244
-1.109 0.38244
0.88474 -0.28214
0.88474 -0.28214
0.88474 -0.28214
0.88474 -0.28214
0.010747 0.87564
0.010747 0.87564
0.010747 0.87564
0.010747 0.87564
-1.0212 -0.98665
-1.0212 -0.98665
-1.0212 -0.98665
-1.0212 -0.98665
0.9572 -0.39646
0.9572 -0.39646
0.9572 -0.39646
0.9572 -0.39646
0.25839 -1.1528
0.25839 -1.1528
0.25839 -1.1528
0.25839 -1.1528
-1.4543 -0.03873
-1.4543 -0.03873
-1.4543 -0.03873
-1.4543 -0.03873
-0.58849 0.9207
-0.58849 0.9207
-0.58849 0.9207
-0.58849 0.9207
1.0888 0.82046
1.0888 0.82046
1.0888 0.82046
1.0888 0.82046
-0.649 -0.68323
-0.649 -0.68323
-0.649 -0.68323
-0.649 -0.68323
0.57827 -0.083405
0.57827 -0.083405
0.57827 -0.083405
0.57827 -0.083405
0.97207 -0.31767
0.97207 -0.31767
0.97207 -0.31767
0.97207 -0.31767
-0.36414 1.0023
-0.36414 1.0023
-0.36414 1.0023
-0.36414 1.0023
0.27793 1.0832
0.27793 1.0832
0.27793 1.0832
0.27793 1.0832
-0.15882 -0.80264
-0.15882 -0.80264
-0.15882 -0.80264
-0.15882 -0.80264
-0.29724 0.85021
-0.29724 0.85021
-0.29724 0.85021
-0.29724 0.85021
-0.2683 -1.1073
0.27326 -0.021357
0.27326 -0.021357
0.27326 -0.021357
0.27326 -0.021357
-0.14237 -0.73339
-0.14237 -0.73339
-0.14237 -0.73339
-0.14237 -0.73339
-0.29319 -0.60717
-0.29319 -0.60717
-0.29319 -0.60717
-0.29319 -0.60717
-0.84149 0.5716
-0.84149 0.5716
-0.84149 0.5716
-0.84149 0.5716
-0.20625 0.040055
-0.20625 0.040055
-0.20625 0.040055
-0.20625 0.040055
1.1593 0.89241
1.1593 0.89241
1.1593 0.89241
1.1593 0.89241
0.93111 0.92266
0.93111 0.92266
0.93111 0.92266
0.93111 0.92266
0.48172 -0.44955
0.48172 -0.44955
0.48172 -0.44955
0.48172 -0.44955
-1.3046 0.1988
-1.3046 0.1988
-1.3046 0.1988
-1.3046 0.1988
1.0189 0.76623
1.0189 0.76623
1.0189 0.76623
1.0189 0.76623
-0.32347 -1.0452
-0.32347 -1.0452
-0.32347 -1.0452
-0.32347 -1.0452
-1.0437 -0.60935
-1.0437 -0.60935
-1.0437 -0.60935
-1.0437 -0.60935
1.1707 -1.0059
1.3681 -0.30114
1.3681 -0.30114
1.3681 -0.30114
1.3681 -0.30114
-0.75115 -0.08514
-0.75115 -0.08514
-0.75115 -0.08514
-0.75115 -0.08514
1.0698 0.24337
1.0698 0.24337
1.0698 0.24337
1.0698 0.24337
-0.67324 -0.22713
-0.67324 -0.22713
-0.67324 -0.22713
-0.67324 -0.22713
1.4242 0.52586
1.4242 0.52586
1.4242 0.52586
1.4242 0.52586
0.060105 -0.32307
0.060105 -0.32307
0.060105 -0.32307
0.060105 -0.32307
-1.1102 -0.0089852
-1.1102 -0.0089852
-1.1102 -0.0089852
-1.1102 -0.0089852
-1.0784 0.57743
-1.0784 0.57743
-1.0784 0.57743
-1.0784 0.57743
1.3492 1.0091
1.3492 1.0091
1.3492 1.0091
1.3492 1.0091
-0.46327 -1.0974
-0.46327 -1.0974
-0.46327 -1.0974
-0.46327 -1.0974
0.17948 -0.9994
0.17948 -0.9994
0.17948 -0.9994
0.17948 -0.9994
0.68778 0.9866
0.68778 0.9866
0.68778 0.9866
0.68778 0.9866
-0.53956 0.30943
-0.53956 0.30943
-0.53956 0.30943
-0.53956 0.30943
0.83159 0.41166
0.83159 0.41166
0.83159 0.41166
0.83159 0.41166
0.062336 -0.758
0.062336 -0.758
0.062336 -0.758
0.062336 -0.758
0.10755 -0.24181
0.10755 -0.24181
0.10755 -0.24181
0.10755 -0.24181
1.2643 0.074943
1.2643 0.074943
1.2643 0.074943
1.2643 0.074943
-1.3616 -0.96298
-1.3616 -0.96298
-1.3616 -0.96298
-1.3616 -0.96298
0.346 -0.41596
0.346 -0.41596
0.346 -0.41596
0.346 -0.41596
-0.026262 0.82697
-0.026262 0.82697
-0.026262 0.82697
-0.026262 0.82697
0.29284 -0.8575
0.29284 -0.8575
0.29284 -0.8575
0.29284 -0.8575
-0.13815 1.001
-0.13815 1.001
-0.13815 1.001
-0.13815 1.001
-0.88603 -1.0066
-0.88603 -1.0066
-0.88603 -1.0066
-0.88603 -1.0066
-0.61823 0.039241
-0.61823 0.039241
-0.61823 0.039241
-0.61823 0.039241
-0.56953 0.82611
-0.56953 0.82611
-0.56953 0.82611
-0.56953 0.82611
1.3627 0.86371
1.3627 0.86371
1.3627 0.86371
1.3627 0.86371
0.13208 0.90016
0.13208 0.90016
0.13208 0.90016
0.13208 0.90016
0.73996 0.36765
0.73996 0.36765
0.73996 0.36765
0.73996 0.36765
1.0458 0.98332
1.0458 0.98332
1.0458 0.98332
1.0458 0.98332
0.60603 0.17257
0.60603 0.17257
0.60603 0.17257
0.60603 0.17257
-0.83377 -0.0030759
-0.83377 -0.0030759
-0.83377 -0.0030759
-0.83377 -0.0030759
-0.39595 0.76293
-0.39595 0.76293
-0.39595 0.76293
-0.39595 0.76293
0.98057 1.0073
0.98057 1.0073
0.98057 1.0073
0.98057 1.0073
0.98775 0.49934
0.98775 0.49934
0.98775 0.49934
0.98775 0.49934
1.3474 0.67772
1.3474 0.67772
1.3474 0.67772
1.3474 0.67772
1.1968 0.47669
1.1968 0.47669
1.1968 0.47669
1.1968 0.47669
0.87143 0.90734
0.87143 0.90734
0.87143 0.90734
0.87143 0.90734
0.44063 -0.28152
0.44063 -0.28152
0.44063 -0.28152
0.44063 -0.28152
1.0803 0.30983
1.0803 0.30983
1.0803 0.30983
1.0803 0.30983
-0.49246 -1.0758
-0.49246 -1.0758
-0.49246 -1.0758
-0.49246 -1.0758
-0.88937 -0.02511
-0.88937 -0.02511
-0.88937 -0.02511
-0.88937 -0.02511
-0.84769 0.57837
-0.84769 0.57837
-0.84769 0.57837
-0.84769 0.57837
1.1853 -0.11065
1.1853 -0.11065
1.1853 -0.11065
1.1853 -0.11065
0.60005 -0.99841
0.60005 -0.99841
0.60005 -0.99841
0.60005 -0.99841
0.83519 0.3567
0.83519 0.3567
0.83519 0.3567
0.83519 0.3567
0.40422 -0.44795
0.40422 -0.44795
0.40422 -0.44795
0.40422 -0.44795
0.57493 0.70156
0.57493 0.70156
0.57493 0.70156
0.57493 0.70156
0.65299 0.059777
0.65299 0.059777
0.65299 0.059777
0.65299 0.059777
-0.83108 -0.62247
-0.83108 -0.62247
-0.83108 -0.62247
-0.83108 -0.62247
0.53397 -0.29286
0.53397 -0.29286
0.53397 -0.29286
0.53397 -0.29286
-0.13456 -1.0458
-0.13456 -1.0458
-0.13456 -1.0458
-0.13456 -1.0458
0.36512 0.6901
0.36512 0.6901
0.36512 0.6901
0.36512 0.6901
-1.0313 0.00089362
0.31005 1.0379
0.31005 1.0379
0.31005 1.0379
0.31005 1.0379
-0.5247 0.0025425
-0.5247 0.0025425
-0.5247 0.0025425
-0.5247 0.0025425
0.93225 0.079845
0.93225 0.079845
0.93225 0.079845
0.93225 0.079845
1.4209 0.37723
1.4209 0.37723
1.4209 0.37723
1.4209 0.37723
1.2243 1.0727
1.2243 1.0727
1.2243 1.0727
1.2243 1.0727
-1.1976 -0.20655
-1.1976 -0.20655
-1.1976 -0.20655
-1.1976 -0.20655
-0.16526 0.38588
-0.16526 0.38588
-0.16526 0.38588
-0.16526 0.38588
-0.16275 -0.20731
-0.16275 -0.20731
-0.16275 -0.20731
-0.16275 -0.20731
0.79607 0.30636
0.79607 0.30636
0.79607 0.30636
0.79607 0.30636
0.011975 0.16356
0.011975 0.16356
0.011975 0.16356
0.011975 0.16356
0.31007 0.79334
0.31007 0.79334
0.31007 0.79334
0.31007 0.79334
0.55955 -0.17948
0.55955 -0.17948
0.55955 -0.17948
0.55955 -0.17948
0.030549 -0.17187
0.030549 -0.17187
0.030549 -0.17187
0.030549 -0.17187
-0.37976 -0.77128
-0.37976 -0.77128
-0.37976 -0.77128
-0.37976 -0.77128
0.47656 -0.56964
0.47656 -0.56964
0.47656 -0.56964
0.47656 -0.56964
-0.53297 -0.21927
-0.53297 -0.21927
-0.53297 -0.21927
-0.53297 -0.21927
0.31211 0.4788
0.31211 0.4788
0.31211 0.4788
0.31211 0.4788
1.4177 -0.40503
1.4177 -0.40503
1.4177 -0.40503
1.4177 -0.40503
-1.4496 0.5087
-1.4496 0.5087
-1.4496 0.5087
-1.4496 0.5087
0.75476 0.39416
0.75476 0.39416
0.75476 0.39416
0.75476 0.39416
-0.92121 0.46796
-0.92121 0.46796
-0.92121 0.46796
-0.92121 0.46796
-1.0182 -0.019562
-1.0182 -0.019562
-1.0182 -0.019562
-1.0182 -0.019562
1.429 1.0502
1.429 1.0502
1.429 1.0502
1.429 1.0502
-0.30597 0.77337
-0.30597 0.77337
-0.30597 0.77337
-0.30597 0.77337
0.8804 -0.30728
0.8804 -0.30728
0.8804 -0.30728
0.8804 -0.30728
-0.80466 1
-0.64595 -0.27563
-0.64595 -0.27563
-0.64595 -0.27563
-0.64595 -0.27563
0.15938 -0.70433
0.15938 -0.70433
0.15938 -0.70433
0.15938 -0.70433
0.02925 0.90472
0.02925 0.90472
0.02925 0.90472
0.02925 0.90472
-1.3604 -0.16774
-1.3604 -0.16774
-1.3604 -0.16774
-1.3604 -0.16774
1.109 -0.19552
1.109 -0.19552
1.109 -0.19552
1.109 -0.19552
1.0607 0.44993
1.0607 0.44993
1.0607 0.44993
1.0607 0.44993
-1.3641 1.036
-1.3641 1.036
-1.3641 1.036
-1.3641 1.036
0.017621 0.51817
0.017621 0.51817
0.017621 0.51817
0.017621 0.51817
-1.3763 0.97457
-1.3763 0.97457
-1.3763 0.97457
-1.3763 0.97457
-0.95746 -0.25302
-0.95746 -0.25302
-0.95746 -0.25302
-0.95746 -0.25302
-0.47881 0.67216
-0.47881 0.67216
-0.47881 0.67216
-0.47881 0.67216
1.1614 1.0789
1.1614 1.0789
-0.21973 -0.11014
-0.21973 -0.11014
-0.21973 -0.11014
-0.21973 -0.11014
-0.41687 0.39163
-0.41687 0.39163
-0.41687 0.39163
-0.41687 0.39163
-0.46296 -1.0766
-0.46296 -1.0766
-0.46296 -1.0766
-0.46296 -1.0766
-0.51068 1.1024
-0.51068 1.1024
-0.51068 1.1024
-0.51068 1.1024
0.012065 0.17305
0.012065 0.17305
0.012065 0.17305
0.012065 0.17305
-1.3097 0.9514
-1.3097 0.9514
-1.3097 0.9514
-1.3097 0.9514
0.99887 -0.81628
0.99887 -0.81628
0.99887 -0.81628
0.99887 -0.81628
0.36905 -0.61083
0.36905 -0.61083
0.36905 -0.61083
0.36905 -0.61083
-0.02826 0.22888
-0.02826 0.22888
-0.02826 0.22888
-0.02826 0.22888
-0.031794 0.50879
-0.031794 0.50879
-0.031794 0.50879
-0.031794 0.50879
-1.1628 -0.99621
-1.1628 -0.99621
-1.1628 -0.99621
-1.1628 -0.99621
-0.6099 -0.029221
-0.6099 -0.029221
-0.6099 -0.029221
-0.6099 -0.029221
-1.3086 1.0849
-1.3086 1.0849
-1.3086 1.0849
-1.3086 1.0849
-0.84785 -0.064141
-0.84785 -0.064141
-0.84785 -0.064141
-0.84785 -0.064141
1.4146 0.74649
1.4146 0.74649
1.4146 0.74649
1.4146 0.74649
1.3274 1.0116
1.3274 1.0116
1.3274 1.0116
1.3274 1.0116
1.3026 1.0624
1.3026 1.0624
1.3026 1.0624
1.3026 1.0624
0.69052 0.35168
0.69052 0.35168
0.69052 0.35168
0.69052 0.35168
1.3868 0.78314
1.3868 0.78314
1.3868 0.78314
1.3868 0.78314
0.4926 -0.92756
0.4926 -0.92756
0.4926 -0.92756
0.4926 -0.92756
-0.18458 0.050271
-0.18458 0.050271
-0.18458 0.050271
-0.18458 0.050271
-0.87158 0.4609
-0.87158 0.4609
-0.87158 0.4609
-0.87158 0.4609
-1.2027 0.69697
-1.2027 0.69697
-1.2027 0.69697
-1.2027 0.69697
0.69067 -0.74752
0.69067 -0.74752
0.69067 -0.74752
0.69067 -0.74752
-1.4442 0.3288
-1.4442 0.3288
-1.4442 0.3288
-1.4442 0.3288
-1.0173 -0.69747
-1.0173 -0.69747
-1.0173 -0.69747
-1.0173 -0.69747
-1.4077 -0.87233
-1.4077 -0.87233
-1.4077 -0.87233
-1.4077 -0.87233
0.39302 0.03459
0.39302 0.03459
0.39302 0.03459
0.39302 0.03459
1.3659 0.2421
1.3659 0.2421
1.3659 0.2421
1.3659 0.2421
1.1909 -0.091298
1.1909 -0.091298
1.1909 -0.091298
1.1909 -0.091298
0.28785 0.47839
0.28785 0.47839
0.28785 0.47839
0.28785 0.47839
-1.3652 0.98204
-1.3652 0.98204
-1.3652 0.98204
-1.3652 0.98204
-1.3204 -0.89257
-1.3204 -0.89257
-1.3204 -0.89257
-1.3204 -0.89257
1.0668 -0.89399
1.0668 -0.89399
1.0668 -0.89399
1.0668 -0.89399
1.4206 1.0925
1.4206 1.0925
1.4206 1.0925
1.4206 1.0925
0.45689 -0.079132
0.45689 -0.079132
0.45689 -0.079132
0.45689 -0.079132
-0.13301 0.17534
-0.13301 0.17534
-0.13301 0.17534
-0.13301 0.17534
0.60108 0.279
0.60108 0.279
0.60108 0.279
0.60108 0.279
0.42143 0.87129
0.42143 0.87129
0.42143 0.87129
0.42143 0.87129
1.0566 -0.0025723
1.0566 -0.0025723
1.0566 -0.0025723
1.0566 -0.0025723
1.1903 -0.92618
1.1903 -0.92618
1.1903 -0.92618
1.1903 -0.92618
0.064239 -0.40649
0.064239 -0.40649
0.064239 -0.40649
0.064239 -0.40649
-0.097637 0.44204
-0.097637 0.44204
-0.097637 0.44204
-0.097637 0.44204
-0.21092 0.36985
-0.21092 0.36985
-0.21092 0.36985
-0.21092 0.36985
0.27056 -0.91202
0.27056 -0.91202
0.27056 -0.91202
0.27056 -0.91202
0.29118 -0.1617
0.29118 -0.1617
0.29118 -0.1617
0.29118 -0.1617
0.29907 -0.38243
0.29907 -0.38243
0.29907 -0.38243
0.29907 -0.38243
1.0019 0.12033
1.0019 0.12033
1.0019 0.12033
1.0019 0.12033
-0.66353 -1.0647
-0.66353 -1.0647
-0.66353 -1.0647
-0.66353 -1.0647
1.2507 0.45687
1.2507 0.45687
1.2507 0.45687
1.2507 0.45687
0.5902 -0.95041
0.5902 -0.95041
0.5902 -0.95041
0.5902 -0.95041
0.93344 0.85441
0.93344 0.85441
0.93344 0.85441
0.93344 0.85441
-0.23076 0.83583
-0.23076 0.83583
-0.23076 0.83583
-0.23076 0.83583
0.86986 0.87411
0.86986 0.87411
0.86986 0.87411
0.86986 0.87411
0.38337 0.089016
0.38337 0.089016
0.38337 0.089016
0.38337 0.089016
-0.8347 0.9191
-0.8347 0.9191
-0.8347 0.9191
-0.8347 0.9191
0.2202 -0.95284
0.2202 -0.95284
0.2202 -0.95284
0.2202 -0.95284
1.148 0.10016
1.148 0.10016
1.148 0.10016
1.148 0.10016
-0.76143 -0.65068
-0.76143 -0.65068
-0.76143 -0.65068
-0.76143 -0.65068
-0.31469 -0.87754
-0.31469 -0.87754
-0.31469 -0.87754
-0.31469 -0.87754
-0.46111 -0.30864
-0.46111 -0.30864
-0.46111 -0.30864
-0.46111 -0.30864
1.0786 0.64014
1.0786 0.64014
1.0786 0.64014
1.0786 0.64014
-0.31494 -0.24939
-0.31494 -0.24939
-0.31494 -0.24939
-0.31494 -0.24939
-0.81085 -0.61077
-0.81085 -0.61077
-0.81085 -0.61077
-0.81085 -0.61077
1.4074 -0.1549
1.4074 -0.1549
1.4074 -0.1549
1.4074 -0.1549
-1.1151 0.50432
-1.1151 0.50432
-1.1151 0.50432
-1.1151 0.50432
0.57861 0.60336
0.57861 0.60336
0.57861 0.60336
0.57861 0.60336
-1.1351 1.0647
-1.1351 1.0647
-1.1351 1.0647
-1.1351 1.0647
-1.3968 0.9056
-1.3968 0.9056
-1.3968 0.9056
-1.3968 0.9056
0.34931 0.30482
0.34931 0.30482
0.34931 0.30482
0.34931 0.30482
-0.42742 -0.41213
-0.42742 -0.41213
-0.42742 -0.41213
-0.42742 -0.41213
0.58406 -0.43477
0.58406 -0.43477
0.58406 -0.43477
0.58406 -0.43477
0.4353 -0.21162
0.4353 -0.21162
0.4353 -0.21162
0.4353 -0.21162
-0.78291 -0.39385
-0.78291 -0.39385
-0.78291 -0.39385
-0.78291 -0.39385
0.031819 0.23566
0.031819 0.23566
0.031819 0.23566
0.031819 0.23566
0.4827 -0.51306
0.4827 -0.51306
0.4827 -0.51306
0.4827 -0.51306
-0.6368 0.22235
-0.6368 0.22235
-0.6368 0.22235
-0.6368 0.22235
0.31326 0.99927
0.31326 0.99927
0.31326 0.99927
0.31326 0.99927
0.47903 -0.47616
0.47903 -0.47616
0.47903 -0.47616
0.47903 -0.47616
1.236 -1.0388
1.236 -1.0388
1.236 -1.0388
1.236 -1.0388
-0.85295 0.34335
-0.85295 0.34335
-0.85295 0.34335
-0.85295 0.34335
-0.016542 -0.83402
-0.016542 -0.83402
-0.016542 -0.83402
-0.014989 0.25184
-0.014989 0.25184
-0.014989 0.25184
-0.014989 0.25184
0.16613 0.21924
0.16613 0.21924
0.16613 0.21924
0.16613 0.21924
-0.11547 0.53427
-0.11547 0.53427
-0.11547 0.53427
-0.11547 0.53427
-0.2106 0.28564
-0.2106 0.28564
-0.2106 0.28564
-0.2106 0.28564
-0.72997 -0.89153
-0.72997 -0.89153
-0.72997 -0.89153
-0.72997 -0.89153
-1.2129 0.89913
-1.2129 0.89913
-1.2129 0.89913
-1.2129 0.89913
-0.65142 -0.71195
-0.65142 -0.71195
-0.65142 -0.71195
-0.65142 -0.71195
0.35734 0.078761
0.35734 0.078761
0.35734 0.078761
0.35734 0.078761
1.388 -0.28464
1.388 -0.28464
1.388 -0.28464
1.388 -0.28464
-0.61284 0.84537
-0.61284 0.84537
-0.61284 0.84537
-0.61284 0.84537
0.23871 0.16092
0.23871 0.16092
0.23871 0.16092
0.23871 0.16092
1.1484 -0.6721
1.1484 -0.6721
1.1484 -0.6721
1.1484 -0.6721
0.73189 -0.87746
0.73189 -0.87746
0.73189 -0.87746
0.73189 -0.87746
0.10814 -0.27022
0.10814 -0.27022
0.10814 -0.27022
0.10814 -0.27022
-1.0015 1.0052
-1.0015 1.0052
-1.0015 1.0052
-1.0015 1.0052
1.5042 -0.19435
-0.96755 0.70345
-0.96755 0.70345
-0.96755 0.70345
-0.96755 0.70345
-0.76435 0.50237
-0.76435 0.50237
-0.76435 0.50237
-0.76435 0.50237
1.3712 0.5549
1.3712 0.5549
1.3712 0.5549
1.3712 0.5549
0.658 1.0672
0.658 1.0672
0.658 1.0672
0.658 1.0672
0.52213 -0.59534
0.52213 -0.59534
0.52213 -0.59534
0.52213 -0.59534
0.91981 0.34482
0.91981 0.34482
0.91981 0.34482
0.91981 0.34482
1.0637 0.9424
1.0637 0.9424
1.0637 0.9424
1.0637 0.9424
-0.86442 -0.46031
-0.86442 -0.46031
-0.86442 -0.46031
-0.86442 -0.46031
0.1486 0.88854
0.1486 0.88854
0.1486 0.88854
0.1486 0.88854
0.74953 0.85996
0.74953 0.85996
0.74953 0.85996
0.74953 0.85996
1.4633 0.85525
1.4633 0.85525
1.4633 0.85525
-0.77222 -0.96708
-0.77222 -0.96708
-0.77222 -0.96708
-0.77222 -0.96708
0.28131 0.41439
0.28131 0.41439
0.28131 0.41439
0.28131 0.41439
0.58264 -0.78226
0.58264 -0.78226
0.58264 -0.78226
0.58264 -0.78226
0.99176 0.33201
0.99176 0.33201
0.99176 0.33201
0.99176 0.33201
-0.20834 1.123
-0.20834 1.123
-0.20834 1.123
-0.20834 1.123
-0.66662 -0.81154
-0.66662 -0.81154
-0.66662 -0.81154
-0.66662 -0.81154
0.65198 0.54815
0.65198 0.54815
0.65198 0.54815
0.65198 0.54815
0.21566 -0.52585
0.21566 -0.52585
0.21566 -0.52585
0.21566 -0.52585
-0.51855 0.25835
-0.51855 0.25835
-0.51855 0.25835
-0.51855 0.25835
0.032899 1.0534
0.032899 1.0534
0.032899 1.0534
0.032899 1.0534
0.084929 0.89454
0.084929 0.89454
0.084929 0.89454
0.084929 0.89454
-0.14769 0.91848
-0.14769 0.91848
-0.14769 0.91848
-0.14769 0.91848
-0.53308 -0.35661
-0.53308 -0.35661
-0.53308 -0.35661
-0.53308 -0.35661
-0.074985 0.58184
-0.074985 0.58184
-0.074985 0.58184
-0.074985 0.58184
-1.1038 1.0123
-1.1038 1.0123
-1.1038 1.0123
-1.1038 1.0123
-0.78511 -1.3485
-0.78511 -1.3485
-0.78511 -1.3485
-0.78511 -1.3485
-0.1418 0.9766
-0.1418 0.9766
-0.1418 0.9766
-0.1418 0.9766
-1.3882 -0.9596
-1.3882 -0.9596
-1.3882 -0.9596
-1.3882 -0.9596
0.83845 -2.1481
0.2501 -2.9132
1.4876 -1.5881
1.0376 -2.128
1.0128 -1.2934
-0.5977 -1.8703
1.1779 -2.0973
0.51831 -2.4867
0.84351 -2.6097
1.1307 -0.32929
0.88462 1.6513
0.30943 -2.9839
-1.6577 -2.1182
1.2801 -0.91429
1.2801 -0.91429
1.2801 -0.91429
1.2801 -0.91429
-0.15265 0.96009
-0.15265 0.96009
-0.15265 0.96009
-0.15265 0.96009
-1.2064 -0.38413
-1.2064 -0.38413
-1.2064 -0.38413
-1.2064 -0.38413
-1.0334 -1.117
1.0773 -0.50233
1.0773 -0.50233
1.0773 -0.50233
1.0773 -0.50233
0.48301 0.14322
0.48301 0.14322
0.48301 0.14322
0.48301 0.14322
0.074191 -0.088785
0.074191 -0.088785
0.074191 -0.088785
0.074191 -0.088785
-1.4692 -0.51802
-1.4692 -0.51802
-1.3452 -0.54042
-0.79843 -1.0046
-0.79843 -1.0046
-0.79843 -1.0046
-0.79843 -1.0046
1.0369 0.30138
1.0369 0.30138
1.0369 0.30138
1.0369 0.30138
0.85308 -0.95261
0.85308 -0.95261
0.85308 -0.95261
0.85308 -0.95261
-0.084162 0.27099
-0.084162 0.27099
-0.084162 0.27099
-0.084162 0.27099
-0.73943 0.2654
-0.73943 0.2654
-0.73943 0.2654
-0.73943 0.2654
-0.75412 -0.25165
-0.75412 -0.25165
-0.75412 -0.25165
-0.75412 -0.25165
0.16925 -0.0081065
0.16925 -0.0081065
0.16925 -0.0081065
0.16925 -0.0081065
0.34994 0.71604
0.34994 0.71604
0.34994 0.71604
0.34994 0.71604
1.1867 0.43817
1.1867 0.43817
1.1867 0.43817
1.1867 0.43817
-1.2672 -1.0036
-1.2672 -1.0036
-1.2672 -1.0036
-1.2672 -1.0036
0.22478 -0.67527
0.22478 -0.67527
0.22478 -0.67527
0.22478 -0.67527
0.84662 0.88311
0.84662 0.88311
0.84662 0.88311
0.84662 0.88311
-1.2192 0.88923
-1.2192 0.88923
-1.2192 0.88923
-1.2192 0.88923
-0.839 0.47226
-0.839 0.47226
-0.839 0.47226
-0.839 0.47226
1.054 -0.59983
1.054 -0.59983
1.054 -0.59983
1.054 -0.59983
-1.1182 -0.1443
-1.1182 -0.1443
-1.1182 -0.1443
-1.1182 -0.1443
0.029265 -0.52258
0.029265 -0.52258
0.029265 -0.52258
0.029265 -0.52258
0.85489 -0.33707
0.85489 -0.33707
0.85489 -0.33707
0.85489 -0.33707
1.3939 0.13301
1.3939 0.13301
1.3939 0.13301
1.3939 0.13301
-0.84911 0.1027
-0.84911 0.1027
-0.84911 0.1027
-0.84911 0.1027
-1.4977 -0.59088
-1.4977 -0.59088
0.020122 -0.0088757
0.020122 -0.0088757
0.020122 -0.0088757
0.020122 -0.0088757
0.01511 -0.92307
0.01511 -0.92307
0.01511 -0.92307
0.01511 -0.92307
1.0417 0.22807
1.0417 0.22807
1.0417 0.22807
1.0417 0.22807
-1.1736 -0.46517
-1.1736 -0.46517
-1.1736 -0.46517
-1.1736 -0.46517
-1.0288 0.55442
-1.0288 0.55442
-1.0288 0.55442
-1.0288 0.55442
0.058488 -0.81306
0.058488 -0.81306
0.058488 -0.81306
0.058488 -0.81306
-0.15397 -0.57673
-0.6678 0.94791
-0.6678 0.94791
-0.6678 0.94791
-0.6678 0.94791
-0.080101 -0.34066
-0.080101 -0.34066
-0.080101 -0.34066
-0.080101 -0.34066
0.054716 0.39941
0.054716 0.39941
0.054716 0.39941
0.054716 0.39941
1.2025 -0.059818
1.2025 -0.059818
1.2025 -0.059818
1.2025 -0.059818
-0.51079 0.24393
-0.51079 0.24393
-0.51079 0.24393
-0.51079 0.24393
0.31001 0.49029
0.31001 0.49029
0.31001 0.49029
0.31001 0.49029
-0.81991 1.0764
-0.81991 1.0764
-0.81991 1.0764
-0.81991 1.0764
-0.17775 -1.0101
-0.17775 -1.0101
-0.17775 -1.0101
-0.17775 -1.0101
0.69982 -0.38763
0.69982 -0.38763
0.69982 -0.38763
0.69982 -0.38763
1.0818 -0.35025
1.0818 -0.35025
1.0818 -0.35025
1.0818 -0.35025
0.63929 0.23727
0.63929 0.23727
0.63929 0.23727
0.63929 0.23727
-0.37591 0.48578
-0.37591 0.48578
-0.37591 0.48578
-0.37591 0.48578
-0.11445 0.61789
-0.11445 0.61789
-0.11445 0.61789
-0.11445 0.61789
-0.058338 -0.068038
-0.058338 -0.068038
-0.058338 -0.068038
-0.058338 -0.068038
-0.70125 -0.94247
-0.70125 -0.94247
-0.70125 -0.94247
-0.70125 -0.94247
-0.048577 -0.39641
-0.048577 -0.39641
-0.048577 -0.39641
-0.048577 -0.39641
1.3764 -0.16017
1.3764 -0.16017
1.3764 -0.16017
1.3764 -0.16017
0.092482 0.80758
0.092482 0.80758
0.092482 0.80758
0.092482 0.80758
1.1429 -0.8416
1.1429 -0.8416
1.1429 -0.8416
1.1429 -0.8416
-1.4884 0.58773
-1.4431 -0.0064415
-1.4431 -0.0064415
-1.4431 -0.0064415
-1.4431 -0.0064415
1.1235 0.33472
1.1235 0.33472
1.1235 0.33472
1.1235 0.33472
1.1939 0.40614
-1.3637 -0.39804
-1.3637 -0.39804
-1.3637 -0.39804
-1.3637 -0.39804
-0.21165 0.51582
-0.21165 0.51582
-0.21165 0.51582
-0.21165 0.51582
0.011138 0.17171
0.011138 0.17171
0.011138 0.17171
0.011138 0.17171
-0.39914 1.6685
0.40606 1.0966
-0.6319 2.8943
0.98285 0.8011
-0.52032 0.98496
0.78981 0.20786
0.27013 0.88545
-0.022631 1.2348
-1.4279 0.56746
0.90445 1.2694
1.0172 0.73744
0.92348 0.47948
-0.35561 0.91863
-0.014474 0.51658
0.20278 0.49136
-2.4196 -0.60443
1.1447 0.60111
-1.5821 1.9211
-1.911 -0.446
0.2762 1.4055
1.0591 0.96882
-0.36061 0.909
0.31692 0.95081
0.94991 0.99241
0.052179 1.5687
-0.41639 1.2913
0.5274 0.25376
0.1295 0.17368
0.088114 -1.8747
0.16131 1.836
-1.2001 2.0159
-0.66321 1.16
1.0117 1.6865
0.40025 1.4116
0.68247 -0.21269
-0.47856 1.5994
0.50267 -0.5543
-0.45193 1.1277
0.99957 0.33792
-1.1506 1.0754
-1.1506 1.0754
-1.1506 1.0754
-1.1506 1.0754
0.12018 -0.68714
0.12018 -0.68714
0.12018 -0.68714
0.12018 -0.68714
-1.1795 -0.53829
-1.1795 -0.53829
-1.1795 -0.53829
-1.1795 -0.53829
-1.2135 -1.0774
-1.2135 -1.0774
-1.2135 -1.0774
-1.2135 -1.0774
-0.51032 0.028299
-0.51032 0.028299
-0.51032 0.028299
-0.51032 0.028299
-1.0157 0.14154
-1.0157 0.14154
-1.0157 0.14154
-1.0157 0.14154
-0.84622 -0.11507
-0.84622 -0.11507
-0.84622 -0.11507
-0.84622 -0.11507
1.0454 0.75925
1.0454 0.75925
1.0454 0.75925
1.0454 0.75925
0.12409 0.87416
0.12409 0.87416
0.12409 0.87416
0.12409 0.87416
-1.051 0.51032
-1.051 0.51032
-1.051 0.51032
-1.051 0.51032
-1.0099 -0.68306
-1.0099 -0.68306
-1.0099 -0.68306
-1.0099 -0.68306
-0.50918 1.519
-1.1138 0.67645
0.059165 2.0703
-0.71871 1.4863
0.51443 1.0626
0.39691 0.30247
-0.61157 -0.60244
-1.1565 -0.47724
-0.67568 0.3274
-0.5877 2.002
0.34397 2.4793
-0.52266 0.27414
-0.013866 0.10646
0.44225 0.2806
-0.32498 1.8814
-1.2295 1.5618
-0.27516 1.3873
0.95012 -0.7712
0.018576 0.24382
-0.99725 1.455
-0.13245 2.6953
1.0004 0.80114
-0.61357 -0.86231
-0.26621 -0.59597
0.6209 -0.080923
-1.014 -0.021956
0.77566 0.1036
0.048696 0.24768
-0.44835 -1.0979
-0.44835 -1.0979
0.65297 -0.34254
0.65297 -0.34254
0.65297 -0.34254
0.65297 -0.34254
-0.58768 -1.0825
-0.58768 -1.0825
-0.58768 -1.0825
-0.58768 -1.0825
0.93459 1.0676
0.93459 1.0676
0.93459 1.0676
0.93459 1.0676
-0.19404 -0.11987
-0.19404 -0.11987
-0.19404 -0.11987
-0.19404 -0.11987
-0.96524 0.73195
-0.96524 0.73195
-0.96524 0.73195
-0.96524 0.73195
-0.56803 0.91379
-0.56803 0.91379
-0.56803 0.91379
-0.56803 0.91379
-0.44436 0.80798
-0.44436 0.80798
-0.44436 0.80798
-0.44436 0.80798
-0.39336 -0.30348
-0.39336 -0.30348
-0.39336 -0.30348
-0.39336 -0.30348
0.70561 -0.43363
0.70561 -0.43363
0.70561 -0.43363
0.70561 -0.43363
0.773 0.50124
0.773 0.50124
0.773 0.50124
0.773 0.50124
0.037729 -0.30418
0.037729 -0.30418
0.037729 -0.30418
0.037729 -0.30418
1.3626 -0.21391
1.3626 -0.21391
1.3626 -0.21391
1.3626 -0.21391
0.77732 0.87506
0.77732 0.87506
0.77732 0.87506
0.77732 0.87506
0.58896 -0.95834
0.58896 -0.95834
0.58896 -0.95834
0.58896 -0.95834
0.70109 0.31465
0.70109 0.31465
0.70109 0.31465
0.70109 0.31465
0.82633 -0.96058
0.82633 -0.96058
0.82633 -0.96058
0.82633 -0.96058
0.28317 -0.7904
0.28317 -0.7904
0.28317 -0.7904
0.28317 -0.7904
0.35188 -0.23447
0.35188 -0.23447
0.35188 -0.23447
0.35188 -0.23447
0.022891 1.4087
0.022891 1.4087
0.022891 1.4087
0.022891 1.4087
0.91271 0.79638
0.91271 0.79638
0.91271 0.79638
0.91271 0.79638
0.76561 0.4115
0.76561 0.4115
0.76561 0.4115
0.76561 0.4115
-0.14123 0.011794
-0.14123 0.011794
-0.14123 0.011794
-0.14123 0.011794
-0.74577 -0.85103
-0.74577 -0.85103
-0.74577 -0.85103
-0.74577 -0.85103
-0.38101 -1.0271
-0.38101 -1.0271
-0.38101 -1.0271
-0.38101 -1.0271
-0.86296 0.96439
-0.86296 0.96439
-0.86296 0.96439
-0.86296 0.96439
0.93438 0.27334
0.93438 0.27334
0.93438 0.27334
0.93438 0.27334
-0.094509 1.0708
-0.094509 1.0708
-0.094509 1.0708
1.2527 0.40466
1.2527 0.40466
1.2527 0.40466
1.2527 0.40466
-0.60639 -0.34571
-0.60639 -0.34571
-0.60639 -0.34571
-0.60639 -0.34571
-1.3797 0.1602
-1.3797 0.1602
-1.3797 0.1602
-1.3797 0.1602
-0.21532 0.5405
-0.21532 0.5405
-0.21532 0.5405
-0.21532 0.5405
-1.3098 -0.46684
0.72146 -2.8573
0.88679 -2.0995
-1.2295 0.42506
0.84969 -0.54468
0.84229 -0.17966
0.47644 0.21367
0.11674 -0.19165
0.11674 -0.19165
0.11674 -0.19165
0.11674 -0.19165
1.2838 0.21784
1.2838 0.21784
1.2838 0.21784
1.2838 0.21784
0.045504 0.14455
0.045504 0.14455
0.045504 0.14455
0.045504 0.14455
1.4015 -0.01183
1.4015 -0.01183
1.4015 -0.01183
1.4015 -0.01183
0.90226 -0.40891
0.90226 -0.40891
0.90226 -0.40891
0.90226 -0.40891
0.65802 0.36474
0.65802 0.36474
0.65802 0.36474
0.65802 0.36474
-0.28838 -0.33342
-0.28838 -0.33342
-0.28838 -0.33342
-0.28838 -0.33342
-0.82519 0.44866
-0.82519 0.44866
-0.82519 0.44866
-0.82519 0.44866
0.26102 -0.62916
0.26102 -0.62916
0.26102 -0.62916
0.26102 -0.62916
-0.47763 -0.14737
-0.47763 -0.14737
-0.47763 -0.14737
-0.47763 -0.14737
-0.24708 0.7418
-0.24708 0.7418
-0.24708 0.7418
-0.24708 0.7418
0.11671 0.98558
0.11671 0.98558
0.11671 0.98558
0.11671 0.98558
1.3058 0.70979
1.3058 0.70979
1.3058 0.70979
1.3058 0.70979
-0.40069 1.0192
-0.40069 1.0192
-0.40069 1.0192
-0.40069 1.0192
0.095995 0.17404
0.095995 0.17404
0.095995 0.17404
0.095995 0.17404
0.96912 -1.108
0.96912 -1.108
0.96912 -1.108
0.43871 0.092123
0.43871 0.092123
0.43871 0.092123
0.43871 0.092123
-0.62777 0.94431
-0.62777 0.94431
-0.62777 0.94431
-0.62777 0.94431
1.0858 0.40993
1.0858 0.40993
1.0858 0.40993
1.0858 0.40993
0.75965 -0.5061
0.75965 -0.5061
0.75965 -0.5061
0.75965 -0.5061
-1.4475 0.90258
-1.4475 0.90258
-1.4475 0.90258
-1.4475 0.90258
-0.89663 0.95123
-0.89663 0.95123
-0.89663 0.95123
-0.89663 0.95123
1.0754 0.91766
1.0754 0.91766
1.0754 0.91766
1.0754 0.91766
-1.4998 -0.17553
-1.4998 -0.17553
0.53237 0.35822
0.53237 0.35822
0.53237 0.35822
0.53237 0.35822
1.2692 1.067
1.2692 1.067
1.2692 1.067
1.2692 1.067
-1.0381 -0.30583
-1.0381 -0.30583
-1.0381 -0.30583
-1.0381 -0.30583
-0.32588 -1.0696
-0.32588 -1.0696
-0.32588 -1.0696
-0.32588 -1.0696
-0.37971 0.73234
-0.37971 0.73234
-0.37971 0.73234
-0.37971 0.73234
-0.84899 0.047731
-0.84899 0.047731
-0.84899 0.047731
-0.84899 0.047731
0.77913 -0.73903
0.77913 -0.73903
0.77913 -0.73903
0.77913 -0.73903
0.46181 0.44332
0.46181 0.44332
0.46181 0.44332
0.46181 0.44332
1.0693 0.506
1.0693 0.506
1.0693 0.506
1.0693 0.506
0.13271 0.61566
0.13271 0.61566
0.13271 0.61566
0.13271 0.61566
0.31809 -1.0166
0.31809 -1.0166
0.31809 -1.0166
0.31809 -1.0166
1.4465 0.75534
1.4465 0.75534
1.4465 0.75534
1.4465 0.75534
-1.4299 1.0518
-1.4299 1.0518
-1.4299 1.0518
-1.4299 1.0518
0.42857 -1.0772
0.42857 -1.0772
0.42857 -1.0772
0.42857 -1.0772
-1.37 0.25966
-1.37 0.25966
-1.37 0.25966
-1.37 0.25966
-1.0917 0.4767
-1.0917 0.4767
-1.0917 0.4767
-1.0917 0.4767
-0.98604 0.25705
-0.98604 0.25705
-0.98604 0.25705
-0.98604 0.25705
-0.85222 0.75238
-0.85222 0.75238
-0.85222 0.75238
-0.85222 0.75238
1.2263 0.73079
1.2263 0.73079
1.2263 0.73079
1.2263 0.73079
-0.38364 0.9382
-0.38364 0.9382
-0.38364 0.9382
-0.38364 0.9382
-1.3208 0.82924
-1.3208 0.82924
-1.3208 0.82924
-1.3208 0.82924
0.68256 0.16302
0.68256 0.16302
0.68256 0.16302
0.68256 0.16302
0.33884 0.69969
0.33884 0.69969
0.33884 0.69969
0.33884 0.69969
0.11679 -0.28137
0.11679 -0.28137
0.11679 -0.28137
0.11679 -0.28137
0.2766 -0.41935
0.2766 -0.41935
0.2766 -0.41935
0.2766 -0.41935
-0.17294 0.91801
-0.17294 0.91801
-0.17294 0.91801
-0.17294 0.91801
-0.59327 0.94011
-0.59327 0.94011
-0.59327 0.94011
-0.59327 0.94011
0.052303 -0.59094
0.052303 -0.59094
0.052303 -0.59094
0.052303 -0.59094
-0.78786 0.18018
-0.78786 0.18018
-0.78786 0.18018
-0.78786 0.18018
-0.25925 0.1289
-0.25925 0.1289
-0.25925 0.1289
-0.25925 0.1289
-1.3694 0.357
-1.3694 0.357
-1.3694 0.357
-1.3694 0.357
0.17418 -0.45477
0.17418 -0.45477
0.17418 -0.45477
0.17418 -0.45477
-1.479 -0.51755
-1.479 -0.51755
1.2788 0.82354
1.2788 0.82354
1.2788 0.82354
1.2788 0.82354
-0.43909 -0.14624
-1.1517 -0.93408
-1.1517 -0.93408
-1.1517 -0.93408
-1.1517 -0.93408
-0.29193 0.44911
-0.29193 0.44911
-0.29193 0.44911
-0.29193 0.44911
0.68239 -0.70085
0.68239 -0.70085
0.68239 -0.70085
0.68239 -0.70085
-0.2962 1.0731
-0.2962 1.0731
-0.2962 1.0731
-0.2962 1.0731
-0.77402 -1.1988
0.11127 0.37392
0.11127 0.37392
0.11127 0.37392
0.11127 0.37392
-0.14185 0.8771
-0.14185 0.8771
-0.14185 0.8771
-0.14185 0.8771
-0.40765 -0.15618
-0.40765 -0.15618
-0.40765 -0.15618
-0.40765 -0.15618
1.3285 0.26031
1.3285 0.26031
1.3285 0.26031
1.3285 0.26031
0.69511 0.93916
0.69511 0.93916
0.69511 0.93916
0.69511 0.93916
0.63039 -0.96796
0.63039 -0.96796
0.63039 -0.96796
0.63039 -0.96796
-1.1075 -0.97661
-1.1075 -0.97661
-1.1075 -0.97661
-1.1075 -0.97661
0.6428 0.22825
0.6428 0.22825
0.6428 0.22825
0.6428 0.22825
-1.0881 0.52719
-1.0881 0.52719
-1.0881 0.52719
-1.0881 0.52719
-0.40818 0.29409
-0.40818 0.29409
-0.40818 0.29409
-0.40818 0.29409
1.2653 0.1796
1.2653 0.1796
1.2653 0.1796
1.2653 0.1796
-0.13462 -0.65877
-0.13462 -0.65877
-0.13462 -0.65877
-0.13462 -0.65877
-1.4443 -0.17969
-1.4443 -0.17969
-1.4443 -0.17969
-1.4443 -0.17969
0.44032 0.58258
0.44032 0.58258
0.44032 0.58258
0.44032 0.58258
-1.4031 0.74704
-1.4031 0.74704
-1.4031 0.74704
-1.4031 0.74704
-1.2556 -0.69386
-1.2556 -0.69386
-1.2556 -0.69386
-1.2556 -0.69386
-0.93455 1.0934
-0.93455 1.0934
-0.93455 1.0934
-0.93455 1.0934
1.1134 0.46966
1.1134 0.46966
1.1134 0.46966
1.1134 0.46966
1.2824 0.66087
1.2824 0.66087
1.2824 0.66087
1.2824 0.66087
0.31917 0.0058379
0.31917 0.0058379
0.31917 0.0058379
0.31917 0.0058379
-1.4747 0.46514
-1.4747 0.46514
-1.4747 0.46514
-0.70471 0.22592
-0.70471 0.22592
-0.70471 0.22592
-0.70471 0.22592
1.2471 0.67911
1.2471 0.67911
1.2471 0.67911
1.2471 0.67911
-0.9713 -1.0047
-0.9713 -1.0047
-0.9713 -1.0047
-0.9713 -1.0047
1.0823 0.8598
1.0823 0.8598
1.0823 0.8598
1.0823 0.8598
-1.4702 0.67595
-1.4702 0.67595
-1.4702 0.67595
-1.4702 0.67595
0.72517 -0.45157
0.72517 -0.45157
0.72517 -0.45157
0.72517 -0.45157
0.36603 0.25389
0.36603 0.25389
0.36603 0.25389
0.36603 0.25389
0.64216 0.45045
0.64216 0.45045
0.64216 0.45045
0.64216 0.45045
1.3781 -0.17987
1.3781 -0.17987
1.3781 -0.17987
1.3781 -0.17987
-1.3022 -0.94451
-1.3022 -0.94451
-1.3022 -0.94451
-1.3022 -0.94451
-0.19791 0.19863
-0.19791 0.19863
-0.19791 0.19863
-0.19791 0.19863
1.3939 0.43212
1.3939 0.43212
1.3939 0.43212
1.3939 0.43212
-0.1036 0.97224
-0.1036 0.97224
-0.1036 0.97224
-0.1036 0.97224
-0.13685 1.0627
-0.13685 1.0627
-0.13685 1.0627
-0.13685 1.0627
1.1484 -0.21598
1.1484 -0.21598
1.1484 -0.21598
1.1484 -0.21598
0.36331 -0.84699
0.36331 -0.84699
0.36331 -0.84699
0.36331 -0.84699
-0.88286 0.60247
-0.88286 0.60247
-0.88286 0.60247
-0.88286 0.60247
0.82566 -0.96293
0.82566 -0.96293
0.82566 -0.96293
0.82566 -0.96293
-1.0056 0.24781
-1.0056 0.24781
-1.0056 0.24781
-1.0056 0.24781
0.81285 -0.29584
0.81285 -0.29584
0.81285 -0.29584
0.81285 -0.29584
-0.81473 -0.73982
-0.81473 -0.73982
-0.81473 -0.73982
-0.81473 -0.73982
1.0063 0.5303
1.0063 0.5303
1.0063 0.5303
1.0063 0.5303
0.11736 -0.83759
0.11736 -0.83759
0.11736 -0.83759
0.11736 -0.83759
0.37834 0.5957
0.37834 0.5957
0.37834 0.5957
0.37834 0.5957
0.077046 0.75816
0.077046 0.75816
0.077046 0.75816
0.077046 0.75816
0.34394 0.14605
0.34394 0.14605
0.34394 0.14605
0.34394 0.14605
-0.24744 -0.85231
-0.24744 -0.85231
-0.24744 -0.85231
-0.24744 -0.85231
0.17971 0.86361
0.17971 0.86361
0.17971 0.86361
0.17971 0.86361
0.57035 1.014
0.57035 1.014
0.57035 1.014
0.57035 1.014
0.062272 -0.61007
0.062272 -0.61007
0.062272 -0.61007
0.062272 -0.61007
-0.24292 0.99382
-0.24292 0.99382
-0.24292 0.99382
-0.24292 0.99382
0.4412 -0.35836
0.4412 -0.35836
0.4412 -0.35836
0.4412 -0.35836
0.93186 -0.95324
0.13316 -2.9519
-1.1951 -0.92325
1.4013 0.73874
1.4013 0.73874
1.4013 0.73874
1.4013 0.73874
0.98227 -0.72297
0.98227 -0.72297
0.98227 -0.72297
0.98227 -0.72297
0.59073 -1.016
0.59073 -1.016
0.59073 -1.016
0.59073 -1.016
1.2604 -0.12882
1.2604 -0.12882
1.2604 -0.12882
1.2604 -0.12882
-0.70776 -0.41405
-0.70776 -0.41405
-0.70776 -0.41405
-0.70776 -0.41405
0.19032 0.70244
0.19032 0.70244
0.19032 0.70244
0.19032 0.70244
0.26041 -0.70436
0.26041 -0.70436
0.26041 -0.70436
0.26041 -0.70436
0.44688 0.27763
0.44688 0.27763
0.44688 0.27763
0.44688 0.27763
0.89022 -0.38251
0.89022 -0.38251
0.89022 -0.38251
0.89022 -0.38251
-0.19252 0.77892
-0.19252 0.77892
-0.19252 0.77892
-0.19252 0.77892
-1.4022 -0.64991
-1.4022 -0.64991
-1.4022 -0.64991
-1.4022 -0.64991
1.2716 0.16439
1.2716 0.16439
1.2716 0.16439
1.2716 0.16439
1.4604 0.18466
1.4604 0.18466
1.4604 0.18466
1.4604 0.18466
-0.071618 -0.16365
-0.071618 -0.16365
-0.071618 -0.16365
-0.071618 -0.16365
-1.32 -0.65302
-1.32 -0.65302
-1.32 -0.65302
-1.32 -0.65302
0.06526 -0.48243
0.06526 -0.48243
0.06526 -0.48243
0.06526 -0.48243
0.47469 -0.25469
0.47469 -0.25469
0.47469 -0.25469
0.47469 -0.25469
0.35886 -0.23226
1.4899 -0.33308
-1.3592 -0.96087
-1.3592 -0.96087
-1.3592 -0.96087
-1.3592 -0.96087
1.0589 0.78146
1.0589 0.78146
1.0589 0.78146
1.0589 0.78146
1.2507 -0.56181
1.2507 -0.56181
1.2507 -0.56181
1.2507 -0.56181
-0.99 0.96036
-0.99 0.96036
-0.99 0.96036
-0.99 0.96036
0.49527 0.42273
0.49527 0.42273
0.49527 0.42273
0.49527 0.42273
-0.94337 -0.22991
-0.94337 -0.22991
-0.94337 -0.22991
-0.94337 -0.22991
1.2871 0.44617
1.2871 0.44617
1.2871 0.44617
1.2871 0.44617
-0.17834 -0.94049
-0.17834 -0.94049
-0.17834 -0.94049
-0.17834 -0.94049
0.91851 1.073
1.2206 0.49497
0.05014 1.5831
1.2934 1.2408
-0.96861 -1.0257
1.0808 1.7266
0.93707 2.9048
1.0096 1.4316
1.1627 1.9877
1.267 -0.31407
1.267 -0.31407
1.267 -0.31407
1.267 -0.31407
0.15863 0.13151
0.15863 0.13151
0.15863 0.13151
0.15863 0.13151
0.97885 -0.73089
0.97885 -0.73089
0.97885 -0.73089
0.97885 -0.73089
-0.32788 0.078584
-0.32788 0.078584
-0.32788 0.078584
-0.32788 0.078584
0.61903 -1.113
0.89571 0.081797
0.54563 0.40714
0.54563 0.40714
0.54563 0.40714
0.54563 0.40714
-0.79667 -0.20326
-0.79667 -0.20326
-0.79667 -0.20326
-0.79667 -0.20326
0.41179 -1.0248
0.41179 -1.0248
0.41179 -1.0248
0.41179 -1.0248
-0.59169 -0.41122
-0.59169 -0.41122
-0.59169 -0.41122
-0.59169 -0.41122
-1.1032 0.26259
-1.1032 0.26259
-1.1032 0.26259
-1.1032 0.26259
0.37989 -0.19508
0.37989 -0.19508
0.37989 -0.19508
0.37989 -0.19508
1.4364 -1.0307
1.4364 -1.0307
1.4364 -1.0307
1.4364 -1.0307
-1.334 -0.019749
-1.334 -0.019749
-1.334 -0.019749
-1.334 -0.019749
0.75642 -0.38562
0.75642 -0.38562
0.75642 -0.38562
0.75642 -0.38562
0.14226 0.20795
0.14226 0.20795
0.14226 0.20795
0.14226 0.20795
0.03168 1.0767
0.03168 1.0767
0.03168 1.0767
0.03168 1.0767
0.39263 0.44163
0.39263 0.44163
0.39263 0.44163
0.39263 0.44163
0.3883 0.96717
0.3883 0.96717
0.3883 0.96717
0.3883 0.96717
-0.75976 0.42353
-0.75976 0.42353
-0.75976 0.42353
-0.75976 0.42353
0.075153 -0.21762
0.075153 -0.21762
0.075153 -0.21762
0.075153 -0.21762
0.63855 -0.9128
0.63855 -0.9128
0.63855 -0.9128
0.63855 -0.9128
1.1905 0.40441
1.1905 0.40441
1.1905 0.40441
1.1905 0.40441
-0.5675 -0.3158
-0.5675 -0.3158
-0.5675 -0.3158
-0.5675 -0.3158
-1.0848 -0.67498
-1.0848 -0.67498
-1.0848 -0.67498
-1.0848 -0.67498
0.044135 -0.69186
0.044135 -0.69186
0.044135 -0.69186
0.044135 -0.69186
-0.74421 -0.81059
-0.74421 -0.81059
-0.74421 -0.81059
-0.74421 -0.81059
-1.4282 0.15576
-1.4282 0.15576
-1.4282 0.15576
-1.4282 0.15576
-1.0071 0.45033
-1.0071 0.45033
-1.0071 0.45033
-1.0071 0.45033
1.1282 -0.2532
1.1282 -0.2532
1.1282 -0.2532
1.1282 -0.2532
0.38354 -0.72599
0.38354 -0.72599
0.38354 -0.72599
0.38354 -0.72599
-0.37146 -0.39141
-0.37146 -0.39141
-0.37146 -0.39141
-0.37146 -0.39141
-1.2098 -0.332
-1.2098 -0.332
-1.2098 -0.332
-1.2098 -0.332
0.2088 0.14887
0.2088 0.14887
0.2088 0.14887
0.2088 0.14887
-1.1255 -1.0961
-1.1255 -1.0961
-0.32704 0.72729
-0.32704 0.72729
-0.32704 0.72729
-0.32704 0.72729
-1.0413 -0.83245
-1.0413 -0.83245
-1.0413 -0.83245
-1.0413 -0.83245
0.26379 -0.64912
0.26379 -0.64912
0.26379 -0.64912
0.26379 -0.64912
0.34269 0.62087
0.34269 0.62087
0.34269 0.62087
0.34269 0.62087
0.667 0.74194
0.667 0.74194
0.667 0.74194
0.667 0.74194
-0.81734 -0.76868
-0.81734 -0.76868
-0.81734 -0.76868
-0.81734 -0.76868
0.761 0.56279
0.761 0.56279
0.761 0.56279
0.761 0.56279
-0.88864 1.0011
-0.88864 1.0011
-0.88864 1.0011
-0.88864 1.0011
-0.74281 0.68894
-0.74281 0.68894
-0.74281 0.68894
-0.74281 0.68894
-0.37285 -0.67343
-0.37285 -0.67343
-0.37285 -0.67343
-0.37285 -0.67343
-1.0567 -1.4967
-1.0567 -1.4967
-1.0567 -1.4967
-1.0567 -1.4967
0.1647 -1.0088
0.1647 -1.0088
0.1647 -1.0088
0.1647 -1.0088
0.27752 -0.83194
0.27752 -0.83194
0.27752 -0.83194
0.27752 -0.83194
0.37805 0.77132
0.37805 0.77132
0.37805 0.77132
0.37805 0.77132
-0.073135 0.15895
-0.073135 0.15895
-0.073135 0.15895
-0.073135 0.15895
0.73182 0.88096
0.73182 0.88096
0.73182 0.88096
0.73182 0.88096
-0.090022 0.030565
-0.090022 0.030565
-0.090022 0.030565
-0.090022 0.030565
0.84491 -0.58594
0.84491 -0.58594
0.84491 -0.58594
0.84491 -0.58594
-0.74839 -0.37935
1.1795 -1.1004
1.1795 -1.1004
-1.377 -1.0603
-1.377 -1.0603
-1.377 -1.0603
-1.377 -1.0603
1.0012 -0.41361
1.0012 -0.41361
1.0012 -0.41361
1.0012 -0.41361
1.3792 -0.7207
1.3792 -0.7207
1.3792 -0.7207
1.3792 -0.7207
1.2928 0.46341
1.2928 0.46341
1.2928 0.46341
1.2928 0.46341
1.455 1.055
1.455 1.055
1.455 1.055
1.4439 -0.73327
1.4439 -0.73327
1.4439 -0.73327
1.4439 -0.73327
0.34493 0.72545
0.34493 0.72545
0.34493 0.72545
0.34493 0.72545
0.39897 -1.0865
0.39897 -1.0865
0.39897 -1.0865
0.39897 -1.0865
-0.63832 0.814
-0.63832 0.814
-0.63832 0.814
-0.63832 0.814
0.7874 -0.42304
0.7874 -0.42304
0.7874 -0.42304
0.7874 -0.42304
-1.0526 -0.87079
-1.0526 -0.87079
-1.0526 -0.87079
-1.0526 -0.87079
1.2063 -0.50801
1.2063 -0.50801
1.2063 -0.50801
1.2063 -0.50801
-0.45729 -2.3231
-0.45729 -2.3231
-0.45729 -2.3231
-0.45729 -2.3231
0.70935 -0.18467
0.70935 -0.18467
0.70935 -0.18467
0.70935 -0.18467
1.0169 -0.041313
1.0169 -0.041313
1.0169 -0.041313
1.0169 -0.041313
1.2463 -0.84695
1.2463 -0.84695
1.2463 -0.84695
1.2463 -0.84695
1.2202 0.59092
1.2202 0.59092
1.2202 0.59092
1.2202 0.59092
0.41933 -0.55475
0.41933 -0.55475
0.41933 -0.55475
0.41933 -0.55475
-0.83631 -0.35539
-0.83631 -0.35539
-0.83631 -0.35539
-0.83631 -0.35539
-1.0174 -0.97965
-1.0174 -0.97965
-1.0174 -0.97965
-1.0174 -0.97965
-1.1525 -0.33079
-1.1525 -0.33079
-1.1525 -0.33079
-1.1525 -0.33079
0.71063 0.82755
0.71063 0.82755
0.71063 0.82755
0.71063 0.82755
-0.17297 1.1055
0.079508 -0.08314
0.079508 -0.08314
0.079508 -0.08314
0.079508 -0.08314
-1.446 -0.75753
-1.446 -0.75753
-1.446 -0.75753
-1.446 -0.75753
0.12086 -0.15531
0.12086 -0.15531
0.12086 -0.15531
0.12086 -0.15531
0.11084 0.19129
0.11084 0.19129
0.11084 0.19129
0.11084 0.19129
-0.77786 0.37227
-0.77786 0.37227
-0.77786 0.37227
-0.77786 0.37227
-1.2049 0.80813
-1.2049 0.80813
-1.2049 0.80813
-1.2049 0.80813
-0.79478 -0.17892
-0.79478 -0.17892
-0.79478 -0.17892
-0.79478 -0.17892
1.1838 1.0091
1.1838 1.0091
1.1838 1.0091
1.1838 1.0091
0.13797 -0.61049
0.13797 -0.61049
0.13797 -0.61049
0.13797 -0.61049
-1.4362 0.1193
-1.4362 0.1193
-1.4362 0.1193
-1.4362 0.1193
-0.93749 0.33117
-0.93749 0.33117
-0.93749 0.33117
-0.93749 0.33117
-0.84242 0.79917
-0.84242 0.79917
-0.84242 0.79917
-0.84242 0.79917
1.3187 -0.6173
1.3187 -0.6173
1.3187 -0.6173
1.3187 -0.6173
0.56763 0.89468
0.56763 0.89468
0.56763 0.89468
0.56763 0.89468
0.80542 -0.33556
0.80542 -0.33556
0.80542 -0.33556
0.80542 -0.33556
-0.49325 0.98386
-0.49325 0.98386
-0.49325 0.98386
-0.49325 0.98386
-1.0746 0.16418
-1.0746 0.16418
-1.0746 0.16418
-1.0746 0.16418
0.97567 0.37855
0.97567 0.37855
0.97567 0.37855
0.97567 0.37855
0.84607 -0.2208
0.84607 -0.2208
0.84607 -0.2208
0.84607 -0.2208
1.459 0.76044
1.459 0.76044
1.459 0.76044
1.459 0.76044
1.1786 0.90417
1.1786 0.90417
1.1786 0.90417
1.1786 0.90417
0.20351 0.65956
0.20351 0.65956
0.20351 0.65956
0.20351 0.65956
0.39444 0.87758
0.39444 0.87758
0.39444 0.87758
0.39444 0.87758
0.86084 -0.75741
0.86084 -0.75741
0.86084 -0.75741
0.86084 -0.75741
-0.97651 1.0674
-0.97651 1.0674
-0.97651 1.0674
-0.97651 1.0674
0.41554 1.1063
0.41554 1.1063
0.41554 1.1063
0.41554 1.1063
0.010751 0.97669
0.010751 0.97669
0.010751 0.97669
0.010751 0.97669
1.1228 -0.25121
1.1228 -0.25121
1.1228 -0.25121
1.1228 -0.25121
-1.0906 -0.97127
-1.0906 -0.97127
-1.0906 -0.97127
-1.0906 -0.97127
-0.82486 -0.95786
-0.82486 -0.95786
-0.82486 -0.95786
-0.82486 -0.95786
-0.24227 -0.9154
-0.24227 -0.9154
-0.24227 -0.9154
-0.24227 -0.9154
-0.86009 0.3279
-0.57775 1.512
0.65011 0.19737
0.65011 0.19737
0.65011 0.19737
0.65011 0.19737
-0.38412 0.46215
-0.38412 0.46215
-0.38412 0.46215
-0.38412 0.46215
-0.91107 0.38544
-0.91107 0.38544
-0.91107 0.38544
-0.91107 0.38544
0.41891 -0.91875
0.41891 -0.91875
0.41891 -0.91875
0.41891 -0.91875
0.22644 0.78575
0.22644 0.78575
0.22644 0.78575
0.22644 0.78575
1.1694 0.69152
1.1694 0.69152
1.1694 0.69152
1.1694 0.69152
-1.3954 0.77228
-1.3954 0.77228
-1.3954 0.77228
-1.3954 0.77228
0.24961 -0.16733
0.24961 -0.16733
0.24961 -0.16733
0.24961 -0.16733
-0.58353 -0.51145
-0.58353 -0.51145
-0.58353 -0.51145
-0.58353 -0.51145
1.2845 0.74753
1.2845 0.74753
1.2845 0.74753
1.2845 0.74753
0.78988 0.87336
0.78988 0.87336
0.78988 0.87336
0.78988 0.87336
0.70113 1.0504
0.70113 1.0504
0.70113 1.0504
0.70113 1.0504
-0.20978 0.022322
-0.20978 0.022322
-0.20978 0.022322
-0.20978 0.022322
1.435 0.85244
1.435 0.85244
1.435 0.85244
1.435 0.85244
-0.40959 0.62713
-0.40959 0.62713
-0.40959 0.62713
-0.40959 0.62713
1.0951 -0.87867
1.0951 -0.87867
1.0951 -0.87867
1.0951 -0.87867
1.4048 1.0822
1.4048 1.0822
1.4048 1.0822
1.4048 1.0822
-0.056501 0.40079
-0.056501 0.40079
-0.056501 0.40079
-0.056501 0.40079
0.077146 -0.91932
0.077146 -0.91932
0.077146 -0.91932
0.077146 -0.91932
1.1019 -0.2605
1.1019 -0.2605
1.1019 -0.2605
1.1019 -0.2605
1.4268 0.86249
1.4268 0.86249
1.4268 0.86249
1.4268 0.86249
0.37339 0.075305
0.37339 0.075305
0.37339 0.075305
0.37339 0.075305
1.3622 0.51118
1.3622 0.51118
1.3622 0.51118
1.3622 0.51118
-0.17335 0.30925
-0.17335 0.30925
-0.17335 0.30925
-0.17335 0.30925
1.2431 0.4281
1.2431 0.4281
1.2431 0.4281
1.2431 0.4281
-0.94547 -0.95261
-0.94547 -0.95261
-0.94547 -0.95261
-0.94547 -0.95261
0.98985 -0.60942
0.98985 -0.60942
0.98985 -0.60942
0.98985 -0.60942
0.023766 0.61053
0.023766 0.61053
0.023766 0.61053
0.023766 0.61053
0.691 0.15435
0.691 0.15435
0.691 0.15435
0.691 0.15435
-0.15157 0.3196
-0.15157 0.3196
-0.15157 0.3196
-0.15157 0.3196
-0.78731 0.93144
-0.78731 0.93144
-0.78731 0.93144
-0.78731 0.93144
0.011172 0.51847
0.63341 0.90158
0.63341 0.90158
0.63341 0.90158
0.63341 0.90158
0.14641 -0.36887
0.14641 -0.36887
0.14641 -0.36887
0.14641 -0.36887
0.49502 -0.3221
0.49502 -0.3221
0.49502 -0.3221
0.49502 -0.3221
0.74512 0.1426
0.74512 0.1426
0.74512 0.1426
0.74512 0.1426
0.071764 -0.039351
0.071764 -0.039351
0.071764 -0.039351
0.071764 -0.039351
-0.50812 0.22419
-0.50812 0.22419
-0.50812 0.22419
-0.50812 0.22419
0.57384 -0.72358
0.57384 -0.72358
0.57384 -0.72358
0.57384 -0.72358
0.64144 0.95691
0.64144 0.95691
0.64144 0.95691
0.64144 0.95691
1.4228 0.63243
1.4228 0.63243
1.4228 0.63243
1.4228 0.63243
1.2894 0.97382
1.2894 0.97382
1.2894 0.97382
1.2894 0.97382
-0.96225 -0.32744
-0.96225 -0.32744
-0.96225 -0.32744
-0.96225 -0.32744
0.02567 0.261
0.02567 0.261
0.02567 0.261
0.02567 0.261
0.53079 1.2998
0.53079 1.2998
0.53079 1.2998
0.53079 1.2998
-0.31674 -0.50151
-0.31674 -0.50151
-0.31674 -0.50151
-0.31674 -0.50151
0.078466 0.50664
0.83851 0.47375
0.83851 0.47375
0.83851 0.47375
0.83851 0.47375
1.2954 -0.69143
1.2954 -0.69143
1.2954 -0.69143
&
