@g0 type xy 
@    title "angular distribution"
@    subtitle "/home/miia/EGSnrc/egs_home/TB/anodeXRayWPbPort_egs_chamber_r"
@    legend on
@    legend box linestyle 0
@    legend x1 0.6
@    legend y1 0.75
@    view xmin 0.250000
@    xaxis  label "angle /degree"
@    timestamp on
@    yaxis  label "particles/angular bin/incident particle"
@    s0 on
@    legend string  0 "IQ = 0 NO LATCH CHECK"
@TYPE xydy
@    s0 errorbar length 0.000000
@    s0 symbol color 1
     2.2500E-01     6.5400E-08     2.1607E-10
     6.7500E-01     1.9613E-07     3.7418E-10
     1.1250E+00     3.2621E-07     4.8256E-10
     1.5750E+00     4.5755E-07     5.7151E-10
     2.0250E+00     5.8783E-07     6.4779E-10
     2.4750E+00     7.1717E-07     7.1551E-10
     2.9250E+00     8.4535E-07     7.7683E-10
     3.3750E+00     9.7397E-07     8.3383E-10
     3.8250E+00     1.1030E-06     8.8735E-10
     4.2750E+00     1.2302E-06     9.3712E-10
     4.7250E+00     1.3553E-06     9.8362E-10
     5.1750E+00     1.4846E-06     1.0295E-09
     5.6250E+00     1.6053E-06     1.0705E-09
     6.0750E+00     1.7297E-06     1.1112E-09
     6.5250E+00     1.8536E-06     1.1503E-09
     6.9750E+00     1.9714E-06     1.1863E-09
     7.4250E+00     2.0897E-06     1.2214E-09
     7.8750E+00     2.2041E-06     1.2543E-09
     8.3250E+00     2.3211E-06     1.2872E-09
     8.7750E+00     2.4320E-06     1.3176E-09
     9.2250E+00     2.5445E-06     1.3478E-09
     9.6750E+00     2.6487E-06     1.3751E-09
     1.0125E+01     2.7495E-06     1.4010E-09
     1.0575E+01     2.8500E-06     1.4264E-09
     1.1025E+01     2.9410E-06     1.4490E-09
     1.1475E+01     3.0286E-06     1.4704E-09
     1.1925E+01     3.1060E-06     1.4891E-09
     1.2375E+01     3.1776E-06     1.5061E-09
     1.2825E+01     3.2352E-06     1.5197E-09
     1.3275E+01     3.2684E-06     1.5275E-09
     1.3725E+01     3.2762E-06     1.5293E-09
     1.4175E+01     3.2794E-06     1.5300E-09
     1.4625E+01     3.3079E-06     1.5367E-09
     1.5075E+01     3.3270E-06     1.5411E-09
     1.5525E+01     3.3045E-06     1.5359E-09
     1.5975E+01     3.2382E-06     1.5204E-09
     1.6425E+01     3.0672E-06     1.4797E-09
     1.6875E+01     2.7689E-06     1.4059E-09
     1.7325E+01     2.4078E-06     1.3111E-09
     1.7775E+01     2.0679E-06     1.2150E-09
     1.8225E+01     1.7562E-06     1.1197E-09
     1.8675E+01     1.4784E-06     1.0273E-09
     1.9125E+01     1.2515E-06     9.4520E-10
     1.9575E+01     1.0545E-06     8.6763E-10
     2.0025E+01     8.8008E-07     7.9263E-10
     2.0475E+01     7.2814E-07     7.2097E-10
     2.0925E+01     5.9559E-07     6.5205E-10
     2.1375E+01     4.7870E-07     5.8458E-10
     2.1825E+01     3.7795E-07     5.1943E-10
     2.2275E+01     2.9498E-07     4.5888E-10
     2.2725E+01     2.3106E-07     4.0614E-10
     2.3175E+01     1.8672E-07     3.6509E-10
     2.3625E+01     1.6090E-07     3.3891E-10
     2.4075E+01     1.4996E-07     3.2718E-10
     2.4525E+01     1.4788E-07     3.2491E-10
     2.4975E+01     1.4683E-07     3.2375E-10
     2.5425E+01     1.4600E-07     3.2284E-10
     2.5875E+01     1.4476E-07     3.2147E-10
     2.6325E+01     1.4377E-07     3.2036E-10
     2.6775E+01     1.4318E-07     3.1970E-10
     2.7225E+01     1.4239E-07     3.1882E-10
     2.7675E+01     1.4223E-07     3.1864E-10
     2.8125E+01     1.4159E-07     3.1793E-10
     2.8575E+01     1.4180E-07     3.1816E-10
     2.9025E+01     1.4174E-07     3.1809E-10
     2.9475E+01     1.4252E-07     3.1896E-10
     2.9925E+01     1.4604E-07     3.2288E-10
     3.0375E+01     1.5337E-07     3.3088E-10
     3.0825E+01     1.6152E-07     3.3956E-10
     3.1275E+01     1.6659E-07     3.4485E-10
     3.1725E+01     1.6856E-07     3.4689E-10
     3.2175E+01     1.6407E-07     3.4223E-10
     3.2625E+01     1.5549E-07     3.3317E-10
     3.3075E+01     1.4890E-07     3.2603E-10
     3.3525E+01     1.4495E-07     3.2168E-10
     3.3975E+01     1.4182E-07     3.1818E-10
     3.4425E+01     1.3959E-07     3.1567E-10
     3.4875E+01     1.3879E-07     3.1477E-10
     3.5325E+01     1.3782E-07     3.1366E-10
     3.5775E+01     1.3689E-07     3.1260E-10
     3.6225E+01     1.3627E-07     3.1189E-10
     3.6675E+01     1.3604E-07     3.1163E-10
     3.7125E+01     1.3507E-07     3.1052E-10
     3.7575E+01     1.3509E-07     3.1054E-10
     3.8025E+01     1.3502E-07     3.1046E-10
     3.8475E+01     1.3523E-07     3.1070E-10
     3.8925E+01     1.3440E-07     3.0975E-10
     3.9375E+01     1.3427E-07     3.0960E-10
     3.9825E+01     1.3289E-07     3.0800E-10
     4.0275E+01     1.3099E-07     3.0579E-10
     4.0725E+01     1.2753E-07     3.0172E-10
     4.1175E+01     1.2404E-07     2.9756E-10
     4.1625E+01     1.2246E-07     2.9566E-10
     4.2075E+01     1.2130E-07     2.9427E-10
     4.2525E+01     1.2000E-07     2.9268E-10
     4.2975E+01     1.1840E-07     2.9072E-10
     4.3425E+01     1.1708E-07     2.8910E-10
     4.3875E+01     1.1580E-07     2.8751E-10
     4.4325E+01     1.1436E-07     2.8572E-10
     4.4775E+01     1.1293E-07     2.8393E-10
     4.5225E+01     1.1162E-07     2.8228E-10
     4.5675E+01     1.0947E-07     2.7955E-10
     4.6125E+01     1.0761E-07     2.7716E-10
     4.6575E+01     1.0601E-07     2.7509E-10
     4.7025E+01     1.0408E-07     2.7257E-10
     4.7475E+01     1.0172E-07     2.6947E-10
     4.7925E+01     9.9685E-08     2.6676E-10
     4.8375E+01     9.7979E-08     2.6447E-10
     4.8825E+01     9.5026E-08     2.6045E-10
     4.9275E+01     9.2227E-08     2.5659E-10
     4.9725E+01     8.9681E-08     2.5302E-10
     5.0175E+01     8.7460E-08     2.4987E-10
     5.0625E+01     8.4598E-08     2.4575E-10
     5.1075E+01     8.1572E-08     2.4131E-10
     5.1525E+01     7.8734E-08     2.3708E-10
     5.1975E+01     7.6135E-08     2.3313E-10
     5.2425E+01     7.4046E-08     2.2991E-10
     5.2875E+01     7.0734E-08     2.2471E-10
     5.3325E+01     6.8077E-08     2.2045E-10
     5.3775E+01     6.4714E-08     2.1493E-10
     5.4225E+01     6.2386E-08     2.1103E-10
     5.4675E+01     5.9568E-08     2.0621E-10
     5.5125E+01     5.7255E-08     2.0217E-10
     5.5575E+01     5.3852E-08     1.9607E-10
     5.6025E+01     5.1252E-08     1.9128E-10
     5.6475E+01     4.8385E-08     1.8585E-10
     5.6925E+01     4.5617E-08     1.8046E-10
     5.7375E+01     4.3101E-08     1.7541E-10
     5.7825E+01     4.0347E-08     1.6971E-10
     5.8275E+01     3.7793E-08     1.6425E-10
     5.8725E+01     3.5542E-08     1.5929E-10
     5.9175E+01     3.2600E-08     1.5255E-10
     5.9625E+01     3.0429E-08     1.4738E-10
     6.0075E+01     2.7762E-08     1.4078E-10
     6.0525E+01     2.5407E-08     1.3467E-10
     6.0975E+01     2.3244E-08     1.2881E-10
     6.1425E+01     2.1161E-08     1.2291E-10
     6.1875E+01     1.9345E-08     1.1751E-10
     6.2325E+01     1.7377E-08     1.1138E-10
     6.2775E+01     1.5624E-08     1.0561E-10
     6.3225E+01     1.4009E-08     1.0000E-10
     6.3675E+01     1.2548E-08     9.4643E-11
     6.4125E+01     1.0934E-08     8.8349E-11
     6.4575E+01     9.4572E-09     8.2166E-11
     6.5025E+01     8.1537E-09     7.6293E-11
     6.5475E+01     7.0872E-09     7.1129E-11
     6.5925E+01     5.9208E-09     6.5012E-11
     6.6375E+01     5.0277E-09     5.9909E-11
     6.6825E+01     4.0519E-09     5.3782E-11
     6.7275E+01     3.0932E-09     4.6990E-11
     6.7725E+01     2.4721E-09     4.2009E-11
     6.8175E+01     1.7861E-09     3.5707E-11
     6.8625E+01     1.2578E-09     2.9965E-11
     6.9075E+01     9.8370E-10     2.6500E-11
     6.9525E+01     7.2600E-10     2.2765E-11
     6.9975E+01     5.8037E-10     2.0354E-11
     7.0425E+01     4.5901E-10     1.8102E-11
     7.0875E+01     3.6264E-10     1.6090E-11
     7.1325E+01     3.5265E-10     1.5866E-11
     7.1775E+01     3.5122E-10     1.5834E-11
     7.2225E+01     2.9768E-10     1.4577E-11
     7.2675E+01     3.1410E-10     1.4974E-11
     7.3125E+01     3.1910E-10     1.5093E-11
     7.3575E+01     3.1267E-10     1.4940E-11
     7.4025E+01     3.1838E-10     1.5076E-11
     7.4475E+01     2.6199E-10     1.3676E-11
     7.4925E+01     2.9911E-10     1.4612E-11
     7.5375E+01     2.9554E-10     1.4525E-11
     7.5825E+01     2.6270E-10     1.3694E-11
     7.6275E+01     2.7055E-10     1.3897E-11
     7.6725E+01     2.4628E-10     1.3259E-11
     7.7175E+01     2.7270E-10     1.3952E-11
     7.7625E+01     2.5628E-10     1.3526E-11
     7.8075E+01     2.6841E-10     1.3842E-11
     7.8525E+01     2.3986E-10     1.3085E-11
     7.8975E+01     2.2558E-10     1.2690E-11
     7.9425E+01     2.2201E-10     1.2589E-11
     7.9875E+01     1.8703E-10     1.1555E-11
     8.0325E+01     1.8346E-10     1.1444E-11
     8.0775E+01     1.8917E-10     1.1621E-11
     8.1225E+01     1.8061E-10     1.1355E-11
     8.1675E+01     1.6419E-10     1.0826E-11
     8.2125E+01     1.4563E-10     1.0196E-11
     8.2575E+01     1.6419E-10     1.0826E-11
     8.3025E+01     1.2064E-10     9.2802E-12
     8.3475E+01     1.2850E-10     9.5775E-12
     8.3925E+01     1.2064E-10     9.2802E-12
     8.4375E+01     1.2635E-10     9.4973E-12
     8.4825E+01     9.2088E-11     8.1079E-12
     8.5275E+01     9.0661E-11     8.0448E-12
     8.5725E+01     9.0661E-11     8.0448E-12
     8.6175E+01     8.4236E-11     7.7545E-12
     8.6625E+01     7.9239E-11     7.5210E-12
     8.7075E+01     5.0684E-11     6.0151E-12
     8.7525E+01     4.3546E-11     5.5754E-12
     8.7975E+01     4.4973E-11     5.6661E-12
     8.8425E+01     3.2838E-11     4.8416E-12
     8.8875E+01     2.1416E-11     3.9100E-12
     8.9325E+01     9.2802E-12     2.5739E-12
     8.9775E+01     2.8554E-12     1.4277E-12
&
