# Grace project file
#
@version 50125
@page size 792, 612
@page scroll 5%
@page inout 5%
@link page off
@map font 8 to "Courier", "Courier"
@map font 10 to "Courier-Bold", "Courier-Bold"
@map font 14 to "Courier-BoldItalic", "Courier-BoldItalic"
@map font 11 to "Courier-BoldOblique", "Courier-BoldOblique"
@map font 16 to "Courier-Italic", "Courier-Italic"
@map font 9 to "Courier-Oblique", "Courier-Oblique"
@map font 18 to "Courier-Regular", "Courier-Regular"
@map font 19 to "D050000L-Regular", "D050000L-Regular"
@map font 20 to "Dingbats-Regular", "Dingbats-Regular"
@map font 4 to "Helvetica", "Helvetica"
@map font 6 to "Helvetica-Bold", "Helvetica-Bold"
@map font 7 to "Helvetica-BoldOblique", "Helvetica-BoldOblique"
@map font 5 to "Helvetica-Oblique", "Helvetica-Oblique"
@map font 25 to "NimbusMonoL-Bold", "NimbusMonoL-Bold"
@map font 26 to "NimbusMonoL-BoldOblique", "NimbusMonoL-BoldOblique"
@map font 27 to "NimbusMonoL-Regular", "NimbusMonoL-Regular"
@map font 28 to "NimbusMonoL-RegularOblique", "NimbusMonoL-RegularOblique"
@map font 29 to "NimbusMonoPS-Bold", "NimbusMonoPS-Bold"
@map font 30 to "NimbusMonoPS-BoldItalic", "NimbusMonoPS-BoldItalic"
@map font 31 to "NimbusMonoPS-Italic", "NimbusMonoPS-Italic"
@map font 32 to "NimbusMonoPS-Regular", "NimbusMonoPS-Regular"
@map font 33 to "NimbusRoman-Bold", "NimbusRoman-Bold"
@map font 34 to "NimbusRoman-BoldItalic", "NimbusRoman-BoldItalic"
@map font 35 to "NimbusRoman-Italic", "NimbusRoman-Italic"
@map font 36 to "NimbusRoman-Regular", "NimbusRoman-Regular"
@map font 37 to "NimbusRomanNo9L-Medium", "NimbusRomanNo9L-Medium"
@map font 38 to "NimbusRomanNo9L-MediumItalic", "NimbusRomanNo9L-MediumItalic"
@map font 39 to "NimbusRomanNo9L-Regular", "NimbusRomanNo9L-Regular"
@map font 40 to "NimbusRomanNo9L-RegularItalic", "NimbusRomanNo9L-RegularItalic"
@map font 41 to "NimbusSans-Bold", "NimbusSans-Bold"
@map font 42 to "NimbusSans-BoldItalic", "NimbusSans-BoldItalic"
@map font 43 to "NimbusSans-Italic", "NimbusSans-Italic"
@map font 44 to "NimbusSans-Regular", "NimbusSans-Regular"
@map font 45 to "NimbusSansL-Bold", "NimbusSansL-Bold"
@map font 46 to "NimbusSansL-BoldCondensed", "NimbusSansL-BoldCondensed"
@map font 47 to "NimbusSansL-BoldCondensedItalic", "NimbusSansL-BoldCondensedItalic"
@map font 48 to "NimbusSansL-BoldItalic", "NimbusSansL-BoldItalic"
@map font 49 to "NimbusSansL-Regular", "NimbusSansL-Regular"
@map font 50 to "NimbusSansL-RegularCondensed", "NimbusSansL-RegularCondensed"
@map font 51 to "NimbusSansL-RegularCondensedItalic", "NimbusSansL-RegularCondensedItalic"
@map font 52 to "NimbusSansL-RegularItalic", "NimbusSansL-RegularItalic"
@map font 53 to "NimbusSansNarrow-Bold", "NimbusSansNarrow-Bold"
@map font 54 to "NimbusSansNarrow-BoldOblique", "NimbusSansNarrow-BoldOblique"
@map font 55 to "NimbusSansNarrow-Oblique", "NimbusSansNarrow-Oblique"
@map font 56 to "NimbusSansNarrow-Regular", "NimbusSansNarrow-Regular"
@map font 57 to "P052-Bold", "P052-Bold"
@map font 58 to "P052-BoldItalic", "P052-BoldItalic"
@map font 59 to "P052-Italic", "P052-Italic"
@map font 60 to "P052-Roman", "P052-Roman"
@map font 61 to "StandardSymbolsL-Regular", "StandardSymbolsL-Regular"
@map font 62 to "StandardSymbolsPS-Regular", "StandardSymbolsPS-Regular"
@map font 12 to "Symbol", "Symbol"
@map font 2 to "Times-Bold", "Times-Bold"
@map font 3 to "Times-BoldItalic", "Times-BoldItalic"
@map font 1 to "Times-Italic", "Times-Italic"
@map font 0 to "Times-Roman", "Times-Roman"
@map font 68 to "URWBookman-Demi", "URWBookman-Demi"
@map font 69 to "URWBookman-DemiItalic", "URWBookman-DemiItalic"
@map font 70 to "URWBookman-Light", "URWBookman-Light"
@map font 71 to "URWBookman-LightItalic", "URWBookman-LightItalic"
@map font 72 to "URWBookmanL-DemiBold", "URWBookmanL-DemiBold"
@map font 73 to "URWBookmanL-DemiBoldItalic", "URWBookmanL-DemiBoldItalic"
@map font 74 to "URWBookmanL-Light", "URWBookmanL-Light"
@map font 75 to "URWBookmanL-LightItalic", "URWBookmanL-LightItalic"
@map font 76 to "URWChanceryL-MediumItalic", "URWChanceryL-MediumItalic"
@map font 77 to "URWGothic-Book", "URWGothic-Book"
@map font 78 to "URWGothic-BookOblique", "URWGothic-BookOblique"
@map font 79 to "URWGothic-Demi", "URWGothic-Demi"
@map font 80 to "URWGothic-DemiOblique", "URWGothic-DemiOblique"
@map font 81 to "URWGothicL-Book", "URWGothicL-Book"
@map font 82 to "URWGothicL-BookOblique", "URWGothicL-BookOblique"
@map font 83 to "URWGothicL-Demi", "URWGothicL-Demi"
@map font 84 to "URWGothicL-DemiOblique", "URWGothicL-DemiOblique"
@map font 85 to "URWPalladioL-Bold", "URWPalladioL-Bold"
@map font 86 to "URWPalladioL-BoldItalic", "URWPalladioL-BoldItalic"
@map font 87 to "URWPalladioL-Italic", "URWPalladioL-Italic"
@map font 88 to "URWPalladioL-Roman", "URWPalladioL-Roman"
@map font 89 to "Utopia-Bold", "Utopia-Bold"
@map font 90 to "Utopia-BoldItalic", "Utopia-BoldItalic"
@map font 91 to "Utopia-Italic", "Utopia-Italic"
@map font 92 to "Utopia-Regular", "Utopia-Regular"
@map font 93 to "Z003-MediumItalic", "Z003-MediumItalic"
@map font 13 to "ZapfDingbats", "ZapfDingbats"
@map color 0 to (255, 255, 255), "white"
@map color 1 to (0, 0, 0), "black"
@map color 2 to (255, 0, 0), "red"
@map color 3 to (0, 255, 0), "green"
@map color 4 to (0, 0, 255), "blue"
@map color 5 to (255, 255, 0), "yellow"
@map color 6 to (188, 143, 143), "brown"
@map color 7 to (220, 220, 220), "grey"
@map color 8 to (148, 0, 211), "violet"
@map color 9 to (0, 255, 255), "cyan"
@map color 10 to (255, 0, 255), "magenta"
@map color 11 to (255, 165, 0), "orange"
@map color 12 to (114, 33, 188), "indigo"
@map color 13 to (103, 7, 72), "maroon"
@map color 14 to (64, 224, 208), "turquoise"
@map color 15 to (0, 139, 0), "green4"
@reference date 0
@date wrap off
@date wrap year 1950
@default linewidth 1.0
@default linestyle 1
@default color 1
@default pattern 1
@default font 0
@default char size 1.000000
@default symbol size 1.000000
@default sformat "%.8g"
@background color 0
@page background fill on
@timestamp off
@timestamp 0.03, 0.03
@timestamp color 1
@timestamp rot 0
@timestamp font 0
@timestamp char size 1.000000
@timestamp def "Sun Oct 16 19:49:03 2022"
@r0 off
@link r0 to g0
@r0 type above
@r0 linestyle 1
@r0 linewidth 1.0
@r0 color 1
@r0 line 0, 0, 0, 0
@r1 off
@link r1 to g0
@r1 type above
@r1 linestyle 1
@r1 linewidth 1.0
@r1 color 1
@r1 line 0, 0, 0, 0
@r2 off
@link r2 to g0
@r2 type above
@r2 linestyle 1
@r2 linewidth 1.0
@r2 color 1
@r2 line 0, 0, 0, 0
@r3 off
@link r3 to g0
@r3 type above
@r3 linestyle 1
@r3 linewidth 1.0
@r3 color 1
@r3 line 0, 0, 0, 0
@r4 off
@link r4 to g0
@r4 type above
@r4 linestyle 1
@r4 linewidth 1.0
@r4 color 1
@r4 line 0, 0, 0, 0
@g0 on
@g0 hidden false
@g0 type XY
@g0 stacked false
@g0 bar hgap 0.000000
@g0 fixedpoint off
@g0 fixedpoint type 0
@g0 fixedpoint xy 0.000000, 0.000000
@g0 fixedpoint format general general
@g0 fixedpoint prec 6, 6
@with g0
@    world -3, -3, 3, 3
@    stack world 0, 0, 0, 0
@    znorm 1
@    view 0.250000, 0.150000, 1.150000, 0.850000
@    title "X-Y scatter plot"
@    title font 0
@    title size 1.500000
@    title color 1
@    subtitle ""
@    subtitle font 0
@    subtitle size 1.000000
@    subtitle color 1
@    xaxes scale Normal
@    yaxes scale Normal
@    xaxes invert off
@    yaxes invert off
@    xaxis  on
@    xaxis  type zero false
@    xaxis  offset 0.000000 , 0.000000
@    xaxis  bar on
@    xaxis  bar color 1
@    xaxis  bar linestyle 1
@    xaxis  bar linewidth 1.0
@    xaxis  label "X (cm)"
@    xaxis  label layout para
@    xaxis  label place auto
@    xaxis  label char size 1.000000
@    xaxis  label font 0
@    xaxis  label color 1
@    xaxis  label place normal
@    xaxis  tick on
@    xaxis  tick major 1
@    xaxis  tick minor ticks 1
@    xaxis  tick default 6
@    xaxis  tick place rounded true
@    xaxis  tick in
@    xaxis  tick major size 1.000000
@    xaxis  tick major color 1
@    xaxis  tick major linewidth 1.0
@    xaxis  tick major linestyle 1
@    xaxis  tick major grid off
@    xaxis  tick minor color 1
@    xaxis  tick minor linewidth 1.0
@    xaxis  tick minor linestyle 1
@    xaxis  tick minor grid off
@    xaxis  tick minor size 0.500000
@    xaxis  ticklabel on
@    xaxis  ticklabel format general
@    xaxis  ticklabel prec 5
@    xaxis  ticklabel formula ""
@    xaxis  ticklabel append ""
@    xaxis  ticklabel prepend ""
@    xaxis  ticklabel angle 0
@    xaxis  ticklabel skip 0
@    xaxis  ticklabel stagger 0
@    xaxis  ticklabel place normal
@    xaxis  ticklabel offset auto
@    xaxis  ticklabel offset 0.000000 , 0.010000
@    xaxis  ticklabel start type auto
@    xaxis  ticklabel start 0.000000
@    xaxis  ticklabel stop type auto
@    xaxis  ticklabel stop 0.000000
@    xaxis  ticklabel char size 1.000000
@    xaxis  ticklabel font 0
@    xaxis  ticklabel color 1
@    xaxis  tick place both
@    xaxis  tick spec type none
@    yaxis  on
@    yaxis  type zero false
@    yaxis  offset 0.000000 , 0.000000
@    yaxis  bar on
@    yaxis  bar color 1
@    yaxis  bar linestyle 1
@    yaxis  bar linewidth 1.0
@    yaxis  label "Y (cm)"
@    yaxis  label layout para
@    yaxis  label place auto
@    yaxis  label char size 1.000000
@    yaxis  label font 0
@    yaxis  label color 1
@    yaxis  label place normal
@    yaxis  tick on
@    yaxis  tick major 1
@    yaxis  tick minor ticks 1
@    yaxis  tick default 6
@    yaxis  tick place rounded true
@    yaxis  tick in
@    yaxis  tick major size 1.000000
@    yaxis  tick major color 1
@    yaxis  tick major linewidth 1.0
@    yaxis  tick major linestyle 1
@    yaxis  tick major grid off
@    yaxis  tick minor color 1
@    yaxis  tick minor linewidth 1.0
@    yaxis  tick minor linestyle 1
@    yaxis  tick minor grid off
@    yaxis  tick minor size 0.500000
@    yaxis  ticklabel on
@    yaxis  ticklabel format general
@    yaxis  ticklabel prec 5
@    yaxis  ticklabel formula ""
@    yaxis  ticklabel append ""
@    yaxis  ticklabel prepend ""
@    yaxis  ticklabel angle 0
@    yaxis  ticklabel skip 0
@    yaxis  ticklabel stagger 0
@    yaxis  ticklabel place normal
@    yaxis  ticklabel offset auto
@    yaxis  ticklabel offset 0.000000 , 0.010000
@    yaxis  ticklabel start type auto
@    yaxis  ticklabel start 0.000000
@    yaxis  ticklabel stop type auto
@    yaxis  ticklabel stop 0.000000
@    yaxis  ticklabel char size 1.000000
@    yaxis  ticklabel font 0
@    yaxis  ticklabel color 1
@    yaxis  tick place both
@    yaxis  tick spec type none
@    altxaxis  off
@    altyaxis  off
@    legend on
@    legend loctype view
@    legend 0.6, 0.75
@    legend box color 1
@    legend box pattern 1
@    legend box linewidth 1.0
@    legend box linestyle 1
@    legend box fill color 0
@    legend box fill pattern 1
@    legend font 0
@    legend char size 1.000000
@    legend color 1
@    legend length 4
@    legend vgap 1
@    legend hgap 1
@    legend invert false
@    frame type 0
@    frame linestyle 1
@    frame linewidth 1.0
@    frame color 1
@    frame pattern 1
@    frame background color 0
@    frame background pattern 0
@    s0 hidden false
@    s0 type xy
@    s0 symbol 1
@    s0 symbol size 1.000000
@    s0 symbol color 1
@    s0 symbol pattern 1
@    s0 symbol fill color 1
@    s0 symbol fill pattern 0
@    s0 symbol linewidth 1.0
@    s0 symbol linestyle 1
@    s0 symbol char 65
@    s0 symbol char font 0
@    s0 symbol skip 0
@    s0 line type 1
@    s0 line linestyle 0
@    s0 line linewidth 1.0
@    s0 line color 1
@    s0 line pattern 1
@    s0 baseline type 0
@    s0 baseline off
@    s0 dropline off
@    s0 fill type 0
@    s0 fill rule 0
@    s0 fill color 1
@    s0 fill pattern 1
@    s0 avalue off
@    s0 avalue type 2
@    s0 avalue char size 1.000000
@    s0 avalue font 0
@    s0 avalue color 1
@    s0 avalue rot 0
@    s0 avalue format general
@    s0 avalue prec 3
@    s0 avalue prepend ""
@    s0 avalue append ""
@    s0 avalue offset 0.000000 , 0.000000
@    s0 errorbar on
@    s0 errorbar place both
@    s0 errorbar color 1
@    s0 errorbar pattern 1
@    s0 errorbar size 1.000000
@    s0 errorbar linewidth 1.0
@    s0 errorbar linestyle 1
@    s0 errorbar riser linewidth 1.0
@    s0 errorbar riser linestyle 1
@    s0 errorbar riser clip off
@    s0 errorbar riser clip length 0.100000
@    s0 comment "BefBladesPhsp"
@    s0 legend  "IQ = 0 NO LATCH CHECK"
@target G0.S0
@type xy
1.2872 1.3106
-0.72153 1.7538
0.73844 -1.4218
-1.6546 2.0125
1.2657 0.43608
-1.3981 -0.17373
1.9201 -2.1227
-0.23473 -1.2376
1.0006 0.62657
-0.82718 0.69977
0.70965 -1.0617
0.68867 -0.020596
-0.19355 -1.3776
1.8566 -2.0608
-1.5676 1.2371
-1.7728 -0.64096
-0.31588 -0.19229
-2.0319 -1.3633
2.1936 0.10257
-1.5622 2.0248
0.97404 -1.957
-1.2961 -0.37132
-0.80515 1.2473
-0.88999 0.46862
-2.0682 0.56273
0.16858 -1.2553
-0.55172 2.1929
2.0524 0.47183
1.9638 1.368
2.202 -1.8463
-0.83512 0.38527
-0.16067 0.5674
-1.8877 2.0731
1.0426 0.0057971
0.44981 0.38111
1.8562 -1.0875
0.67081 1.4075
1.7789 1.1189
-1.4589 1.4678
-0.91488 -0.90352
-0.028262 -1.9134
-0.090104 1.1368
-2.0115 1.845
-1.1284 -0.094756
-2.2291 0.18187
1.2577 -1.6584
1.6223 -0.33931
0.18554 -1.1045
1.2979 1.247
0.84967 -1.4262
-1.3481 2.1203
-0.66957 -0.46208
-1.2497 -0.39133
1.5923 1.2259
-1.8029 -0.32912
1.8507 -0.8907
-1.1279 -1.1758
0.70538 0.23886
-0.32114 -0.98959
-1.3121 0.053078
-0.87737 0.43603
1.0677 1.6327
0.93683 -1.9274
-1.3621 0.96058
-0.78124 -0.88328
-0.55474 -0.25875
0.88214 1.402
0.04083 -0.13321
-1.8612 -0.34295
-0.29457 -0.15999
1.9409 2.1506
-0.71445 -1.5897
-0.47233 1.6081
-1.1187 0.057226
-0.1595 -1.2127
-0.3096 -1.9037
0.99949 -1.123
2.0242 -0.69383
2.1099 1.7799
0.11875 -1.7546
-0.90493 1.4411
-2.0193 0.16818
0.47513 -0.9568
-0.78025 -0.11701
2.001 -1.7
-0.66672 0.085018
-1.5986 -0.91981
-1.5533 1.4103
-2.2306 1.7613
-2.2487 -0.048076
0.32917 1.1346
-1.4623 -1.6649
-1.095 1.8733
1.804 1.7614
-0.37447 -0.63618
1.1502 -0.89439
0.91976 2.0957
-2.1833 0.52438
-1.5199 1.0739
0.25253 1.5034
1.2851 -0.58512
0.33699 -0.10591
-1.8931 0.28876
-1.8311 -1.4105
-1.9811 0.054702
-2.237 -1.7742
0.39588 0.96718
-0.7978 -1.2127
-0.65668 0.034
1.9991 -1.2082
0.30176 1.171
-0.60995 0.83408
-1.9819 1.9694
-2.1245 -0.99385
0.44215 -0.23922
-0.23057 -0.34548
-0.12355 -0.58289
-1.304 1.2624
-0.711 -0.0060449
0.022367 1.3791
1.2428 0.88309
1.5186 -1.6958
0.27611 -1.0908
-1.3053 1.7908
-1.7804 -0.060821
1.3598 -1.7305
1.5734 -1.0504
-1.3861 0.52426
0.75993 1.9041
0.56906 1.9241
-2.0179 -1.2737
1.3505 0.4267
1.8341 -1.8979
-1.5968 2.0686
0.65819 -1.0228
-0.94133 -0.8274
-0.49516 -1.2102
-0.17604 1.0629
-0.97337 -0.29413
-1.5514 -1.4226
-1.9291 0.50163
0.82998 1.6885
0.13822 1.4039
-0.37914 -1.2113
1.2673 0.89869
-1.3433 -0.90178
-1.7154 -1.1666
-0.33708 -1.535
1.5435 -0.053917
-1.4352 -1.2639
-0.94322 0.13723
-0.62973 -0.56327
1.3249 1.3889
1.9902 -1.2554
-0.090095 -2.0591
0.68155 2.1111
-1.3566 2.0737
1.5282 -0.63398
2.1078 1.6748
1.6782 -0.52895
-0.11639 0.91336
-0.29655 -0.45303
1.9566 -1.9575
-1.7398 1.6393
1.5158 0.3502
-1.0847 -0.64296
-1.904 0.73056
-2.0537 -0.73154
-0.23134 -1.1799
-1.5329 0.29685
0.41435 1.1432
0.25091 0.41857
0.078362 1.3631
-0.5591 0.94368
1.5048 -0.32539
-0.11954 0.69695
-0.1463 -0.48647
0.23466 2.0088
1.1047 2.1703
-0.1177 0.40535
0.80186 0.41826
1.6552 -0.35944
0.4744 0.71561
0.66167 1.825
-0.79916 0.71538
0.37878 -1.4355
-1.6864 1.5357
-1.2146 -1.2969
-0.20974 0.23429
-0.12823 0.48911
-0.043116 -0.78241
-0.084607 -1.6922
-1.9726 -1.3488
-1.7139 1.353
-1.5533 -1.5077
-1.1158 0.090863
-1.2239 -1.0656
-2.1398 -1.5053
-1.0215 1.4547
-1.921 -0.90193
1.3768 0.94468
-0.23167 1.6386
0.51041 0.066856
0.32636 2.2181
-1.4556 -0.34994
1.7975 1.214
0.33481 -1.6483
-1.0312 0.065922
-2.0086 -0.69311
2.0975 -0.21927
0.36394 -0.09939
0.54344 0.78829
-0.46297 1.693
-1.6158 -0.026965
0.43129 0.50664
-1.9965 -0.37411
1.9598 1.2693
-0.57237 2.0113
-0.13869 -1.4768
-0.6375 -0.61916
-1.8129 1.6153
0.87944 1.0095
-0.3138 1.4828
1.1066 0.12911
0.40888 1.9131
1.4039 1.1609
1.7412 -1.501
0.011676 -0.94375
0.87438 -2.0152
1.511 1.3259
-0.21092 1.0718
-0.85611 -1.2331
-1.616 1.0343
0.49687 -1.0822
1.2387 -1.2876
-0.47925 -0.81755
0.3939 1.6003
2.0653 -0.40891
-0.086612 1.5016
0.18417 0.025868
-1.3293 1.9017
-1.0943 2.1382
-1.2334 -1.2037
-0.14101 -1.4299
0.30663 -1.5015
1.862 0.064214
1.4709 -0.86878
-1.7379 1.3089
0.16053 -1.0766
0.12992 0.27111
-0.30877 -0.11509
1.5392 1.7187
1.2897 1.2509
-0.38488 -0.27995
-1.0061 -0.45995
-0.52342 2.2553
-2.0265 0.41009
0.89105 -0.74575
2.1758 0.85921
-0.42134 1.3766
2.195 -0.56309
-2.1396 0.49294
1.0757 0.36218
2.2075 0.70641
-1.2651 -0.91472
0.52994 -1.168
-2.1923 0.36841
-0.89271 1.112
-0.33915 0.81415
-0.40466 0.54257
0.82876 -0.026816
0.10472 1.0605
-1.5899 1.1597
1.0039 1.2045
0.96134 1.7169
-1.7641 -0.83139
-1.6906 1.0069
1.5432 1.0863
-1.2835 1.1193
2.2507 1.7726
-0.14828 0.614
1.1869 0.070263
2.2498 -0.57487
-1.1613 -0.5114
2.0443 1.4765
-1.4164 -0.79447
-1.5863 0.93026
-0.080131 -0.38965
1.9912 1.9705
-0.71105 1.1923
1.2873 1.4513
0.8961 1.9798
-1.3753 -1.2425
-1.704 0.01393
2.029 1.7319
0.34728 -1.6791
-0.26168 -0.13073
-1.5572 -0.83426
1.1793 -0.2457
-1.8295 0.091133
0.49603 -1.2684
-2.1473 1.364
1.6857 -0.95513
0.731 -0.89181
-0.4153 1.8109
-0.3687 -1.6516
1.7836 0.74344
-1.1822 0.11283
-0.41155 -1.6154
0.8753 1.1392
1.6684 0.18513
-2.0172 -0.85563
-1.0737 -2.0034
-1.5925 0.0021303
-0.24409 -0.17346
-1.8552 0.79226
-2.1458 0.99688
-0.52346 2.0514
2.174 -0.44484
1.0271 -0.99416
1.9859 0.48562
-1.2006 -0.99511
0.73013 -0.26918
0.16251 -0.8447
-1.7956 0.062844
-1.4788 1.8658
-1.3789 -1.0357
-0.94946 1.9288
0.4337 -0.44257
1.385 -0.50315
1.7975 1.8184
0.53631 -0.4949
-1.727 1.6704
-1.827 0.93135
0.83496 -0.16482
0.63154 0.28168
-1.8472 0.70443
1.2384 -0.77286
1.8983 1.1347
-0.87766 -1.8214
0.41142 -0.94381
0.55986 1.4916
1.7581 0.41685
1.9052 -0.4225
2.0825 0.27259
-0.52314 1.2908
-1.2992 -1.4184
-1.1868 1.5845
-0.91042 -0.010883
0.91171 1.4939
1.7968 2.135
-0.048624 0.87301
1.0097 2.0016
-0.30581 1.7842
1.0517 -0.98714
0.90553 -0.97173
0.30541 0.26947
-1.5507 -0.86463
1.7602 -0.99043
1.1691 0.75631
0.14635 -1.6658
0.12991 1.7423
0.50075 0.56158
0.28469 0.59192
0.79899 1.4478
0.94559 0.22073
-1.6862 0.66853
1.3768 -1.2808
-0.86178 -1.5909
-0.27735 -1.6867
0.48906 -0.32414
0.1916 0.066998
2.0965 2.2049
-1.7687 1.2609
-0.98204 -0.58398
0.57012 0.88418
1.3694 2.0308
0.36572 -1.1024
-0.27188 -0.75225
0.47431 -1.4878
0.56221 -1.1621
2.2193 -0.57301
-1.9522 2.0755
2.242 -1.9131
-1.7817 0.82302
0.32762 1.6049
-1.6972 0.57295
1.9197 1.0421
-0.47784 0.59948
-0.67886 0.74306
-1.2997 -0.3206
-1.155 1.1454
0.73962 -0.68016
0.88856 1.2946
-0.60938 -0.5531
-1.091 0.45779
0.9158 0.91994
1.6727 2.1814
0.60291 -1.5542
-2.0457 -0.92115
-1.5985 1.2635
-0.60044 0.95918
1.5506 -1.1799
-1.3876 0.62418
1.6514 -1.7957
-1.3757 0.38905
2.056 1.296
-0.49706 0.41221
0.1501 2.112
1.0498 -0.89707
1.2163 -0.7775
1.7733 1.0156
0.47651 1.5251
0.53428 -0.80925
-0.56128 1.991
0.20841 -0.85836
-0.10385 0.12828
2.0893 -1.4147
-1.4588 -1.0963
-0.12006 0.30654
1.1412 1.4028
-2.0411 -0.97555
-2.0331 1.8385
-0.57941 -1.5029
-1.9159 0.33649
-0.10202 1.3069
-1.5607 -1.2965
-0.31581 -0.54067
-0.21387 -1.2836
2.1758 1.4087
1.3914 -0.44198
-0.6267 1.8888
1.2072 0.031496
-1.5756 -0.76208
1.9151 0.94738
0.95879 -1.8724
0.96066 -0.10202
0.70807 1.1907
-0.61163 -0.12753
-0.76482 0.52241
-1.6871 -0.5746
-1.6455 1.7993
0.76535 0.72814
0.58279 -1.862
1.5651 2.2433
1.6333 1.449
1.9872 2.151
0.52254 2.0342
-0.73869 0.11517
1.1153 -0.62306
1.2439 2.0575
-0.85704 -0.75418
2.013 -0.92956
0.7246 0.58781
-1.8394 0.36192
-1.4928 -0.59025
-1.0758 1.966
0.39673 -1.0616
1.143 -0.83525
-1.7807 -0.93173
2.0454 0.57306
0.34824 -0.4321
0.66963 1.8083
-1.1286 -0.3576
-1.6589 -0.50487
-0.82436 0.88904
-0.59111 0.022645
1.7823 1.301
1.4053 0.64375
1.5087 -0.034847
-0.16922 -1.1301
1.7645 1.6902
2.2338 1.596
-0.98426 0.85524
0.047771 -0.35321
2.2188 1.6593
0.53945 2.1146
-0.83043 -0.51663
1.7008 1.6452
-2.1912 -0.60652
-1.5847 0.67083
0.17183 1.036
-0.37331 -0.42293
1.4203 1.5884
-0.1488 -1.3054
-1.7278 1.6673
1.8851 0.86509
-1.6568 -1.3341
-1.0117 0.18343
-0.60172 1.2841
-0.076964 1.4918
-0.98755 1.5717
-0.093779 1.0156
-1.8739 -0.73312
0.95351 1.9803
-1.5701 -0.21293
0.13231 -1.124
1.7 -1.7209
0.21108 -1.0816
-0.95868 0.87738
1.5655 -1.8871
2.0607 1.8357
2.1492 1.2407
2.0157 1.3353
-1.8676 1.95
-1.3745 0.964
-1.0607 0.85739
-1.7913 1.9615
1.4981 0.035191
-1.6316 -1.7467
1.7272 0.26877
-2.2565 -1.233
0.36438 0.10136
1.2992 -0.0040834
1.1336 0.013692
-1.1747 -0.1039
-0.5307 -1.0659
-0.52711 0.73618
-0.49766 0.77403
1.191 -1.1407
-2.0794 -0.68444
-0.19248 -0.88486
-0.75282 -0.31568
-0.67039 0.45636
1.9058 0.59672
2.147 -1.4636
1.5543 2.1764
0.0096187 1.4914
-1.2886 1.2906
-1.9164 -0.3725
2.0426 -1.8488
0.14209 2.1301
1.9217 -0.11464
-1.7099 1.8899
-2.1806 0.68166
1.1179 -0.59307
-1.4416 -1.3562
1.6138 0.35954
-1.1848 -0.4827
-1.384 -0.075026
-1.1379 0.91282
-0.73777 0.60264
-0.37121 0.95502
-0.23875 -0.11144
0.37997 -0.51918
-1.7149 1.1041
-2.0494 -2.029
-0.37057 -0.05943
-1.9078 -1.586
2.0226 1.8353
-0.53694 0.26343
-0.98971 -0.20255
-1.6435 -0.22374
-0.53043 -0.23782
0.2699 -1.8973
-2.1861 -1.2019
-0.80712 0.3135
-1.9368 0.96842
-1.0656 0.49295
2.1306 -1.8738
1.5887 1.0362
-1.6583 -0.20842
-0.77258 -0.76849
1.6673 -0.42241
1.264 -0.95721
1.634 -0.7703
-1.8177 -1.412
0.43982 -1.4316
-1.7594 0.94766
1.5474 -1.3063
-0.38164 -1.996
0.76743 0.73706
1.045 -0.74773
-0.15428 -0.79702
-1.8451 -0.62114
1.2181 1.2617
-0.64244 0.12148
-1.2788 2.0549
1.1177 -1.8812
2.0632 -0.97576
0.96174 -1.9403
0.87423 1.42
-1.1099 0.43214
-1.4471 -0.40162
1.9345 1.5804
0.69319 0.50784
-0.32995 -1.6077
1.346 1.6248
-0.72936 0.92103
1.9787 2.2032
-1.2739 -1.5338
-0.61271 1.1348
2.1561 1.5467
-1.2917 0.31109
2.0087 1.5756
-1.2504 -0.43691
-1.5499 -1.892
-0.090365 -0.97134
-0.77692 0.14954
1.4362 0.2911
-0.009216 1.6741
0.0086574 1.3213
1.0961 1.0378
-1.8461 0.53638
0.055002 -0.48833
1.5205 -0.90553
-0.31564 -1.3705
0.8788 -0.65587
-1.1649 0.37196
1.568 -1.8374
-0.83052 1.3114
-0.35968 2.0687
1.8187 -0.24634
0.77964 0.029899
0.12278 1.4708
-0.95253 1.9894
1.9738 1.6966
-0.64267 1.6508
-0.1976 1.6195
0.39033 -0.053739
1.2362 -1.4144
-0.92725 -0.27292
1.5731 -0.99319
0.19556 1.8805
1.293 -1.565
-0.6766 -1.4053
1.0907 -0.133
-2.1615 1.6155
0.54363 0.35649
1.7463 1.4348
-0.47999 0.24096
1.9979 -0.40318
-0.80929 2.2005
0.60907 -0.81817
-1.303 -0.61151
-0.57376 0.68089
2.1623 -0.83297
1.3922 1.1641
1.1148 1.8991
-0.97904 1.312
0.26587 -1.3584
2.2113 -0.8436
1.4824 -0.62494
2.1676 1.7324
-1.7635 1.6936
-1.7716 -0.94619
-1.655 -1.0902
-0.081541 0.28126
-0.93716 -0.10078
0.61984 -0.9853
-0.15849 1.3835
-1.4184 -1.0076
0.61411 1.8592
0.21652 -0.49496
-0.056307 -1.5626
-0.60897 -0.42661
0.84473 -0.17796
1.3184 0.76618
-0.46563 1.2283
0.46021 1.5071
2.0684 -1.9763
2.0385 -1.2293
-0.059255 -1.3258
1.6965 1.7198
1.8942 0.62126
-1.2094 -1.0843
-1.8818 -0.58096
-1.3366 0.36799
1.2747 0.57054
-0.19021 0.60506
-0.59054 -1.3026
-1.3874 -0.8775
-1.2156 -1.2091
2.1718 1.8176
0.40904 1.8746
0.72703 1.6168
-2.1866 0.023171
1.2494 0.66661
-0.74626 -1.4113
-1.9054 -0.2418
1.2408 -1.6394
-1.7139 -1.889
0.5097 1.4965
-1.62 1.9794
-0.73707 -1.8047
1.5155 0.14392
0.62107 1.8636
1.7136 2.1433
-0.41233 -0.88294
0.23262 -0.18334
1.9156 2.1322
1.1561 -1.0524
2.0102 -1.5571
-1.4079 0.91602
0.10224 -0.019514
0.50882 -0.88165
-1.6308 0.90192
0.33609 1.0367
-0.56125 0.35633
-2.0303 1.7225
1.3699 0.47152
-1.1765 0.63046
0.69044 -1.9236
-1.7617 -0.83421
0.96872 -1.3958
-1.0524 0.24397
2.2394 1.3416
-1.5034 -0.60373
-1.202 -1.4118
-0.55331 -1.9257
-0.83415 2.2527
-0.88643 -0.41674
-1.197 -2.0597
-1.1525 -0.40756
1.1502 0.78706
1.128 -1.1572
1.2668 -1.6539
0.32931 -0.61743
1.7258 -1.2723
1.3378 0.82016
0.34707 0.1218
1.1156 2.1582
1.9104 -0.24716
-1.8388 1.0002
-2.122 0.30441
2.0876 1.796
0.7673 0.25414
1.8328 1.5975
-1.9459 0.42481
1.2189 0.69516
-0.33401 -1.8068
2.0531 2.129
1.5288 0.94391
0.7244 1.9603
0.58414 -0.28229
1.715 -1.494
-1.7304 0.45988
1.1381 2.2319
0.8732 -0.74313
0.64063 1.2652
0.13093 0.1147
-2.0535 0.55712
-1.53 0.25237
-1.1254 -0.35173
-0.88308 -0.88395
1.1009 -0.65377
1.6836 -0.63285
1.9411 1.2533
-1.8339 1.6578
-1.5508 0.95604
-0.52247 0.41638
1.6277 -1.2311
1.1307 2.2132
1.1617 0.58355
-1.9826 1.53
-1.1308 -0.41108
-0.79853 0.79088
-1.5237 1.6881
1.5147 1.6777
-1.2871 0.94652
-1.6287 0.91058
-1.4269 0.33649
0.91344 1.8633
1.021 -0.15777
1.7603 1.9673
0.056212 1.9886
-1.2717 -1.1197
-0.86751 2.0066
1.3766 1.8434
0.025391 1.9272
0.94749 -0.43276
-1.5611 1.4414
-1.4117 0.20625
1.5239 1.4511
-0.75954 -0.5216
0.95439 0.20571
-0.12747 1.5135
0.5948 -1.2577
-1.1384 1.9587
-0.41724 -1.0189
1.4391 2.1608
-1.5687 1.5059
0.89605 1.6384
1.0495 -0.18108
1.2866 0.17205
-2.0075 2.1136
0.35088 0.53402
0.034334 1.3166
-0.65208 1.6302
-1.3811 -1.0322
-1.4777 -0.60119
-1.0317 -0.53205
1.7405 -0.93219
-0.43743 1.4172
0.89208 -1.426
1.4521 0.6597
-1.925 2.1275
-1.8836 1.617
-0.71168 1.0178
-0.93069 -0.7387
-0.42883 -0.63638
-0.27767 2.1415
0.82202 1.6322
-0.10692 0.75772
-2.2532 2.0972
-0.304 -0.95456
-1.7086 0.25933
2.0941 1.2204
-1.7464 -1.2428
0.01279 -1.5525
-1.1349 -1.7406
1.2974 1.7602
0.5419 0.22095
-2.2459 0.0043326
-0.289 1.48
0.18732 -1.3728
1.2981 0.84036
-2.1457 1.3164
0.59533 2.024
-2.1909 -0.33831
-1.4659 0.69203
0.0054556 2.1033
0.23029 -0.49672
0.33797 0.070443
1.3716 1.087
2.2003 1.9558
-0.39036 -1.2195
0.0019273 -0.95338
0.068341 -2.1054
-1.6733 0.238
1.5623 0.52363
0.49905 0.14199
-0.23277 -0.34458
-1.3399 1.6601
-1.1653 1.8189
0.80094 -0.75328
-1.4752 0.35842
1.7959 1.4963
1.2548 0.68125
-0.27098 1.2394
-0.45848 -1.3203
-1.2826 -0.19473
-1.8854 0.028787
1.9449 -0.86911
-1.0482 0.43924
-1.6325 0.18954
1.0375 -1.2308
1.6252 0.12694
1.6533 1.9943
0.028718 -1.3854
-1.8305 -1.4479
-1.6374 -1.2496
1.3496 0.061278
0.45455 -1.3985
-0.3465 1.7757
0.6475 1.209
1.1454 1.0768
0.70335 1.4419
-1.216 -0.43883
1.3889 -0.58815
2.2422 1.8807
1.1344 -0.70249
0.18836 2.2335
1.7076 -0.76905
-2.0678 -1.5124
-1.4216 0.41989
2.194 0.588
0.28399 -0.15479
0.514 -1.5066
-0.58747 0.55978
-0.67542 -0.65443
-1.0594 -0.40739
1.3254 1.4835
0.66415 -0.25725
0.29903 -1.3546
-0.53275 1.2504
1.5379 -1.7074
-0.48711 1.3689
-1.9071 0.7239
-1.1683 -0.096474
1.7626 -0.053561
0.2217 2.0685
-0.67555 -0.27216
-1.4236 1.1153
-1.7752 1.8017
-0.59082 0.85199
-1.518 0.63655
-1.1511 1.6232
-1.3479 -1.285
0.26557 -1.985
1.2025 -0.36733
-0.80387 1.8158
2.027 -0.62829
-1.583 0.34054
-1.9199 1.2889
-1.1166 -0.21105
0.16128 -0.51537
1.2788 1.018
0.61042 -0.12201
1.3366 -0.61239
-0.36886 -0.38796
-0.44814 1.1865
-0.093707 -1.5397
-1.8763 1.2789
1.848 1.1946
-0.84839 1.2111
0.25042 -2.0433
-1.2695 1.3687
0.43065 -1.7878
-0.15877 -1.3623
0.8368 -1.8477
0.77928 -1.8972
1.1927 -0.38016
-0.94093 -0.65006
0.13934 -1.4205
-0.60421 -1.6141
0.52933 0.23135
1.2014 -1.3022
-0.32851 -0.19884
-0.11475 1.2786
0.28927 0.85307
0.019014 2.0779
-0.075482 1.0651
0.44515 1.542
-2.1574 -0.024751
-1.2881 -0.88964
0.047722 1.5603
0.51131 0.68593
-1.5104 0.49203
0.90386 0.736
0.92701 -1.6634
2.1424 0.78813
1.1072 -0.75406
1.5008 1.3179
1.5447 0.56031
1.2233 1.717
0.8246 0.069767
-0.19599 -1.4073
0.305 0.32424
0.51234 1.2214
-1.9731 0.87888
-0.12656 1.0001
-0.75174 -1.1325
2.1776 0.75355
-0.68396 1.3855
0.62825 -0.53865
1.6434 0.39025
-1.0531 0.43754
0.96841 -1.4157
-1.4309 0.26971
-0.1604 1.8863
-1.4335 0.70127
1.422 0.38259
0.52019 -0.15266
-0.62037 0.59272
-2.1383 -1.6224
2.1784 1.2421
0.064843 -1.2798
-0.60348 -1.4314
1.3177 2.1358
-0.11031 -0.78642
-1.6903 -1.8912
0.60956 1.5419
0.81465 -1.3331
-0.16791 -0.30611
0.30507 1.8937
-1.6714 1.0955
0.029779 -1.4154
-1.1646 1.3963
0.13119 1.2835
1.6627 0.036551
-0.95586 1.5158
-0.71076 0.22796
-0.16165 0.50143
1.3168 1.7861
-0.84027 0.13197
-1.8841 -0.086117
-0.87971 1.8412
-2.1767 -1.1682
-2.12 0.39774
0.89968 -1.3157
-1.9589 0.899
1.3339 2.1727
1.4818 -1.9063
1.5231 -1.0458
-1.6631 0.5882
-0.56814 1.6178
-1.9059 0.32258
2.0129 0.59498
-0.4105 -0.50362
1.5715 -0.024335
0.10713 -0.12426
0.040893 1.7811
0.26585 0.61726
-1.8387 0.55137
1.8401 0.010139
-0.16946 0.94401
1.4657 -1.2261
1.0545 -1.4055
-0.013161 -0.69845
0.24816 0.49032
0.22154 0.12952
-1.8467 -1.5768
-0.60318 1.8528
-1.3241 -1.6033
1.0832 0.59419
1.8751 0.76193
2.0812 -0.28663
-0.82849 0.89976
-2.1887 -1.4137
1.0361 1.6074
0.77043 -1.6746
-2.1251 -1.9763
-0.89796 0.24949
0.72364 -0.31971
-1.3867 -1.0493
-1.2458 -1.4179
-0.061866 -0.97811
0.41845 -1.3266
1.7616 -0.58392
0.74568 0.74611
1.8969 0.33634
-0.11846 1.4366
-0.18617 -1.1977
-1.8931 -0.27231
-0.65467 1.7448
-0.16375 -1.3238
-0.5173 0.83762
0.48846 -0.63683
-2.1576 1.2759
-1.6886 -1.0506
-0.69597 -0.55574
-1.1514 -1.2022
1.6054 0.30202
0.71598 0.33125
-1.8729 0.15711
1.4233 1.8301
-2.0856 1.6053
-0.91597 0.36001
2.0119 -0.25018
0.70491 1.3102
-0.41411 1.0963
-0.57528 1.8415
0.91277 -0.31951
-1.0166 1.0556
1.6402 1.3824
-0.75271 -1.5986
-0.22056 1.2399
1.0272 -0.20872
-0.68711 -0.64114
-1.6973 0.88214
2.1899 0.52893
-0.43267 1.343
-0.71324 0.11565
-1.1884 -1.135
0.45591 2.0249
-0.04474 2.0868
-0.77467 0.81102
1.9934 -0.30996
-0.89801 1.9611
0.68925 1.3983
1.0905 -1.3372
-1.2612 -0.1225
0.2458 1.8857
-0.59953 0.97442
-0.85715 0.76048
-0.49394 -0.75403
0.85872 0.85713
-0.047094 1.7283
-1.9023 -1.5409
2.1004 0.098493
-1.9586 -1.8374
1.818 -0.74086
0.24507 0.3173
0.43363 -1.4344
-1.6879 0.349
1.0886 -0.78523
0.17226 -0.18351
1.6855 -0.63504
0.24063 -0.23164
-0.42402 -0.89092
0.18908 -1.7809
-2.1331 0.65825
1.5776 0.060398
-0.8977 -0.82419
-1.7553 1.3441
0.40401 -1.815
0.61084 1.6274
0.8503 -0.96161
1.9069 -1.4363
-1.5061 0.037305
-0.85155 -0.92935
0.50226 -0.10051
-0.78774 0.080275
-1.9719 -1.547
1.6454 0.94731
-1.4343 1.0736
0.84507 2.183
-0.49772 -1.3984
1.5936 0.52394
-0.23323 1.8477
1.3629 1.7039
-2.0064 0.66642
1.8949 0.83631
1.3519 -0.64642
0.5806 -1.5294
-0.5115 -0.021455
-1.236 1.4287
-1.8505 -0.29624
-1.7217 1.0697
-0.82184 2.2037
-1.9591 -1.9827
0.75266 -1.6889
-0.35106 -1.7483
-1.3631 1.0614
0.80784 0.94936
0.60277 -0.80361
-0.082667 -1.0352
-1.3684 1.2821
-0.94742 -1.6172
0.062499 0.62514
1.4739 -1.3256
2.0846 -0.27681
-1.9898 1.1826
0.64558 -0.72794
-1.0157 0.20069
-2.0209 1.9395
1.0051 -0.14317
-1.9399 -1.3926
0.34871 -0.12915
-2.0064 0.49539
-1.3795 2.0569
-1.4802 -1.2622
-0.70325 -1.7164
0.68306 0.57092
1.789 0.18812
-2.1681 1.7789
2.2366 1.2244
0.021066 -1.7782
-1.8061 1.7291
1.3945 -0.58175
2.1536 -0.26438
-0.84894 -0.8357
-1.2572 -0.10608
1.058 -0.79741
-0.42041 0.61547
-1.21 -0.76117
0.45611 0.20303
-1.2869 2.126
1.2 1.405
0.80402 1.4452
-1.9054 1.8741
-2.2463 -0.94169
0.92575 -0.80043
-1.2642 -0.98831
-1.9231 1.4325
1.8433 2.1581
-1.3985 0.70497
0.3718 0.19571
-2.1381 -1.4917
0.26926 1.5481
1.8068 -0.92822
1.2032 -0.91572
-1.2509 -1.4083
0.27457 1.4157
-0.97717 -1.902
0.57866 2.1297
-0.66606 -1.3833
0.1443 -0.05355
-0.18819 0.42344
-0.76017 0.42717
-1.6414 -2.0418
1.1959 -1.9067
-1.3317 -0.79162
-0.21963 -1.4112
0.56511 -0.4933
0.55648 -0.40829
-2.1015 0.67823
1.7313 1.5001
2.1016 -0.45418
-0.197 -0.32562
-1.9376 -0.76466
2.1101 0.60797
1.5226 -1.0718
-0.2884 1.6951
2.1701 1.0679
-1.7205 0.42533
1.0621 -1.8304
2.1141 1.5137
-1.0252 1.8051
-2.1948 2.1838
0.18495 -1.7739
-1.8418 0.85697
-0.7605 1.1412
-2.2262 -0.015855
-0.099765 -2.1271
2.1024 -1.4807
-0.62302 -0.59167
0.28786 0.1003
1.2816 0.77335
-0.98414 2.178
-2.1118 1.0834
-0.15792 1.8653
-1.1455 1.901
0.43415 -0.42492
-0.7779 -1.868
0.97378 0.53884
-0.38477 1.6523
1.5593 -1.0547
-0.25229 -1.2403
-1.6798 1.4218
-1.942 2.2363
1.8567 -0.99603
1.0767 0.4075
-1.7797 -1.6039
1.6319 1.8655
2.2324 1.6768
1.6497 1.0249
1.7388 1.7204
-0.15613 -1.8504
0.52633 -0.83397
0.42973 -2.0357
1.2771 -2.1174
-0.91259 2.0034
-0.13235 1.0252
1.5927 0.42965
0.74985 -0.56283
1.4203 -0.8087
1.1637 1.962
-2.107 1.1514
-0.75683 0.66594
-0.58177 2.1908
-1.8752 -1.3482
0.7866 -1.6218
-1.8023 -0.5243
-0.72379 -1.388
-1.9946 0.92902
-0.35547 1.9709
-0.80109 1.3277
-1.2073 -1.8917
-0.56237 0.12598
1.2041 1.0139
1.1939 0.081873
-0.77766 -0.3299
0.51483 -0.47295
0.20719 -1.4021
-0.18461 0.94335
1.9271 1.5514
-0.95842 -1.1744
2.0951 2.2507
1.4211 2.0783
-2.1605 1.0709
-1.0791 1.5973
-0.57325 0.53615
-0.15666 0.47119
-2.1217 1.5684
0.55252 -1.1804
0.45596 -1.6934
1.074 1.6263
-1.5282 0.84483
-1.0976 -0.38204
-0.65824 2.1021
-0.1096 -1.4795
-2.106 -0.11046
1.9564 -0.43449
-1.9529 1.7859
2.0223 0.53235
1.3025 -1.4314
0.63003 1.9781
-0.45353 0.51128
0.65719 -1.2267
-1.5656 1.7692
1.6753 -0.77028
1.4992 0.39828
1.6629 2.1037
-1.7769 1.4055
2.1508 1.5097
0.07318 -0.9752
-0.18981 1.9088
0.1917 -0.29217
0.13039 0.86946
-1.234 -2.0433
-1.1133 1.4098
0.47294 1.7115
-0.29428 0.34361
-0.40971 -1.6295
-1.8008 2.1896
-0.75845 1.2641
0.78749 0.34659
0.77273 0.53384
1.9298 1.6555
-0.54263 1.3353
1.1239 1.3241
-0.72167 1.6583
0.11763 2.0843
-0.59428 -1.8923
-0.82704 -0.23878
0.4524 -1.3312
-0.68753 0.38784
0.37801 1.0257
1.7925 2.2232
0.39308 -0.22483
-0.75891 0.46769
0.91761 1.4141
-0.069347 0.048425
-1.1586 0.3803
1.5641 -0.86353
0.95832 -1.1959
1.7454 -1.0383
-0.17826 1.6585
-1.0754 1.7914
-0.32283 1.7866
-0.71705 0.78603
0.40421 -0.71772
2.2263 -0.95613
0.90604 1.7087
-0.045809 0.39019
-1.3324 1.431
0.98874 1.1279
-0.64656 0.15794
0.53181 -1.2499
-2.1747 -0.25505
-2.2485 1.7734
1.3053 0.58645
1.7042 -0.10978
-1.2471 -1.4416
1.7042 1.6784
-0.18905 -1.0732
-1.9121 -2.0971
-0.23037 -0.027729
-1.8897 -0.84019
-1.0361 -0.41785
-0.14284 1.9268
-0.77881 0.37182
-0.55534 1.9296
-1.7557 1.8227
-1.2214 0.12127
0.65758 0.13685
-1.4466 1.1114
-1.0337 1.0009
2.1947 0.2289
1.4882 0.99312
-1.7386 0.23234
0.75723 0.56159
-0.12159 0.51109
0.19986 -1.6605
0.6319 1.2577
-1.8095 1.4561
2.1689 -1.476
0.54934 0.10958
-0.32399 1.1772
0.59704 0.77355
0.4244 1.934
-1.983 -0.31841
-1.1318 1.3906
0.13711 0.44228
-1.4353 0.3079
1.9571 0.38396
-1.6194 -1.4825
1.7842 0.77175
1.5485 -1.0429
-0.82974 1.0622
-1.6555 0.2627
-1.4754 1.2661
1.4159 0.82202
2.1733 1.3463
0.7338 -0.92463
0.35631 1.0569
1.7951 0.24666
1.4448 0.48191
0.38623 0.34501
1.5976 -1.7029
-2.1814 1.5534
0.58369 1.7674
-0.47462 -1.2184
-1.4306 -1.8753
2.083 1.6817
-0.55279 1.823
-0.50136 2.0519
-1.2631 0.27209
-1.015 -0.88945
-0.052423 1.1106
1.0561 1.3427
0.76584 0.12911
-0.37558 -1.6011
-1.2537 -1.4578
-1.3767 -0.024357
0.49585 0.19973
-1.488 -0.75492
2.0458 -1.5872
1.6694 0.91468
-0.1933 0.55536
-0.17577 1.0141
0.85174 0.15765
1.1461 -0.42717
0.79511 1.687
-0.28269 -0.1059
-1.3293 -0.52546
1.5287 1.4761
1.3527 0.052155
-1.7495 -1.4784
-1.6404 -1.0605
-0.96311 1.6394
-0.13035 1.2523
-1.6804 0.88493
0.11144 1.5069
-0.79685 -1.5606
0.40048 -0.94175
-0.15821 -1.9899
-1.5381 -0.022977
-1.0204 1.1647
-0.70195 -0.29322
-0.19323 1.5376
1.9415 0.29353
-0.07455 -1.2211
1.458 0.77895
-0.30736 -0.17524
-2.0644 0.84556
0.39036 1.1123
1.7244 -0.59109
1.432 -1.1183
-0.46192 1.2416
-0.34749 -1.6715
-0.91824 -0.36033
1.1056 1.2198
-0.88575 1.2841
-1.105 0.37578
1.5592 -0.40098
-1.0312 -1.1245
1.8376 -0.83627
-0.1959 -0.77408
0.75379 0.014993
0.68579 0.062756
-0.86189 0.044261
1.9719 -2.0332
0.028914 -0.72758
1.3476 1.4049
-1.6137 -0.55159
-1.2814 0.71731
-2.1804 1.2256
-1.9314 -0.50549
0.64984 0.71215
-1.2357 -0.84145
-0.26294 1.7733
1.7621 -1.3029
-1.6901 0.84631
1.9785 1.9402
1.5908 -0.37927
-1.8657 1.2302
-0.47033 -1.3922
0.81586 -0.083628
-0.84062 -0.20755
-1.7913 0.44442
-1.818 1.2538
-0.49289 -0.36254
1.4559 -0.5808
-0.39999 1.8979
-1.8758 0.015146
-1.3736 -1.2548
0.18139 -1.3096
1.0592 -1.2514
-0.78155 -1.4901
-1.8424 0.66385
-1.7725 -1.2134
1.513 0.8636
-0.64294 -0.4093
1.517 0.68472
1.7459 0.12283
-1.7193 -0.6411
-0.50587 0.83599
-2.2424 0.78883
-1.5868 0.43991
1.062 -0.18609
-1.9094 -1.9893
1.1027 0.93693
-0.70607 1.3625
-2.2054 -1.5899
-0.3054 2.0992
0.31134 1.3392
1.1507 0.85301
-0.97207 1.6431
-0.14751 1.6475
1.779 1.6455
0.8914 -1.347
2.0853 1.2679
-1.418 0.30451
2.1009 1.9576
1.2288 1.2099
-1.1726 1.2
-1.1814 -0.13273
-1.2244 0.63799
1.126 -0.83204
2.0785 1.2653
0.80098 0.99461
1.921 -0.28159
-1.8156 -1.5872
0.44603 -1.1726
1.0246 -1.3242
-1.5211 -0.10412
-1.779 2.0042
-0.52067 1.7056
1.701 -1.182
1.1333 -0.72383
-1.2371 0.69446
1.1087 -1.0261
1.7474 -0.42223
-2.2513 1.828
-0.73426 0.93894
2.0713 -0.54066
-0.56902 -1.0251
0.34394 -1.4296
-0.071611 -1.0591
-0.37349 1.35
0.21118 -1.1014
2.1434 1.3691
-0.85285 -0.010107
0.47371 -1.3518
0.55996 -1.3433
-1.9913 -0.54649
-0.2159 -0.58524
1.6058 1.8576
-0.091007 -1.4492
1.1155 -1.2539
2.0328 -1.2524
-1.4095 -0.94272
1.6176 0.9903
2.086 1.2411
-2.1234 1.4872
1.1421 -0.052248
-1.2977 -0.17286
1.7911 1.3798
1.9295 1.5205
1.3931 0.40154
-0.3912 2.0426
-0.029966 2.2063
-1.0591 1.9394
0.96939 -0.76964
-0.84299 -1.6015
0.53709 -1.327
-0.97699 -0.66051
-1.3416 1.0538
-1.1221 -0.54118
0.19612 -1.4408
1.8141 -0.12796
-1.8566 1.1207
1.6414 1.5728
1.2798 -0.50766
0.65415 1.8691
0.69502 -0.69742
0.90727 0.43146
-1.1355 0.3832
2.0913 1.741
2.0188 0.57996
-1.1705 2.2259
1.763 -1.323
1.3019 -0.79397
-1.1978 0.073552
-1.3045 1.3999
1.8205 -1.4718
-0.038048 0.073019
0.3454 1.9788
-1.9281 -1.0025
0.069266 -0.61558
-1.402 1.5548
-0.29817 0.6622
0.38757 0.061296
-1.3554 -1.0783
-0.85711 -0.30775
-0.058998 -1.3881
-0.32582 -1.7943
-1.1301 2.1104
0.51573 0.78155
-1.5275 1.0063
-1.2381 -1.719
1.4006 -1.0848
-2.0662 -1.0522
0.71005 -0.80377
0.49864 -1.6833
0.63552 0.75481
0.7353 1.3292
-1.7359 1.4921
-2.1981 -0.11448
1.6544 0.57029
1.3436 -0.6408
-0.13039 -0.1053
2.126 0.74862
-0.41437 1.1842
-1.8482 -1.2314
1.6736 0.60337
-1.1816 1.1341
1.3293 0.33345
1.5407 1.3778
0.40486 -0.22494
-1.1323 0.014895
0.17997 1.1711
1.1602 -1.6167
-2.0768 1.6611
1.0027 -1.9091
1.2429 -0.36786
1.2311 0.70487
0.87574 -1.9215
2.0611 0.81209
-0.2333 -1.2979
-0.45514 0.58041
1.9627 0.20885
-1.7162 -0.65652
1.8954 -0.96796
-0.037298 1.6722
1.0499 0.438
-0.00027883 2.1512
-1.6271 2.0003
-0.61851 -0.66144
2.0249 -1.4832
1.3008 1.9353
-1.3274 1.6215
-1.217 0.61504
-0.75519 1.2346
-1.5098 1.2948
-1.5177 0.50736
-1.9262 0.87225
-0.40347 -0.64061
1.407 0.1961
-0.14877 -1.5178
-0.76728 1.89
-1.2896 -0.64106
-0.73959 -0.64741
-1.2313 0.34149
0.21812 -0.11238
0.81503 -0.010462
-1.9541 1.8718
-0.75828 1.3204
1.9516 0.054595
-0.95241 -1.1208
1.1001 0.10062
0.32936 -1.5681
-0.35076 -0.59084
-1.1458 -0.59763
1.5662 1.3796
0.2779 -0.17995
1.9496 0.74096
-2.0775 0.045585
-1.0811 -1.5345
2.2312 -0.094259
0.00069863 -1.3193
2.2054 -1.3701
1.6316 -0.29174
-0.89173 1.7674
-1.96 1.597
-1.364 -1.339
-0.078431 1.6665
1.2708 -1.2862
-0.90083 -1.2083
-1.8585 1.747
0.53818 -0.82664
2.1518 1.7071
1.6175 -0.88725
-1.2876 -1.5385
0.60131 0.8276
1.8929 1.0805
1.8289 0.17241
0.66994 1.5491
-1.6856 0.73091
0.54991 1.8945
0.68864 0.70425
-1.0278 2.1016
-0.96681 -1.0345
-1.8719 0.35763
-0.90616 1.2967
-0.10086 0.4684
-1.0452 -0.55868
-1.5624 1.1261
1.3925 0.28831
1.611 1.9539
-0.99089 -2.1052
-1.2776 2.2136
-0.77558 -0.059756
-0.70487 1.7334
-2.1815 -0.41899
1.4791 1.8005
-0.1429 0.86759
-1.5866 1.1159
-1.2508 1.7734
-0.71238 1.8475
-0.32642 -0.12799
1.3409 -0.25016
-1.382 1.4918
1.7402 1.2173
-2.1408 0.77017
0.0083002 -0.56262
0.67584 -0.14769
-1.9803 -1.3481
-1.1527 -0.56178
-0.40714 0.14951
0.99748 0.30802
0.052719 -0.57437
0.33102 -0.67998
-1.5914 1.6146
-1.5262 -0.065881
-0.61138 1.5625
1.1257 1.4626
2.0512 1.2854
0.21212 -0.097141
-0.22323 0.72551
1.2427 -1.0603
1.3011 -1.3546
0.2977 -1.6922
0.42465 0.95177
0.47051 -0.49754
-0.96485 0.8103
0.0018749 -0.96716
-0.23442 -0.30276
0.0023813 1.7612
0.79454 1.2176
-1.8229 0.68878
0.08106 1.338
-1.751 0.47015
-1.9741 1.5915
-1.0842 -0.69931
2.0703 0.98307
-0.10465 -0.022288
-0.85053 0.22995
-2.0141 -0.82239
-1.6616 0.41183
-1.8154 -0.81507
-0.4477 -0.32258
-1.2148 0.37271
-0.26147 0.20291
1.5744 -0.43528
0.71588 -0.47569
2.0513 -0.92663
0.15632 1.066
1.865 -1.4158
0.91375 0.17916
-0.50632 1.8435
1.9522 -1.9519
0.55706 0.28815
-0.41846 -0.32945
0.57951 1.567
1.3619 -0.20393
1.7108 -2.1646
0.69434 1.7285
-1.0309 -0.35184
-1.6921 2.2012
-1.6429 -0.50403
0.10648 -1.2429
1.5596 0.3659
-2.0358 -1.2984
-1.8376 -0.28963
-0.32923 0.217
-1.3263 -1.3123
-1.282 1.3389
-0.43601 -0.014858
0.71864 0.33697
0.090798 1.536
-1.922 -0.90009
-1.5564 0.84808
0.28603 -0.10936
-1.8096 0.4557
0.28332 -1.2091
1.2635 0.43333
-0.17521 -0.059612
-1.8132 1.8759
-0.048705 2.1117
-0.93016 -1.1234
0.76725 1.7336
-0.75035 -2.1558
0.094093 1.0494
1.0664 2.2316
-1.5612 0.30289
0.70201 2.0529
-1.9256 0.86194
-0.13482 -1.6034
-1.9533 2.0321
1.2328 -2.1446
-0.93485 0.99564
1.7064 1.4387
-0.43055 2.1315
1.9512 1.7234
-0.24084 -0.50385
-0.025648 0.59587
-1.7421 -1.0106
-0.87353 0.94212
0.43064 1.5746
-2.1717 -1.3557
-1.4416 1.232
1.2288 -1.588
-0.12612 -1.862
2.24 0.25737
1.5731 -2.1342
-0.87031 0.14796
-0.77564 0.5464
1.6177 1.2768
0.99232 -0.18789
-2.1835 0.10279
0.35591 -0.58843
-1.2828 1.1041
0.15412 -0.61544
-0.39748 1.6851
-1.4602 0.9461
-1.3791 1.3323
-0.13375 -0.18449
-1.7571 0.19576
-0.4153 2.1231
2.034 -0.076872
0.11124 0.2963
2.0389 -0.65149
0.63788 2.0817
-1.9555 -0.3445
1.2797 0.61425
0.85919 0.041702
-1.4732 1.5998
-1.5369 0.78039
-0.14869 -1.0811
-1.9503 2.0969
-1.0254 -0.72214
1.6915 1.3213
1.4707 -1.6807
0.82065 1.0882
0.53641 -0.40776
-1.5765 1.4266
-1.6748 1.5947
-2.2518 -1.5013
1.0032 -1.1232
-0.82103 1.5143
1.1053 1.2145
-1.5335 -1.3955
0.027373 1.2241
0.71673 1.0253
-0.42674 0.26106
-1.5038 2.2197
-0.41817 0.85429
0.7048 -0.37973
0.43094 -0.97036
-1.0062 1.2987
0.98053 -0.028484
-0.16553 0.49311
0.93747 -0.22603
-0.5769 -1.6523
-1.0936 -0.69148
-0.93524 -0.40545
0.7632 1.564
0.053908 -0.80358
-1.6077 -2.0753
-0.33415 -1.5238
-1.1348 -1.517
-1.6892 0.099211
-0.091523 1.8116
0.65602 1.5692
1.6056 0.81519
1.3697 -0.84977
-1.4023 -1.6717
-1.3881 2.2071
1.4676 0.10732
-0.77696 -0.51676
-0.4898 1.312
-0.72705 0.36108
0.29171 -1.508
-0.81155 1.9483
1.2196 1.8123
-2.112 1.0733
0.059675 1.376
-1.5844 -1.3875
-1.4787 0.246
-1.8419 -1.1446
-1.7636 -0.43403
-0.3066 0.56886
0.3047 0.74721
-1.9124 1.7087
1.1562 -0.77988
-1.3685 -1.3132
1.465 -1.7726
1.123 -0.96563
-1.7729 1.0317
2.0876 -0.15499
0.42032 -0.96864
-0.69407 0.58061
1.2298 0.9306
-1.0834 -0.55177
-1.7253 0.99265
-0.90328 0.51095
-1.7797 1.8959
0.13523 0.90096
-0.23889 -1.4362
-0.13636 1.555
-0.88579 -1.4843
-2.0024 -0.28565
-1.5122 1.296
0.63232 1.487
-1.8088 -1.5084
0.59056 1.2593
-0.8263 -1.8035
-0.42958 1.6727
1.6483 -0.25129
0.53078 2.2161
-0.99298 0.94746
-0.65153 -0.26479
1.6693 -1.368
-0.9824 1.2344
-2.1839 0.28423
2.2013 -0.20425
-1.4968 0.72333
-1.6178 -2.0699
-1.1668 -0.48634
1.4582 1.3973
-0.9813 -2.0678
1.5319 -1.467
-2.242 -0.53892
0.71707 0.53453
-0.61131 1.3244
-0.11446 0.024251
0.10918 2.1079
0.40289 -1.6915
0.42584 -0.31535
-0.089357 0.26945
1.3148 -0.82966
-0.43294 0.027202
-0.27772 0.147
-2.0015 1.8173
-0.99845 0.44072
1.8556 0.9756
0.93463 1.1717
-0.83241 -1.3626
-2.1011 -0.4843
-0.95135 0.22256
-0.73918 -1.9997
0.85001 0.16192
1.3843 1.7424
2.2226 1.1778
0.38723 1.1333
-0.01056 1.3465
1.1709 0.025592
1.3809 0.43006
-0.54462 0.29989
2.0639 0.59733
1.5016 -1.0208
1.8952 -0.048377
-1.359 -0.99137
0.51317 -1.7434
2.0043 -0.898
-1.3239 1.2578
0.39915 2.216
2.1512 0.069932
-0.85324 1.3397
-0.26886 -2.0344
-0.40215 2.1649
1.4928 -1.5032
-0.24446 0.18791
1.009 1.4671
-0.12934 -2.0745
-1.5461 -0.66492
-0.98061 -1.1424
-0.98615 1.6969
0.93189 -1.6272
-0.64293 1.2686
-0.61915 0.087081
0.795 0.56255
1.0622 0.562
-0.55833 1.9824
-1.5347 -0.41862
1.2537 1.2681
-1.4865 0.88909
-0.87559 -0.22378
1.2577 0.38639
2.0602 -1.5379
-1.8414 -0.41634
-0.86521 -0.82697
1.7759 -0.017026
-0.8263 2.219
-1.4935 1.429
-1.1656 -0.70588
0.80239 -0.30511
0.2671 2.1365
-2.107 1.7046
-1.8008 0.029295
-1.8496 -1.5025
0.82788 -0.072579
-1.1247 0.4487
-1.5746 2.0499
0.17975 2.1346
-0.8052 -0.083424
0.82962 0.17757
0.75627 -0.7201
0.82272 0.58265
-0.48224 -1.7344
0.01477 -0.37711
0.21011 -2.0521
-1.2836 0.94493
-1.4905 -1.1864
-0.33452 -0.56806
-2.0893 -1.7066
0.55208 -0.84844
-0.53719 0.157
0.20731 1.8619
-1.8815 -0.33352
-0.48 1.9276
0.74057 0.60354
-1.2476 0.7006
-1.9636 -0.97058
1.427 -1.6388
1.2599 1.2536
&
