# Grace project file
#
@version 50125
@page size 792, 612
@page scroll 5%
@page inout 5%
@link page off
@map font 8 to "Courier", "Courier"
@map font 10 to "Courier-Bold", "Courier-Bold"
@map font 14 to "Courier-BoldItalic", "Courier-BoldItalic"
@map font 11 to "Courier-BoldOblique", "Courier-BoldOblique"
@map font 16 to "Courier-Italic", "Courier-Italic"
@map font 9 to "Courier-Oblique", "Courier-Oblique"
@map font 18 to "Courier-Regular", "Courier-Regular"
@map font 19 to "D050000L-Regular", "D050000L-Regular"
@map font 20 to "Dingbats-Regular", "Dingbats-Regular"
@map font 4 to "Helvetica", "Helvetica"
@map font 6 to "Helvetica-Bold", "Helvetica-Bold"
@map font 7 to "Helvetica-BoldOblique", "Helvetica-BoldOblique"
@map font 5 to "Helvetica-Oblique", "Helvetica-Oblique"
@map font 25 to "NimbusMonoL-Bold", "NimbusMonoL-Bold"
@map font 26 to "NimbusMonoL-BoldOblique", "NimbusMonoL-BoldOblique"
@map font 27 to "NimbusMonoL-Regular", "NimbusMonoL-Regular"
@map font 28 to "NimbusMonoL-RegularOblique", "NimbusMonoL-RegularOblique"
@map font 29 to "NimbusMonoPS-Bold", "NimbusMonoPS-Bold"
@map font 30 to "NimbusMonoPS-BoldItalic", "NimbusMonoPS-BoldItalic"
@map font 31 to "NimbusMonoPS-Italic", "NimbusMonoPS-Italic"
@map font 32 to "NimbusMonoPS-Regular", "NimbusMonoPS-Regular"
@map font 33 to "NimbusRoman-Bold", "NimbusRoman-Bold"
@map font 34 to "NimbusRoman-BoldItalic", "NimbusRoman-BoldItalic"
@map font 35 to "NimbusRoman-Italic", "NimbusRoman-Italic"
@map font 36 to "NimbusRoman-Regular", "NimbusRoman-Regular"
@map font 37 to "NimbusRomanNo9L-Medium", "NimbusRomanNo9L-Medium"
@map font 38 to "NimbusRomanNo9L-MediumItalic", "NimbusRomanNo9L-MediumItalic"
@map font 39 to "NimbusRomanNo9L-Regular", "NimbusRomanNo9L-Regular"
@map font 40 to "NimbusRomanNo9L-RegularItalic", "NimbusRomanNo9L-RegularItalic"
@map font 41 to "NimbusSans-Bold", "NimbusSans-Bold"
@map font 42 to "NimbusSans-BoldItalic", "NimbusSans-BoldItalic"
@map font 43 to "NimbusSans-Italic", "NimbusSans-Italic"
@map font 44 to "NimbusSans-Regular", "NimbusSans-Regular"
@map font 45 to "NimbusSansL-Bold", "NimbusSansL-Bold"
@map font 46 to "NimbusSansL-BoldCondensed", "NimbusSansL-BoldCondensed"
@map font 47 to "NimbusSansL-BoldCondensedItalic", "NimbusSansL-BoldCondensedItalic"
@map font 48 to "NimbusSansL-BoldItalic", "NimbusSansL-BoldItalic"
@map font 49 to "NimbusSansL-Regular", "NimbusSansL-Regular"
@map font 50 to "NimbusSansL-RegularCondensed", "NimbusSansL-RegularCondensed"
@map font 51 to "NimbusSansL-RegularCondensedItalic", "NimbusSansL-RegularCondensedItalic"
@map font 52 to "NimbusSansL-RegularItalic", "NimbusSansL-RegularItalic"
@map font 53 to "NimbusSansNarrow-Bold", "NimbusSansNarrow-Bold"
@map font 54 to "NimbusSansNarrow-BoldOblique", "NimbusSansNarrow-BoldOblique"
@map font 55 to "NimbusSansNarrow-Oblique", "NimbusSansNarrow-Oblique"
@map font 56 to "NimbusSansNarrow-Regular", "NimbusSansNarrow-Regular"
@map font 57 to "P052-Bold", "P052-Bold"
@map font 58 to "P052-BoldItalic", "P052-BoldItalic"
@map font 59 to "P052-Italic", "P052-Italic"
@map font 60 to "P052-Roman", "P052-Roman"
@map font 61 to "StandardSymbolsL-Regular", "StandardSymbolsL-Regular"
@map font 62 to "StandardSymbolsPS-Regular", "StandardSymbolsPS-Regular"
@map font 12 to "Symbol", "Symbol"
@map font 2 to "Times-Bold", "Times-Bold"
@map font 3 to "Times-BoldItalic", "Times-BoldItalic"
@map font 1 to "Times-Italic", "Times-Italic"
@map font 0 to "Times-Roman", "Times-Roman"
@map font 68 to "URWBookman-Demi", "URWBookman-Demi"
@map font 69 to "URWBookman-DemiItalic", "URWBookman-DemiItalic"
@map font 70 to "URWBookman-Light", "URWBookman-Light"
@map font 71 to "URWBookman-LightItalic", "URWBookman-LightItalic"
@map font 72 to "URWBookmanL-DemiBold", "URWBookmanL-DemiBold"
@map font 73 to "URWBookmanL-DemiBoldItalic", "URWBookmanL-DemiBoldItalic"
@map font 74 to "URWBookmanL-Light", "URWBookmanL-Light"
@map font 75 to "URWBookmanL-LightItalic", "URWBookmanL-LightItalic"
@map font 76 to "URWChanceryL-MediumItalic", "URWChanceryL-MediumItalic"
@map font 77 to "URWGothic-Book", "URWGothic-Book"
@map font 78 to "URWGothic-BookOblique", "URWGothic-BookOblique"
@map font 79 to "URWGothic-Demi", "URWGothic-Demi"
@map font 80 to "URWGothic-DemiOblique", "URWGothic-DemiOblique"
@map font 81 to "URWGothicL-Book", "URWGothicL-Book"
@map font 82 to "URWGothicL-BookOblique", "URWGothicL-BookOblique"
@map font 83 to "URWGothicL-Demi", "URWGothicL-Demi"
@map font 84 to "URWGothicL-DemiOblique", "URWGothicL-DemiOblique"
@map font 85 to "URWPalladioL-Bold", "URWPalladioL-Bold"
@map font 86 to "URWPalladioL-BoldItalic", "URWPalladioL-BoldItalic"
@map font 87 to "URWPalladioL-Italic", "URWPalladioL-Italic"
@map font 88 to "URWPalladioL-Roman", "URWPalladioL-Roman"
@map font 89 to "Utopia-Bold", "Utopia-Bold"
@map font 90 to "Utopia-BoldItalic", "Utopia-BoldItalic"
@map font 91 to "Utopia-Italic", "Utopia-Italic"
@map font 92 to "Utopia-Regular", "Utopia-Regular"
@map font 93 to "Z003-MediumItalic", "Z003-MediumItalic"
@map font 13 to "ZapfDingbats", "ZapfDingbats"
@map color 0 to (255, 255, 255), "white"
@map color 1 to (0, 0, 0), "black"
@map color 2 to (255, 0, 0), "red"
@map color 3 to (0, 255, 0), "green"
@map color 4 to (0, 0, 255), "blue"
@map color 5 to (255, 255, 0), "yellow"
@map color 6 to (188, 143, 143), "brown"
@map color 7 to (220, 220, 220), "grey"
@map color 8 to (148, 0, 211), "violet"
@map color 9 to (0, 255, 255), "cyan"
@map color 10 to (255, 0, 255), "magenta"
@map color 11 to (255, 165, 0), "orange"
@map color 12 to (114, 33, 188), "indigo"
@map color 13 to (103, 7, 72), "maroon"
@map color 14 to (64, 224, 208), "turquoise"
@map color 15 to (0, 139, 0), "green4"
@reference date 0
@date wrap off
@date wrap year 1950
@default linewidth 1.0
@default linestyle 1
@default color 1
@default pattern 1
@default font 0
@default char size 1.000000
@default symbol size 1.000000
@default sformat "%.8g"
@background color 0
@page background fill on
@timestamp off
@timestamp 0.03, 0.03
@timestamp color 1
@timestamp rot 0
@timestamp font 0
@timestamp char size 1.000000
@timestamp def "Sun Oct 16 20:03:35 2022"
@r0 off
@link r0 to g0
@r0 type above
@r0 linestyle 1
@r0 linewidth 1.0
@r0 color 1
@r0 line 0, 0, 0, 0
@r1 off
@link r1 to g0
@r1 type above
@r1 linestyle 1
@r1 linewidth 1.0
@r1 color 1
@r1 line 0, 0, 0, 0
@r2 off
@link r2 to g0
@r2 type above
@r2 linestyle 1
@r2 linewidth 1.0
@r2 color 1
@r2 line 0, 0, 0, 0
@r3 off
@link r3 to g0
@r3 type above
@r3 linestyle 1
@r3 linewidth 1.0
@r3 color 1
@r3 line 0, 0, 0, 0
@r4 off
@link r4 to g0
@r4 type above
@r4 linestyle 1
@r4 linewidth 1.0
@r4 color 1
@r4 line 0, 0, 0, 0
@g0 on
@g0 hidden false
@g0 type XY
@g0 stacked false
@g0 bar hgap 0.000000
@g0 fixedpoint off
@g0 fixedpoint type 0
@g0 fixedpoint xy 0.000000, 0.000000
@g0 fixedpoint format general general
@g0 fixedpoint prec 6, 6
@with g0
@    world -3, -3, 3, 3
@    stack world 0, 0, 0, 0
@    znorm 1
@    view 0.250000, 0.150000, 1.150000, 0.850000
@    title "X-Y scatter plot"
@    title font 0
@    title size 1.500000
@    title color 1
@    subtitle ""
@    subtitle font 0
@    subtitle size 1.000000
@    subtitle color 1
@    xaxes scale Normal
@    yaxes scale Normal
@    xaxes invert off
@    yaxes invert off
@    xaxis  on
@    xaxis  type zero false
@    xaxis  offset 0.000000 , 0.000000
@    xaxis  bar on
@    xaxis  bar color 1
@    xaxis  bar linestyle 1
@    xaxis  bar linewidth 1.0
@    xaxis  label "X (cm)"
@    xaxis  label layout para
@    xaxis  label place auto
@    xaxis  label char size 1.000000
@    xaxis  label font 0
@    xaxis  label color 1
@    xaxis  label place normal
@    xaxis  tick on
@    xaxis  tick major 1
@    xaxis  tick minor ticks 1
@    xaxis  tick default 6
@    xaxis  tick place rounded true
@    xaxis  tick in
@    xaxis  tick major size 1.000000
@    xaxis  tick major color 1
@    xaxis  tick major linewidth 1.0
@    xaxis  tick major linestyle 1
@    xaxis  tick major grid off
@    xaxis  tick minor color 1
@    xaxis  tick minor linewidth 1.0
@    xaxis  tick minor linestyle 1
@    xaxis  tick minor grid off
@    xaxis  tick minor size 0.500000
@    xaxis  ticklabel on
@    xaxis  ticklabel format general
@    xaxis  ticklabel prec 5
@    xaxis  ticklabel formula ""
@    xaxis  ticklabel append ""
@    xaxis  ticklabel prepend ""
@    xaxis  ticklabel angle 0
@    xaxis  ticklabel skip 0
@    xaxis  ticklabel stagger 0
@    xaxis  ticklabel place normal
@    xaxis  ticklabel offset auto
@    xaxis  ticklabel offset 0.000000 , 0.010000
@    xaxis  ticklabel start type auto
@    xaxis  ticklabel start 0.000000
@    xaxis  ticklabel stop type auto
@    xaxis  ticklabel stop 0.000000
@    xaxis  ticklabel char size 1.000000
@    xaxis  ticklabel font 0
@    xaxis  ticklabel color 1
@    xaxis  tick place both
@    xaxis  tick spec type none
@    yaxis  on
@    yaxis  type zero false
@    yaxis  offset 0.000000 , 0.000000
@    yaxis  bar on
@    yaxis  bar color 1
@    yaxis  bar linestyle 1
@    yaxis  bar linewidth 1.0
@    yaxis  label "Y (cm)"
@    yaxis  label layout para
@    yaxis  label place auto
@    yaxis  label char size 1.000000
@    yaxis  label font 0
@    yaxis  label color 1
@    yaxis  label place normal
@    yaxis  tick on
@    yaxis  tick major 1
@    yaxis  tick minor ticks 1
@    yaxis  tick default 6
@    yaxis  tick place rounded true
@    yaxis  tick in
@    yaxis  tick major size 1.000000
@    yaxis  tick major color 1
@    yaxis  tick major linewidth 1.0
@    yaxis  tick major linestyle 1
@    yaxis  tick major grid off
@    yaxis  tick minor color 1
@    yaxis  tick minor linewidth 1.0
@    yaxis  tick minor linestyle 1
@    yaxis  tick minor grid off
@    yaxis  tick minor size 0.500000
@    yaxis  ticklabel on
@    yaxis  ticklabel format general
@    yaxis  ticklabel prec 5
@    yaxis  ticklabel formula ""
@    yaxis  ticklabel append ""
@    yaxis  ticklabel prepend ""
@    yaxis  ticklabel angle 0
@    yaxis  ticklabel skip 0
@    yaxis  ticklabel stagger 0
@    yaxis  ticklabel place normal
@    yaxis  ticklabel offset auto
@    yaxis  ticklabel offset 0.000000 , 0.010000
@    yaxis  ticklabel start type auto
@    yaxis  ticklabel start 0.000000
@    yaxis  ticklabel stop type auto
@    yaxis  ticklabel stop 0.000000
@    yaxis  ticklabel char size 1.000000
@    yaxis  ticklabel font 0
@    yaxis  ticklabel color 1
@    yaxis  tick place both
@    yaxis  tick spec type none
@    altxaxis  off
@    altyaxis  off
@    legend on
@    legend loctype view
@    legend 0.6, 0.75
@    legend box color 1
@    legend box pattern 1
@    legend box linewidth 1.0
@    legend box linestyle 1
@    legend box fill color 0
@    legend box fill pattern 1
@    legend font 0
@    legend char size 1.000000
@    legend color 1
@    legend length 4
@    legend vgap 1
@    legend hgap 1
@    legend invert false
@    frame type 0
@    frame linestyle 1
@    frame linewidth 1.0
@    frame color 1
@    frame pattern 1
@    frame background color 0
@    frame background pattern 0
@    s0 hidden false
@    s0 type xy
@    s0 symbol 1
@    s0 symbol size 1.000000
@    s0 symbol color 1
@    s0 symbol pattern 1
@    s0 symbol fill color 1
@    s0 symbol fill pattern 0
@    s0 symbol linewidth 1.0
@    s0 symbol linestyle 1
@    s0 symbol char 65
@    s0 symbol char font 0
@    s0 symbol skip 0
@    s0 line type 1
@    s0 line linestyle 0
@    s0 line linewidth 1.0
@    s0 line color 1
@    s0 line pattern 1
@    s0 baseline type 0
@    s0 baseline off
@    s0 dropline off
@    s0 fill type 0
@    s0 fill rule 0
@    s0 fill color 1
@    s0 fill pattern 1
@    s0 avalue off
@    s0 avalue type 2
@    s0 avalue char size 1.000000
@    s0 avalue font 0
@    s0 avalue color 1
@    s0 avalue rot 0
@    s0 avalue format general
@    s0 avalue prec 3
@    s0 avalue prepend ""
@    s0 avalue append ""
@    s0 avalue offset 0.000000 , 0.000000
@    s0 errorbar on
@    s0 errorbar place both
@    s0 errorbar color 1
@    s0 errorbar pattern 1
@    s0 errorbar size 1.000000
@    s0 errorbar linewidth 1.0
@    s0 errorbar linestyle 1
@    s0 errorbar riser linewidth 1.0
@    s0 errorbar riser linestyle 1
@    s0 errorbar riser clip off
@    s0 errorbar riser clip length 0.100000
@    s0 comment "EllipseGaussianSourcePhsp"
@    s0 legend  "IQ = 0 NO LATCH CHECK"
@target G0.S0
@type xy
2.2101 -2.1699
1.6804 -1.3154
0.97228 -0.41739
-0.39508 0.13469
1.0108 0.2408
-2.0985 1.5392
1.6685 0.70908
-1.6656 -1.3732
1.4033 1.9786
-1.4224 0.26228
1.3063 -1.9413
-0.67814 -0.32912
-0.1635 0.81207
1.4371 -0.28516
2.2459 -1.2549
-1.9247 0.82473
-1.6471 0.27245
1.6741 0.48056
1.8606 1.8871
0.79277 -1.8774
-1.9349 -0.67626
0.57282 -0.43715
0.77091 -1.1037
-1.8558 2.0873
-2.0681 1.1371
0.94804 -1.6413
-0.17021 0.71705
-2.1956 1.6456
-1.1206 2.0759
-2.2149 -1.748
-1.766 1.0258
-0.12363 -0.17348
-0.31086 -0.34034
-0.91652 -0.70614
-1.0553 -0.54497
-1.2264 -2.0758
0.10085 -0.41627
-0.20499 -0.40786
0.4553 -1.7368
1.4508 -1.5709
1.8358 -0.48893
-1.1085 -0.11843
0.62205 -0.15694
0.03042 0.53842
-0.27621 -0.73679
1.7792 -1.0387
-1.4753 2.1647
-0.41457 -1.3944
-0.022194 -1.1898
0.046276 2.2073
2.2108 -0.76777
1.7023 2.1989
-0.20419 2.2227
-1.435 -1.1402
1.502 1.2815
0.039293 -0.8879
-1.6183 -1.3295
1.5275 0.16153
-0.85514 -1.9629
-0.99817 -0.3857
-0.815 -1.51
1.7992 -1.8008
1.6558 1.483
-0.81575 -0.10802
-1.3315 -1.115
-0.31711 -0.68565
-0.40101 -0.37548
1.4683 1.0437
0.91263 0.23323
-0.53268 1.3094
0.38808 1.4418
-1.3612 1.4133
1.9696 -1.0622
0.17167 -1.152
-0.15753 2.0319
-1.4615 0.74854
-2.1497 -0.19415
-1.3657 -0.19374
0.20549 -1.8071
-1.5077 1.9728
0.9723 0.0142
-1.9579 0.37913
-0.38165 1.7078
1.9638 2.0912
-0.94352 -0.13605
0.64687 -1.6129
0.76433 -0.76887
1.3532 1.1894
-1.578 -0.33866
0.91756 1.9898
-1.5547 0.93571
0.60178 0.019244
0.40795 -1.5092
-1.6897 -1.5844
1.4776 1.4861
0.72462 1.1474
0.34065 0.96244
-2.0237 -1.1123
-1.7237 0.97599
1.5118 -0.69951
0.59416 0.48446
1.3544 1.5972
-0.29105 -0.44303
-1.8842 0.4187
2.162 0.30539
0.29717 1.0127
0.82498 2.1026
-1.5907 1.7891
0.62807 0.48875
-1.77 2.2263
-1.8276 0.76497
-0.78637 0.75596
-1.4271 -0.11435
0.04016 1.7699
-1.1048 -0.7948
1.7696 1.2131
-0.09108 -1.8246
-1.0709 1.3114
-1.6709 0.11746
-0.69587 1.3182
-1.9279 -0.56118
-1.7858 0.89746
1.5792 -0.07758
1.2772 0.061997
1.7621 1.0219
-0.7439 1.3224
1.4116 -0.19536
-1.7138 -1.1844
0.84016 1.7954
-0.5294 0.75107
-2.1912 2.2011
-1.4063 0.36746
0.85239 0.07222
-2.1881 1.022
-1.3459 1.5692
-0.64834 -1.1941
1.2538 -0.73127
2.0452 -0.7733
0.12046 -0.40108
-1.8967 -0.286
0.97337 -0.0058743
0.52917 1.2248
-1.1904 -1.9065
-0.39192 -2.0093
1.2205 -0.48898
0.74761 -1.7649
1.358 -1.2359
0.44289 1.0437
-0.84133 0.43057
-0.055958 -0.1618
-2.0057 -2.0179
1.9623 1.5277
2.0109 1.7462
-0.28421 0.76942
-1.1248 0.39583
-0.93814 1.105
-0.65241 1.3583
1.199 0.09777
1.9617 1.7787
-0.41576 0.013856
0.010906 0.41697
-0.16346 1.8029
1.1123 -1.8052
-1.4007 1.5859
-1.7534 -1.1972
-0.22036 0.064469
0.011599 -1.2243
1.8912 -0.19041
0.3642 0.40263
2.0921 1.4972
-1.9904 -1.3885
0.76796 0.89562
1.6415 1.0451
-1.555 0.36515
-1.9772 1.7242
1.2965 2.0372
2.1818 0.19091
-0.65654 -1.2066
-0.1182 1.5055
-1.7452 0.37512
-1.2025 -0.25761
-0.20574 0.053549
-1.4596 -0.27417
1.4569 0.60848
-2.1041 0.40681
2.016 1.9056
1.4355 2.0504
-2.1724 -1.4106
0.23058 1.0944
-1.9922 0.99098
-0.48675 0.72078
-1.6529 0.97553
-0.019376 2.0699
-1.5601 -0.75828
1.6735 -0.88046
-1.4128 2.0787
-1.2034 -0.10627
0.81404 -1.6151
0.85312 2.1561
-1.4278 0.25193
1.6011 -0.069293
-0.55603 -1.7102
-0.89458 1.5065
-1.3045 -0.99446
-0.98464 0.54791
-0.52229 0.5799
-0.67974 -1.6632
1.5706 1.473
-1.4336 1.4492
0.67636 -0.52648
0.26685 -1.0414
-1.0217 1.4707
-1.7602 -1.2067
-1.5133 1.4299
-1.1386 0.48769
2.0024 1.0905
0.24362 0.52214
0.10145 -0.90913
0.80528 0.36689
-0.01509 1.9398
0.201 -0.75687
0.93217 1.7752
-1.6073 0.60664
-1.8058 0.86616
-1.2896 -0.15083
-0.97378 1.802
-0.49513 1.2673
-2.256 -0.097175
-0.32294 1.1035
-1.8468 -0.063687
0.33386 0.36544
-0.89835 -0.88994
-1.542 0.27869
2.0032 0.95329
0.41966 -0.86571
1.0748 0.058157
-0.92366 0.85369
-1.9249 -1.5612
1.6563 0.94213
0.68514 1.1438
0.51201 1.8174
1.0063 -0.94987
-0.82951 -0.53698
-0.056599 0.064105
0.56442 -1.9533
-0.6289 0.53693
2.0852 -0.68015
-1.4205 0.72127
0.49498 -1.9669
0.38534 1.8246
0.43516 0.088202
1.8464 1.5026
-0.45661 1.8374
-0.16002 0.68044
1.9171 1.9328
0.95098 2.1216
-0.81724 1.2057
0.39929 -1.2103
-0.31921 -1.3114
1.7524 -0.90643
0.69655 2.0036
-0.77732 -1.7106
1.3879 -1.3931
-0.75149 1.0524
0.0056649 1.664
-1.0824 0.45748
-1.8787 -1.8299
2.0022 1.6803
-0.4927 1.2796
1.3632 0.77297
-0.17821 -1.4987
-0.87811 2.0914
-0.26908 0.015571
1.2291 2.1525
-1.2357 2.0266
2.0917 0.11649
1.3716 -1.4398
2.1448 0.31235
-0.077708 1.1608
1.6535 1.3978
0.63728 -0.1375
0.85439 1.9177
0.68633 0.085824
1.0826 2.0989
2.245 -1.115
2.168 -0.20481
0.57077 0.01266
1.6789 1.8124
1.8246 -0.82182
0.08572 0.9928
-1.9843 1.4661
2.1259 1.179
-1.8601 1.3222
0.94032 0.4572
1.6632 -0.36843
2.0858 1.6502
1.705 -0.025657
-1.5822 2.1281
-1.6373 2.0345
0.97157 0.0015673
-1.7987 1.723
1.3657 1.6525
1.1029 -0.19277
-1.0149 0.14204
-2.2377 0.07534
0.66942 -0.19983
-1.1355 1.6491
1.9107 1.9858
-0.79539 -0.45675
-0.32953 1.3095
0.48054 -0.37749
-1.3463 1.2456
1.2561 2.1128
1.5301 -1.0522
-0.91785 1.9353
0.42162 1.1138
-0.41066 -0.2684
-2.1145 1.0429
-0.78024 1.5794
-1.7011 -0.97481
-1.128 2.0392
-1.6664 -1.6957
1.2701 1.9521
-0.97464 -0.57355
-0.92084 -0.81762
1.7345 0.81588
1.8893 1.3459
0.80807 1.5008
2.0299 0.62872
0.55659 0.83827
-2.1675 0.10748
0.13605 -1.297
0.47464 -0.028047
1.4509 1.7335
0.12352 0.90984
1.8314 -1.4365
-1.3027 0.85725
2.158 -1.1633
1.7279 -1.1106
-1.4816 -1.5691
0.46342 -1.7268
0.96837 -0.70486
-1.3516 -0.24294
-0.88936 1.6281
-1.9505 -0.3151
2.1987 2.1521
0.4407 -1.6641
0.29737 1.5044
-0.082117 0.22634
1.3455 -0.88093
-0.18919 -2.1243
-0.82514 0.38902
1.3296 2.0702
2.1562 0.20716
-2.0759 0.81388
-2.0572 -1.5975
0.24714 1.6847
-0.97311 0.75405
0.70452 1.279
-2.1949 -0.70551
-1.3824 -0.57723
1.5252 -0.60739
-1.2486 -1.0902
0.89884 -0.14219
0.7561 -0.4176
-1.1584 1.0103
1.1122 0.56169
1.8187 -0.79894
0.96084 -1.9773
0.38337 -1.7381
-2.0305 -1.8952
-1.3304 0.46487
0.73383 0.47562
-1.3448 1.7478
2.2442 -1.8881
1.6042 0.080822
0.54031 -0.089704
-0.91627 0.40054
0.41654 -1.5181
-0.32431 -0.96225
0.10955 1.9588
-0.94287 1.2979
-1.4678 1.4657
0.64116 0.69954
-0.39154 -0.39523
-1.3435 -1.485
-1.7312 0.29006
0.2226 1.3907
-0.3335 -1.6492
-0.84426 0.27103
-0.62548 1.2879
1.4389 0.69092
0.19607 0.73157
1.5582 1.0927
-0.80436 -0.3207
1.9581 -0.2358
0.33259 -1.9737
-0.42752 -1.7356
-0.43851 0.27657
-1.6083 1.5792
1.0399 0.89728
-1.8744 -0.083507
1.1138 -0.28915
-0.45061 -1.2435
0.38581 -0.01545
-0.98687 -1.3835
1.2431 0.65455
-1.7013 1.41
0.72697 -0.196
-2.2163 0.83802
2.1575 -1.1126
1.7015 1.9805
1.054 1.2383
0.79772 -0.58872
-1.3568 1.8464
-0.14664 1.4023
-0.22044 -0.76208
-0.91486 -1.7529
0.085295 -0.79922
-1.4214 0.36858
-0.61868 -1.0116
0.10313 1.9477
1.7717 -0.87555
-0.18949 -1.4501
-0.040557 -0.034122
-0.89427 -0.65692
1.4292 1.3168
-1.0482 0.56696
-2.2101 0.68252
-0.88967 -0.52304
-1.6456 -1.8573
-1.3987 0.60999
0.43614 -0.066034
0.8815 -1.7255
-0.70248 1.5315
1.4972 -1.1018
-2.0827 1.6897
0.080251 0.86712
0.071347 0.5449
-2.1592 0.15947
1.0284 0.13813
0.85595 0.065173
-1.7214 -0.21059
2.1504 -1.0045
1.7478 -0.81758
-2.2367 -0.35839
-0.62763 0.68764
0.81715 0.16887
1.4507 -1.498
1.8604 -0.1954
-0.45595 -0.70257
1.5012 1.9598
0.075109 0.74891
0.024025 1.4336
-1.1143 -1.3517
1.2296 1.0918
-2.246 1.7722
1.22 -0.25859
2.0236 -0.41367
1.9564 1.9878
1.5138 -1.7776
-0.80177 -1.9057
0.47992 0.37103
0.92948 1.7035
-0.36823 -1.0058
0.46277 0.24802
1.2476 -1.3553
2.2183 1.0266
1.9602 0.1492
-1.5369 1.5715
-1.4585 -0.66951
-0.08623 0.53636
-2.07 0.58479
1.2894 1.349
-0.23663 0.21466
0.39312 -0.62053
1.4037 -0.7879
-1.3422 -0.69508
0.095503 0.39325
-1.5723 0.96986
-0.34359 0.29729
0.24322 0.55696
0.75637 1.8725
-0.43436 -0.25484
-0.26535 -1.7822
0.46519 -0.54322
0.23406 1.6467
2.0961 1.356
0.53115 -0.69173
-0.27219 -1.3408
-0.51836 -1.5685
0.18803 0.7067
-0.12951 -1.1662
-1.6489 -1.7329
-0.71645 0.50329
1.5291 0.099407
0.6377 0.24212
-0.65978 -0.33314
-1.8151 1.3446
-1.5916 0.94511
1.7459 -1.9129
1.2937 0.60443
-1.2038 0.1474
-0.76353 -0.2572
0.014298 -0.34648
0.4139 0.89359
0.64325 -1.9786
2.1544 -0.76832
-1.9934 0.69535
-0.03702 -0.55044
-0.21809 0.61856
-0.18558 -0.78578
1.2763 1.6362
0.88976 0.85876
2.1143 -0.85392
-2.2452 1.1106
1.8344 -0.028699
1.0724 -1.7292
-1.3736 0.95959
-1.7087 0.58637
0.9254 -0.72043
0.80173 1.7651
-0.35741 1.0776
0.86483 -0.80014
-0.41482 0.61238
1.4913 1.2461
0.41251 -1.384
0.97796 1.9648
1.4747 -0.70811
-0.71127 1.2183
1.4633 0.69476
-1.2131 1.4352
0.55909 0.87284
-0.82429 -0.078628
-1.8003 0.09207
0.80017 -0.019278
-1.531 -1.3899
1.7605 1.4987
1.7553 1.5195
-0.013481 0.60411
-1.6316 -0.47624
-0.88655 0.9779
-1.0321 1.6423
0.18772 -1.9526
-0.62002 -1.899
-0.23559 1.1282
-0.069624 -1.9366
1.3828 -1.975
-1.0471 0.13404
1.9303 -0.89806
0.22069 -1.322
-1.3746 -0.088643
0.74344 0.63446
-0.26039 -1.3774
-0.56953 1.8487
-0.64734 0.81472
0.73815 1.4572
0.48297 0.16229
-1.4413 1.8719
-1.4906 -0.67086
-1.1172 1.1515
-0.52057 -1.7078
-1.5248 0.685
0.90428 -0.52597
-2.0616 0.46737
0.99599 1.1253
0.66417 -1.4168
0.96056 1.8011
0.16078 -0.57963
-0.97435 0.16486
-0.045434 -0.72783
-0.046403 -0.70789
-0.65924 -1.0927
-2.2462 -1.4276
-0.28707 -1.3437
-1.2148 -0.091149
1.2596 -1.001
-0.30649 2.0564
1.7975 0.90487
-1.01 1.7095
0.7867 1.5208
-0.96095 -1.0781
1.4173 0.36345
-1.7728 1.7149
1.0126 1.8226
-1.3086 -0.23355
-1.9884 0.29659
0.13009 -1.4053
-1.0221 0.73703
-0.86411 1.2594
-0.60383 1.3637
-0.67538 1.8388
0.068284 0.69254
-1.7158 1.8182
-0.10964 1.4506
0.041051 -0.36216
1.7752 -0.023829
-1.4459 2.2287
1.8889 -0.21592
0.47026 -1.6874
-1.5382 -1.6829
-1.0633 -0.89393
0.66972 2.1515
1.2358 0.94289
1.9892 -1.4828
0.85867 1.2722
0.72623 -0.71546
-0.35444 1.7809
-0.23104 -1.7364
-0.67777 0.52098
1.1679 -1.4975
-1.2058 1.1073
-2.1656 -1.4254
1.1867 0.20338
1.2838 1.448
-1.1505 0.26837
1.26 -1.8465
-1.7467 0.87155
0.55257 2.1772
1.4083 1.7451
-0.22459 1.1734
-0.17047 1.3228
1.7711 -0.31241
0.92933 0.15125
-0.48979 0.17171
1.8711 -0.061301
-0.71636 1.1432
1.6171 0.66297
1.5672 0.008515
0.80974 0.98008
-1.489 0.66772
-0.40256 -0.60924
-0.65876 -2.1144
0.22744 -0.33693
-1.1827 -1.6199
1.4121 2.2461
2.0177 -0.27064
-1.2376 -0.32643
-0.63669 -0.65647
0.049553 -0.19308
1.7082 -0.79799
-1.0935 1.7807
-1.6082 1.8607
0.42044 -1.3844
-1.1683 1.9733
2.18 1.1537
-2.0892 1.9211
0.027321 -1.6775
-1.5372 0.33456
1.2396 -0.71443
1.7605 -0.096977
0.56428 0.82942
0.19553 0.28655
-0.91702 1.3813
1.2864 -1.5429
-1.3913 2.114
-0.75735 1.6095
0.3643 -0.18529
-1.1471 1.7936
-1.5112 0.40824
-0.44062 1.2168
2.1234 1.1726
-2.0518 -0.12986
-0.65415 -1.0242
-0.75961 0.66883
-1.6023 -0.60003
1.2732 -0.038942
0.783 1.7372
0.47073 0.70979
1.0367 -2.0356
-1.2042 0.93559
0.53982 -1.2788
-1.1105 2.0165
-1.7402 0.54045
-0.76474 1.3445
1.446 -1.6431
0.67756 0.75037
-1.959 2.111
-0.85928 0.86176
0.024218 -0.97062
-0.23052 -1.0787
1.8524 -1.5319
-1.6074 1.8496
-0.52944 0.87728
-0.49191 -0.5355
-0.51928 -0.32958
-0.32359 -0.49866
1.7424 1.282
2.1398 0.071093
0.053658 -1.2236
0.28315 1.6127
1.149 -0.80534
-1.1943 2.1825
-0.773 -0.65516
-0.68278 -2.0167
2.1107 0.77393
-1.864 1.8977
1.9269 -0.6798
2.2254 1.6544
-1.2701 -0.77511
0.70393 -0.82758
-0.037169 0.89051
0.73845 -0.25142
1.2938 0.16855
1.0047 -1.7812
2.0521 0.6796
1.7401 -1.1058
-1.6097 -0.043264
0.11289 -0.45591
-0.37545 -1.585
-1.1377 0.32901
0.31797 -0.13537
1.8244 -1.2112
-1.2332 0.1603
0.96298 1.7175
0.35354 2.0339
0.0065992 1.8651
-0.53372 0.86665
1.4875 -2.1242
-0.57866 -1.9936
-0.27753 -0.23464
1.4446 -2.1314
-0.73318 1.5918
0.094957 -1.0919
1.8242 -0.44191
1.7837 0.55584
-1.1272 0.3289
-0.81937 -0.22072
0.016733 0.43006
-1.1195 0.56214
-1.7033 1.4526
0.067093 1.6872
-1.513 -1.2541
0.4844 0.14241
2.1815 0.7972
1.5436 -0.43322
-1.1967 0.90287
-0.44601 1.5153
-1.3914 -0.070504
1.7277 -0.48528
1.0767 -1.9304
2.1729 0.56041
-0.8258 -0.51005
-1.0835 0.29976
-1.0569 -1.4154
0.078615 0.52977
1.7638 0.029584
-1.7768 0.026038
-0.43668 -0.14368
-0.45745 1.4925
0.75923 -1.1826
1.4546 1.3219
0.086772 1.2661
-1.4352 -0.27994
-1.6444 -1.606
1.9857 -1.3455
0.0076922 1.8958
-1.4497 0.58071
-1.5906 1.2857
1.4098 -0.072846
-0.71351 1.8289
1.6537 -0.80005
-0.88792 0.33623
1.1685 0.13304
-0.42194 0.27131
-1.539 1.6865
1.4382 -1.0415
1.7511 -0.45118
0.1762 0.13284
-1.7176 -0.73853
-1.5089 -0.627
0.61612 -0.62843
-1.6289 0.5144
0.66401 -0.19698
2.1025 0.23023
1.0529 1.0208
-0.08469 0.79043
-1.7574 -0.33916
1.4616 0.72622
2.0964 -0.78993
1.5064 1.1915
0.38386 0.72677
1.399 -0.97727
-0.58767 -0.99203
0.70745 -0.82379
0.16975 -0.8573
-2.2241 0.14459
0.67385 1.9355
-0.7792 -0.068086
0.43806 -1.1552
-1.561 1.2421
-2.0303 0.49117
-0.39034 -1.7017
1.6544 -0.4592
1.1189 -0.37338
1.4439 -1.9327
-0.44534 0.20755
0.52786 -1.9814
0.92199 0.847
1.3165 1.3729
0.90812 1.2487
0.035729 2.1833
-0.64303 1.0494
-0.96849 0.95946
-0.0038978 0.077838
-1.8086 1.9367
0.2752 0.15046
0.53265 1.0169
2.0254 2.0176
-0.2071 0.7963
0.040492 1.6947
-1.9415 -1.3654
1.464 0.031776
-0.030581 -0.25385
0.64669 -1.3481
0.73028 1.3094
1.6606 1.7233
0.81887 1.4824
-0.46096 0.24643
0.94119 1.8525
0.78925 -1.4714
0.14003 -1.3137
-0.91351 0.43084
-1.0603 -0.57623
-1.2183 0.14355
-1.1329 -0.23612
-0.78588 1.7452
-1.1664 -1.4159
0.13533 -0.90795
-1.2011 2.1889
0.69806 0.85674
-1.293 1.0543
-1.2642 1.4351
0.99065 0.035247
-0.23785 2.0332
-2.2002 0.94648
0.0041709 -0.60345
-1.3357 1.2819
1.6337 -0.32258
-1.4154 1.189
-1.806 1.6563
1.8386 1.8008
0.83221 1.339
-0.46025 -0.78033
1.5438 0.70153
1.7714 1.7599
-0.89128 0.50734
1.8406 0.66521
-0.46895 -1.094
2.2446 -1.0087
-1.9294 -0.52513
-1.1022 1.6401
-0.77452 -0.65484
-0.39123 0.99094
-0.99395 -1.308
0.094721 2.1333
1.8088 -0.99091
1.9294 -0.19908
1.3348 -0.062129
1.9858 0.23675
-2.0746 1.7459
0.35234 0.69835
2.0966 -1.0704
-0.63435 0.81424
1.905 0.29317
1.5382 -1.7927
0.25154 -0.34062
-0.56167 0.45563
1.5829 -0.58068
-0.59388 2.2475
1.3985 0.060535
-2.1739 -0.17327
-1.0746 -0.23071
0.67532 -1.3591
0.44362 -0.90198
-0.1016 1.9175
0.63512 -0.0034299
2.1685 -1.2243
1.0443 1.3399
1.62 -1.1965
-0.2006 0.29777
1.7049 -1.5374
-1.052 0.51749
0.92438 -0.33687
-1.7961 -0.22706
2.0814 0.99158
1.057 1.9789
0.81974 -0.55781
-1.5885 1.7784
-0.33903 1.4685
-0.77784 0.80929
-1.1669 -1.1671
0.082602 1.8619
-1.2769 0.86138
-1.8313 2.1917
-1.1069 0.19173
2.1128 -0.62894
-0.30447 0.19341
-1.8886 -1.3292
-0.3601 -1.0677
1.5728 1.7787
-2.2329 1.7892
-1.1032 -0.38171
-0.71981 -0.67423
0.15413 -1.3356
-1.1989 1.9473
0.80074 2.2494
1.2857 1.0183
-2.2138 -1.6785
-1.4183 1.3098
-0.36424 -1.5353
0.2131 -1.1846
0.95293 -1.6959
0.69938 0.083267
-1.257 2.0148
0.82855 -2.019
-1.6319 1.4834
-1.6346 0.2938
-0.17557 -1.0375
-2.1695 -1.7755
-2.2414 -1.8453
-0.62822 -1.0363
-1.252 0.30519
-1.7083 0.99635
1.9124 -0.24037
1.1317 1.9015
-2.1078 0.10294
1.4368 1.5879
0.43307 2.1736
0.47106 -0.09242
1.2745 -1.475
-1.1662 1.9628
0.81413 0.14467
0.42002 2.2483
-1.5902 0.53303
-0.95573 -1.003
0.13831 0.10718
0.24833 -0.63597
-1.436 1.597
-0.061695 0.56081
-0.42762 1.1488
-0.37619 2.0195
-0.84168 -1.6261
2.0676 0.57699
-0.73259 -0.15755
-1.6344 -1.1792
0.70442 1.1612
1.122 1.0008
-0.54416 -2.0735
2.0389 0.86337
-0.30949 0.57241
-1.6214 1.9107
0.99589 -1.0782
-1.259 0.6409
-1.0525 0.93298
0.9246 1.4392
0.36487 -1.1481
0.11516 1.3812
0.50415 -0.56504
2.0403 -0.24159
1.3958 0.43902
-1.4918 0.17321
0.41311 0.89584
1.7413 -1.2381
0.38369 0.86739
-0.51486 -1.2519
-0.76783 -2.042
1.7807 0.99154
1.995 0.054079
-1.4231 1.8789
1.9436 1.5249
-1.7344 -0.954
-1.0214 0.37683
1.4257 -1.3722
1.4139 1.7915
-2.1105 1.0707
-1.5426 -0.64243
-1.3489 -0.53298
-0.62897 1.708
-0.63062 -1.0331
0.32385 -0.69042
-0.141 -1.7697
0.98601 -1.5673
-0.02865 1.2282
-1.2475 1.2673
-2.1438 0.52326
-2.1302 0.33911
-2.1423 1.387
1.9176 1.4184
1.9496 -0.79696
2.0154 1.2408
1.29 1.658
1.1276 -0.19399
1.7503 1.2964
2.0508 2.0803
1.1057 -0.09295
2.1091 -0.44197
-0.18533 1.6187
-1.1201 0.99943
-1.7403 1.0614
0.40633 -1.4109
0.048628 0.16525
0.16534 1.3773
0.59749 -1.0719
1.6286 1.3374
-0.96593 0.3764
-1.6858 -0.57306
-0.25089 0.32114
1.1156 0.59763
-1.8589 0.95189
-1.2849 -1.5861
-1.3182 0.40852
0.12258 0.98968
-0.34296 0.18341
-1.6821 0.24881
1.8716 -0.094239
0.12028 0.55844
1.3776 -0.50735
0.86937 0.84913
0.20115 -0.58247
0.62312 1.0608
-0.62844 1.9471
1.2399 -0.065438
1.207 0.36551
0.42666 0.21393
-0.58266 -1.4888
1.3046 -1.2756
0.62509 -1.0136
0.94305 -0.26576
1.2116 2.2133
1.7441 -0.060208
-1.3626 -1.0941
-1.329 0.82257
0.24436 -0.96286
1.9275 0.65807
1.7923 0.97573
1.8198 -0.80966
-2.0162 -1.084
-1.4397 1.97
-0.041778 1.8068
1.3789 -0.77809
-0.21881 -1.4925
2.1644 -1.7824
1.9791 0.44205
2.0578 1.7052
-1.9238 0.7342
1.5724 1.7576
-1.4684 1.2082
-1.4309 -0.21824
1.2897 -0.47388
-1.05 -0.080182
-1.146 1.4418
0.36191 1.4674
-0.57153 0.11833
-1.0681 2.0618
-0.12797 1.4332
-1.3311 0.57011
1.2184 1.7884
0.72433 2.1604
1.5296 0.028976
1.9661 2.2304
-1.2482 0.98318
1.9817 0.59276
-2.0614 -0.23497
1.4794 -0.010914
0.23338 -1.0689
1.0015 1.5941
-0.11053 -0.11679
0.16933 2.0029
0.4752 2.2204
0.40651 0.33043
0.036815 0.25056
-1.2993 2.0831
0.59389 -0.80307
-1.7559 -0.48621
-1.2886 0.41789
-1.5797 1.163
-0.5362 1.5451
-1.8183 1.9124
-0.89305 -0.74032
1.3866 -2.0152
1.4227 -0.11766
-0.25317 1.0302
-1.1594 -0.14565
-2.1767 -2.0127
1.9963 -0.80133
-0.34613 0.66731
-1.2931 0.40714
-0.95564 2.0974
1.6278 -1.932
-0.5841 1.9036
-1.9312 -0.96401
-2.223 -0.18274
-2.2108 -0.66323
1.6747 -0.95138
-0.8594 -1.6272
1.1203 0.65087
0.13503 -1.2217
1.6996 -0.34223
1.4819 0.37698
0.36704 0.69889
-0.37461 -1.1129
-0.90684 1.2086
-0.72383 -0.46929
-1.1124 0.98285
-0.16263 -1.2421
-1.2749 1.8902
2.1923 1.3744
0.5388 -1.4537
1.7379 -0.034297
-0.63447 -0.50969
-1.0696 -2.0712
-0.6964 -0.56735
-0.84794 -0.20955
0.079771 2.2236
2.0474 1.051
-0.59529 1.5678
-1.5226 -0.55238
-0.08299 -0.44716
0.27082 -0.93529
0.30148 -1.3555
1.1363 0.99061
-1.4105 2.0686
0.0054135 -1.342
0.67299 -0.43499
0.10278 -1.6124
-0.35418 -0.55504
-1.8123 -0.30759
-0.43239 0.37262
2.2109 -1.7181
2.1506 -0.6723
0.7833 0.35543
0.29515 1.6471
-0.44092 0.70368
1.0449 -0.96752
0.38824 -0.19409
1.1006 2.1119
0.15032 0.13837
1.4715 -0.67611
-0.41285 1.6636
1.3252 -1.6071
-1.7557 0.24531
1.7146 -0.0057661
1.4051 0.026162
0.2891 -2.1169
-0.44256 -0.93796
-1.7364 0.26806
-2.072 2.2336
1.0284 1.0538
-1.3265 2.0505
0.62882 2.2423
-1.1508 0.44179
-0.4007 -1.5315
1.5611 -0.11932
1.9762 1.238
1.055 -1.2033
1.9038 0.29104
0.14563 1.284
-0.75617 0.16997
-1.1831 0.24796
-0.27383 -0.99602
0.81867 -0.77421
0.13209 1.1527
0.58723 0.63543
-0.98857 -0.55865
-1.1862 1.3483
0.010653 1.903
0.022381 -0.052464
-1.0715 -0.93267
-0.32914 -0.37568
1.394 -0.52828
-0.66407 -1.013
0.043341 1.1979
1.5076 -0.97433
-1.5284 -0.21843
-0.74367 1.2621
0.14962 1.8244
-0.35745 -1.1253
1.868 2.2314
-1.3234 0.10945
0.65275 1.3464
0.2532 -1.2156
1.8522 1.464
-2.0227 0.18702
1.9704 -1.0862
0.59694 0.98608
1.6713 1.0385
-2.1223 2.1948
-0.19789 -1.5929
-0.19106 0.58333
-1.5692 2.2035
-1.0104 1.1513
0.42 0.82391
-1.2323 -0.064359
-0.44426 2.1628
-2.1197 1.5459
1.9261 1.1844
1.3454 0.96417
0.85763 0.41673
-0.99054 -0.19317
-0.61501 -0.6618
-0.060936 0.18351
1.5648 -1.8997
-0.73755 -0.91195
2.0234 -0.50496
1.6581 0.68188
-0.99904 0.74075
-2.0883 2.0799
0.098964 -1.2878
-1.6955 -0.9895
-2.2134 2.008
1.7917 0.15041
0.532 0.4926
-0.48674 -0.45197
1.5477 -0.5064
1.8847 -0.24375
0.78346 -0.089356
1.7529 -1.6029
1.2906 -1.4014
2.1346 1.9796
1.1653 1.2011
-0.94844 -1.4038
-1.9815 -1.0819
-1.6785 -1.0474
1.4904 1.7669
1.461 2.0071
0.41659 -0.94895
-0.87957 0.82779
2.0059 1.5414
1.5078 -1.7357
2.1158 0.73457
0.57876 1.6305
2.1672 0.18593
-2.1867 -1.4664
-1.0907 1.5426
-1.7327 -0.054764
1.3795 -0.54156
-1.6038 0.31459
0.22342 1.3809
-1.3706 0.47242
-0.32372 1.7751
0.29324 1.5168
1.619 0.68257
0.4429 1.8451
-0.040427 0.88278
0.26426 0.78869
1.8955 -0.46631
-0.43587 1.7947
-0.45397 0.81299
1.1745 -0.14934
0.43609 -1.9637
-0.92503 -1.8857
-0.1144 1.7513
-0.19542 -1.7615
1.0447 0.18592
-1.2936 -0.48172
-0.63778 -0.70021
-1.1735 -1.0695
2.0641 0.46214
-2.1826 -0.27244
-1.6565 0.63349
1.8924 2.0666
0.019174 -0.76967
-1.3435 0.161
0.59 -1.4687
0.53558 -0.61321
1.4483 -1.5617
-1.1664 0.78706
0.9147 1.9307
-1.426 -1.4519
-1.3459 1.644
0.3246 -0.24515
-0.22982 -0.42601
1.7185 1.6803
-0.67073 1.5912
1.1401 -0.12874
-0.23912 -1.5972
-1.8539 2.0873
2.0293 -1.636
-0.71993 0.96754
-2.1524 1.531
-1.1416 -0.60904
1.0078 1.8362
-1.6534 -0.30055
-1.6928 1.3334
0.26292 1.3377
0.65135 -1.6332
-0.67331 -0.44271
-1.0153 0.23077
-0.57758 -1.2851
-0.75281 -0.20623
0.50733 -1.7848
-0.71306 1.642
-1.779 -0.30777
0.71404 -0.78704
-0.012936 1.6325
-0.39104 -0.53464
1.6191 -0.17598
1.007 -0.2606
-2.0962 -1.8133
0.63542 1.6455
-1.3078 1.986
-0.89832 -0.12812
0.4088 0.28985
-1.8078 -1.472
-0.32151 -2.0618
-0.65626 0.15435
1.8519 -1.9905
0.70084 0.6725
0.78895 1.3846
1.3874 0.26118
-1.374 1.1243
-0.53755 1.9431
0.49167 0.0080254
-0.63712 -1.926
0.91085 2.2436
0.55395 0.041544
-1.4822 -1.7621
1.7564 -0.90016
-0.58735 0.45753
-1.7231 0.9665
-0.24599 1.4321
0.67824 -1.6344
1.9588 0.29749
0.26055 -0.25757
-2.1744 1.2671
-0.33213 2.2226
0.68928 -0.019645
-2.1035 -1.3505
-0.69233 -0.25603
0.25353 1.6203
1.4222 -0.81348
0.0011034 -1.9786
-1.0942 0.82505
1.6594 -0.3054
0.59564 1.8085
-0.31917 -0.91765
0.080387 0.82563
1.8968 2.1615
-1.3335 1.9006
0.42071 -1.0647
2.0248 1.6803
0.39684 -0.062477
2.1942 1.7336
1.2342 -1.1693
0.85411 1.1686
-0.14243 -1.2033
-1.9942 0.66969
-0.41159 0.30701
1.4095 -0.5266
-1.0788 1.3693
0.23211 1.8709
-0.33888 0.58913
1.8114 -0.26598
0.38492 2.1611
-1.0624 -0.39354
1.8258 0.73757
-0.6815 -1.1818
-0.87325 -0.4145
1.8636 -0.8308
-0.77468 -0.0094759
0.84078 -0.94373
1.1017 1.6163
-0.47376 0.64929
-0.047609 -1.4185
0.52416 -0.4845
-1.2758 0.23278
-0.36298 0.9727
-1.0385 0.46367
1.7914 0.49579
-0.46088 -0.097255
0.54197 2.0122
-2.1485 -0.58092
1.5683 1.9599
0.58364 0.26198
-1.7367 -0.60611
-0.96172 -0.14431
1.713 -1.6647
-1.9962 -1.3859
0.12493 0.23319
-0.92404 0.5866
-2.2377 1.7177
1.8936 -0.1409
-2.1631 0.2714
0.092432 1.6417
-1.1496 -0.78727
-0.50458 0.92312
-0.68923 -0.47572
1.8196 0.42195
-0.96912 1.0935
-0.35522 -1.0533
0.65116 0.96851
2.1908 -2.1042
1.0758 0.38152
0.30456 2.1631
-1.1799 -0.55679
1.9262 0.36723
-0.46203 -1.1781
1.5073 0.038766
2.1295 0.10665
1.3838 -0.4188
0.0094019 -1.9085
-1.4644 0.18744
-0.29207 -0.044572
-1.5608 0.31192
-0.41282 -1.7414
0.93493 1.4533
-0.70241 0.87908
1.7489 -0.52829
-0.078991 2.2001
1.3509 0.74593
0.76847 2.1458
-0.79892 1.3606
-1.5086 1.4145
1.6156 -0.95755
0.30336 1.0565
2.2284 0.9695
1.0487 1.1469
-0.55648 -1.3623
-1.2275 -0.59737
-0.17429 0.59522
-0.1551 -1.3072
-0.49136 -0.76882
1.4536 -1.5631
2.1614 0.98457
-0.9564 1.8595
-0.85432 0.32684
-0.026232 -0.71195
-2.0203 1.026
1.9854 -0.42516
1.2098 0.82666
-1.9728 0.48522
-1.8111 0.6325
1.4822 -1.0918
-1.74 -1.8372
-0.76122 1.2171
1.8778 -1.3365
-2.1878 0.69223
0.036261 -0.059675
-1.7222 -0.4084
-1.2119 -1.5862
-1.7413 2.0275
2.0164 -0.53144
-1.2833 1.891
1.335 -1.2335
-2.0477 2.1099
0.7088 1.5215
-0.99244 1.3112
1.4892 0.26239
0.45778 2.2382
-2.2495 -2.1637
-1.5541 1.4738
0.47485 0.35467
-0.82243 -0.33344
-0.38177 -1.3129
-0.61818 1.7238
-1.4585 -0.97539
-1.3992 1.0926
2.027 -0.95889
-0.30856 1.0596
0.71726 -1.3847
0.69394 0.98456
-0.091945 0.3992
-1.2665 0.29821
-0.76342 0.57473
0.58144 -1.2053
-1.1214 -0.7493
0.95936 0.018063
-0.23153 -1.4596
-1.9436 -0.40643
-1.5577 -1.5862
1.0608 -1.1355
-0.2331 2.0762
-0.035634 -1.6415
-0.021213 0.29896
0.63966 1.1024
1.8587 -0.086125
-1.2269 1.9207
-1.5733 1.6844
-1.5962 -0.65514
0.37671 -0.74454
-0.72973 1.3311
0.81442 0.65078
-0.67009 0.29862
0.44555 1.35
-1.5991 0.33185
-1.059 -1.0469
1.8638 2.1116
1.6996 1.7201
-1.1492 1.4377
0.63922 0.80399
-1.3371 2.0548
-0.46851 0.15494
-0.2188 1.1895
0.72607 1.9702
2.1438 -0.36753
-1.6744 1.3299
1.1384 -0.3202
1.6352 -1.5574
0.331 1.1645
-0.13084 -0.31524
1.7166 0.53881
2.1502 -0.50303
0.99315 0.7896
1.4425 1.9896
0.54239 -0.4401
1.7278 1.7586
-1.8322 1.92
0.72906 -0.42267
-0.37647 -1.5513
-0.17178 -0.42389
-2.1158 0.029508
0.29185 0.49542
0.46565 1.3183
1.5596 -0.16371
-2.0975 1.0137
-1.9396 1.5826
-1.021 1.8017
1.1372 -1.3958
-1.0384 1.568
0.91006 0.80144
-0.93592 -0.10727
1.6704 2.0502
-0.92557 1.1289
2.0372 0.45294
1.5894 1.3925
1.7303 -1.7522
-0.059773 -0.67365
0.44539 -0.88666
-2.1834 -1.3342
1.0829 -0.0049545
-1.7431 -0.61732
0.19643 1.3489
1.2495 -0.87835
-1.7234 1.586
1.8491 -0.1138
-0.47918 -0.41426
1.2831 1.9299
1.8645 -0.58133
1.3063 0.14508
-1.9653 1.0675
-0.76512 0.84694
-1.6055 -1.1926
1.6448 1.7191
0.10031 0.47235
0.72865 1.2775
1.0026 0.77888
1.4824 -1.3372
1.5466 1.2283
0.13684 1.6012
-1.3812 -1.7014
1.4056 -1.7855
-1.0261 2.0507
1.14 1.9075
2.0045 2.0702
1.8044 -0.83053
-1.1667 1.894
-1.2652 0.9466
-0.1654 -0.89766
-0.095795 2.0353
1.4992 -0.14299
1.5783 1.0008
-0.2022 -0.80045
0.13247 -0.55019
2.2289 -0.006581
0.71773 -0.63161
0.94985 2.0957
-1.0491 2.1503
0.78053 1.4821
0.54184 -2.1261
0.39419 -1.8721
1.8199 1.6943
1.0832 1.8044
-0.97226 1.7112
-0.65107 -1.6833
-0.095811 0.47038
-1.6594 -0.82037
-0.20745 1.3426
1.0192 1.4943
1.7293 2.1889
1.0205 1.0683
-2.044 0.53998
0.85118 -1.4368
-0.094834 0.67934
0.56934 1.0623
-0.82949 -1.4767
-1.2668 0.35561
1.0921 -1.5421
-0.93074 1.8035
-1.8881 0.5199
-0.15226 -0.65053
0.53167 1.7084
-0.12879 0.9519
-0.89224 1.4108
0.70473 1.6514
-0.77859 -1.7826
0.33232 -0.58116
0.077923 0.82603
1.5045 1.0647
0.44591 2.162
1.6926 -1.6253
1.7484 -0.62595
1.3512 -0.19095
-1.176 -1.7189
-0.4411 1.8755
-1.882 1.9107
-2.1417 1.5945
-0.16835 -0.64785
-1.5676 -0.64628
-1.9965 -0.9375
2.0248 1.152
-1.3917 1.9286
1.1386 -1.6137
-0.10144 -1.9619
1.8247 -0.79661
1.9561 -0.90962
0.93559 -0.79826
-1.6453 -0.043298
-0.21907 -1.1406
1.0767 -0.65533
2.0006 -0.89954
-0.20325 -0.32664
1.1809 -1.8762
-1.3329 2.0423
0.33802 -0.44817
-0.73225 1.848
1.3062 -0.52008
-0.85039 -1.3369
-1.0605 -1.1608
0.093027 -0.22192
0.591 0.1588
-0.83461 -0.8579
-1.8527 -1.8057
1.2526 -0.54827
0.28348 -1.8255
0.51605 0.82149
1.7247 -0.47662
1.7939 -0.70615
2.2292 -0.91648
-0.037051 1.6366
0.93315 0.27391
-0.78915 0.32559
0.035638 -0.70029
-0.46919 1.3249
0.97283 0.45749
1.2952 -0.55999
1.1643 -1.5976
-0.067913 0.025653
-1.3686 -1.2595
-0.34162 1.2401
-1.2589 1.7573
2.1888 -0.028934
-0.69258 1.4476
-0.61908 1.1338
0.20739 -1.1296
0.34004 -1.6635
1.1122 -1.7767
-0.55622 1.3128
1.5342 0.47189
0.82371 -0.0050421
0.96752 -0.256
-1.8876 -0.015981
-1.086 -1.2411
0.24762 0.014585
-0.84212 -0.56237
-1.7536 -0.38504
-0.38114 2.0154
1.6868 -0.89125
1.0375 1.4012
1.3465 0.90809
0.39881 1.7473
1.8377 1.7837
0.017956 0.39511
-0.65016 -1.559
1.5809 1.3598
-1.298 -0.42318
-1.2592 0.49272
-1.1872 2.0037
-1.9981 -0.60954
-1.3042 -0.9869
-0.90703 1.9097
-0.38898 1.6596
-0.093144 1.8602
1.0913 -1.0957
2.2462 1.139
-0.71403 1.8205
-1.8357 -0.55866
1.2756 -1.1242
-1.1608 1.5434
0.85597 0.89406
0.39404 1.1139
0.37469 -1.1426
-1.2966 -1.0672
0.90517 -0.083041
-1.76 1.637
1.5692 -0.5706
2.1233 1.11
-0.41935 -0.87077
-0.71745 0.93498
-0.11346 1.0817
0.16136 0.35724
2.0915 0.89156
1.8178 0.12543
1.4866 0.76045
-1.3017 0.11738
-1.0609 0.13676
1.542 -1.4224
-0.53222 -1.299
0.70775 -1.4582
1.7718 0.84097
-1.4771 1.5521
-1.5791 1.1352
2.0175 -1.0702
0.6631 0.22476
1.4189 1.2011
-0.24173 0.54851
0.53271 -1.0046
-0.96434 -0.92672
2.1837 -1.4784
1.0155 -0.67708
-0.91424 -1.5717
-0.92125 0.75455
1.5024 -0.26807
1.6953 1.3862
-0.17918 -0.996
0.50959 -1.7033
1.0267 -0.26776
-1.6831 2.2115
0.94705 1.7855
2.0185 -1.0424
1.926 -0.89423
-0.97293 0.40321
-0.19328 1.0324
0.14829 1.8862
-1.7713 -0.61749
0.63444 1.5191
-0.41056 -1.8207
1.1828 1.7926
1.5633 1.5238
-0.11151 -1.7723
-1.6948 0.33148
1.7331 0.92603
-2.1929 1.4212
1.5915 0.26992
0.78969 -0.41493
2.2067 -1.2492
-1.5208 -0.46047
0.29052 -0.036054
1.3427 2.0646
0.75957 0.44555
1.4808 1.1746
-1.4704 0.66194
2.048 -1.1877
-0.90295 0.09643
1.2666 2.2208
-0.73445 -0.6021
-1.5561 -1.6924
-0.47589 1.4479
-0.78679 2.185
0.43125 1.9817
-1.4355 0.7627
1.2759 -1.8291
1.1628 -0.038122
0.30177 2.0936
-0.06062 -0.0085583
1.7348 0.35989
2.2362 1.2408
-1.2505 1.6396
1.8392 -0.84453
1.9582 1.5957
1.3812 0.95996
1.7699 0.36909
0.25729 -0.20884
1.2227 -0.89452
-0.6446 -0.85558
0.92161 0.39846
1.6725 1.0018
-0.23675 -0.15525
1.6716 0.56674
-0.045219 -1.7266
-1.97 0.32945
-1.5785 -0.32694
1.3257 0.75054
1.6498 1.6541
-0.47755 -1.1373
0.90798 -0.2571
-2.1884 -1.5678
-1.6778 -2.0512
-1.2378 0.82375
-1.0479 -0.46895
-1.675 -0.41716
1.1244 -1.2396
-0.36362 1.5439
1.9181 1.7444
-1.7001 -0.20529
-1.0833 -1.6989
0.88157 -0.8431
-0.25732 1.294
1.2912 1.0106
-1.0644 1.2973
-0.48119 2.0562
1.0893 -0.70497
-1.5941 1.3155
1.2292 0.00089431
0.87321 2.1605
-1.7709 1.5744
-0.52543 -1.9936
1.261 -1.0121
1.8343 1.8968
-1.181 1.7485
-0.81571 -0.85046
-0.19364 0.17701
-1.6552 -0.11418
-0.61669 2.1249
0.28541 -0.86571
-0.0054252 -0.033413
-0.22292 0.69852
-0.76985 0.12725
0.11662 -0.016918
0.77869 0.6416
1.3546 1.7642
-0.87977 2.1108
-1.4563 0.37761
1.462 -1.7061
2.0133 -0.14828
0.93966 -0.0059131
-0.099622 -1.8089
0.96663 1.1172
-1.6945 0.727
-1.1127 0.19778
-0.44322 -0.93252
0.79475 1.0526
1.5313 1.1331
-0.98889 2.1476
0.13103 0.22803
-0.23693 -0.94313
2.1063 -1.0632
1.5733 -1.0277
-1.2636 0.91517
-0.056662 -2.1597
-0.84665 -1.6899
-0.38878 -2.083
-0.29105 1.9118
0.99338 -0.49048
0.48098 0.25443
1.6834 -0.045804
-1.5179 1.8774
0.25924 -1.3876
-0.33172 0.096337
1.3162 2.1624
-0.25429 -0.80553
0.026316 1.6082
1.4417 2.058
1.9948 -0.27721
-1.0778 -1.1334
-0.6819 1.4662
1.7604 -0.17035
-1.5119 -0.63506
1.1227 0.91757
-0.54552 -0.58716
1.3798 -1.824
0.38479 1.1571
-0.8867 -0.52821
-1.4723 1.3045
1.776 1.6082
1.8805 1.1764
0.050486 1.5243
-1.6062 1.9888
1.418 -1.3952
-2.1657 -0.3672
-0.90187 1.7799
0.30754 0.87431
-0.40772 -1.4852
2.2158 -1.4734
0.33919 1.0209
-0.1707 0.86978
1.3112 0.42623
-0.93484 -1.2395
-0.45477 2.0788
-1.5703 -1.5687
0.98577 -0.2592
1.1872 0.886
-0.43351 -0.30124
-1.3173 -1.3656
-0.10133 1.116
-0.1759 1.1571
1.1749 -1.2746
1.9672 0.39047
-1.3556 0.33665
-0.85322 -0.44195
1.657 2.1184
-1.2181 -1.076
1.4108 2.1379
-0.99814 -1.8184
0.19496 -1.1256
-1.8433 1.1209
-1.7212 1.8196
0.03901 1.324
0.12269 1.5864
0.073671 0.062931
1.6475 0.55734
1.4025 -0.33915
-1.9944 -1.569
1.4303 1.6792
-1.0255 0.9778
1.6654 -0.071773
-0.92532 0.60576
-0.048863 1.4006
-1.585 1.4838
1.3962 1.0283
0.97254 2.2407
1.4614 1.4394
-0.15244 0.19456
-0.23755 -0.1564
-0.1472 0.19589
0.43821 1.1347
0.94498 -0.33068
1.6805 -0.4392
-0.22545 1.9054
1.9043 1.3118
-2.0821 -1.2312
1.1409 1.1109
-0.046039 1.8132
1.9552 1.8589
-1.3059 -0.87248
0.72515 -2.0218
1.3729 0.51977
0.83639 1.5997
1.4704 -0.12182
-0.11362 0.59813
-1.5845 1.9294
1.3576 -0.80464
0.29657 -0.047288
-0.87114 1.4052
1.9535 1.6427
-1.4575 1.6293
0.85865 1.0932
1.1433 2.0435
0.76697 -0.30154
-0.57627 0.69779
0.34846 1.7629
-1.3941 0.86208
-0.452 -0.47546
-0.66941 -1.0568
0.35009 1.8683
-0.21582 0.69941
-1.5142 -0.62112
-0.92134 -0.069868
1.6129 1.9195
0.28256 0.9788
0.92484 0.097689
-2.2046 -0.31077
-0.53225 -0.50606
0.0063502 1.0907
-2.0943 -0.89017
1.5611 1.9023
-2.2366 -0.23022
1.4357 1.0289
-1.2669 0.55847
1.6756 -1.6695
2.0025 -1.7496
1.1675 0.27937
-0.66359 0.79946
1.2122 0.61153
1.084 -0.68285
0.15526 1.9022
0.75462 1.0485
-2.0355 -2.1522
-2.2333 1.6639
1.4811 -0.38056
-1.3484 -1.8628
-1.04 -0.56909
1.6764 1.174
-0.58229 -1.6936
-0.28974 -0.54641
-2.0799 1.2089
0.88774 1.7843
1.721 -0.35276
-2.0084 -1.1888
-0.60526 -1.9723
-2.1131 0.22379
-0.012791 1.3481
1.2448 0.043135
0.43205 1.1414
-0.61925 1.9372
0.93438 1.7052
0.17244 1.022
1.1805 -1.1997
0.84767 0.84024
0.17384 -0.6504
-0.87958 -1.0387
0.77593 -0.45519
-1.9236 -0.17829
0.53901 1.472
0.73262 0.72015
-0.3343 1.7114
-1.1797 -1.0241
-1.5405 -0.86979
-0.99207 1.7543
-1.3065 0.37499
0.12949 -1.275
0.45819 1.444
0.98974 -1.2109
-1.6586 -1.9897
0.77554 1.65
1.7701 1.0293
2.1955 0.40042
-1.1234 0.55152
1.6203 0.52139
2.1734 -0.92565
-2.1542 0.85956
0.69035 1.4881
-0.80224 1.749
2.0566 1.8356
0.57432 -0.84878
-1.2409 1.9005
-0.085921 -1.2225
1.7331 -0.1038
1.1216 1.7346
-0.50636 1.7739
-0.33224 0.50759
2.0577 1.3772
-0.27736 -0.59851
0.48709 2.1979
0.84041 -0.29544
1.8513 0.76491
-1.2932 -1.3335
-2.2063 1.3357
0.52006 -0.16801
-1.9343 -0.66338
-0.48375 -1.0762
1.7872 -0.92887
-0.91891 -0.41759
-1.6514 1.1256
1.0618 1.1804
1.0267 1.584
-0.76268 -1.2515
0.83007 0.6646
0.062325 -1.0915
-0.015507 -1.4768
-1.8723 -0.054339
-2.128 -0.2479
-1.0234 0.22282
0.062035 -0.58465
-0.91209 -0.08003
1.0518 0.40481
2.2465 0.41785
1.1557 0.83196
0.21072 -0.66587
0.11006 -1.579
-0.51966 1.1718
1.2715 0.99184
0.683 1.5719
0.12328 1.4435
1.201 -1.4274
-0.69275 -1.1377
2.2256 1.3636
-1.2989 -0.11071
1.8619 1.2552
1.2906 0.88959
-0.060865 0.94181
-1.8876 0.12989
2.122 -1.7609
-0.65781 -0.22668
0.75248 0.70896
-0.97984 0.77642
-0.55201 1.1638
0.2865 -0.12842
0.16402 2.0741
-1.1961 1.1191
0.96352 0.17367
-0.69204 -0.43942
-0.17256 0.7951
0.84765 0.36691
-0.034542 2.247
2.2233 -1.3219
1.8488 -0.13476
1.0209 0.26687
1.3171 -0.76393
-1.4049 -0.046886
-1.6168 1.2495
-0.61335 -0.46011
-0.97682 -0.94857
0.53592 1.5906
-0.81328 1.7336
-0.11037 -1.3438
0.34083 -1.0779
-1.5775 -1.488
1.7952 0.85371
-2.0834 -1.5151
0.40694 1.4865
1.686 1.8408
-0.86279 -0.30527
2.1744 1.1202
1.743 -1.6769
-1.8313 0.6464
-1.2186 1.6234
2.0799 0.59693
1.3234 1.7613
0.87287 0.88057
1.6996 0.84808
-2.1502 -2.1251
-0.8795 -1.7206
1.2795 1.6802
1.9248 -1.0609
-1.6888 -0.83396
-0.21305 0.80883
-2.2243 -1.5448
-1.4475 -0.89404
1.6915 0.43226
-1.7842 -0.24586
-1.9966 -0.51736
1.8927 -0.2259
1.7945 -1.2632
0.29482 1.1362
-2.228 0.35996
0.80614 -1.6648
0.45737 0.80468
-1.3635 1.0073
0.0084266 -1.5103
-0.12222 -1.6377
-0.054564 0.70721
0.36355 0.26529
-1.818 1.9362
-1.4587 -1.3812
-1.5435 0.48116
-0.83351 0.029271
-1.2062 -0.4929
1.5409 1.9041
-0.9898 2.2432
1.4234 -1.1092
-0.992 -0.44888
-0.80251 -0.017668
-1.034 -1.4237
-0.86781 0.53542
1.4794 1.6064
-1.2282 2.2454
-1.5628 -0.0096278
-2.0673 0.41349
1.2095 1.8421
-1.9003 -0.86314
2.0052 0.33292
-0.55141 0.16223
1.1607 1.8026
0.24345 -0.8027
-0.20926 1.5577
1.8155 0.59679
-1.2758 -0.26064
0.64203 1.4438
0.75717 1.5991
0.94703 -0.74798
-0.79903 -1.9167
1.1925 0.51969
-2.0944 -0.68226
0.1923 -0.069111
0.20559 0.93698
0.41655 1.0134
0.58428 -0.60399
2.0085 -0.97749
-1.8574 -0.058255
0.35512 -0.99263
-1.5853 -0.57551
-0.33587 0.15149
1.3518 0.73877
-0.26285 0.017804
-0.77749 0.60025
1.8435 -1.4887
1.936 -0.94259
1.3784 -0.39162
1.233 1.8816
1.1534 0.0013467
0.11568 1.3363
-0.83741 -1.2203
1.7523 1.8194
-2.2504 -1.5906
-1.4524 0.45798
1.6775 -0.16493
-1.8204 0.91256
-0.0038109 1.4925
2.0028 1.6893
0.13071 0.31723
-2.0128 0.034602
1.5433 -1.1004
-0.087491 1.2368
2.0563 0.32035
1.085 -0.60831
0.97859 -1.424
1.6108 -1.2009
0.051019 1.8813
1.5466 0.15337
-0.91682 1.0686
-1.6602 0.92421
-0.96709 -1.1545
-0.44664 -1.2593
-1.9335 -0.83499
1.2096 2.0763
0.57189 1.3668
-0.65161 0.97096
-0.021168 1.8641
1.7519 0.49273
2.0394 -0.44003
-1.1547 2.2225
-1.8528 0.0032406
0.62786 1.2207
0.69111 1.2755
-2.0879 1.7076
0.15437 0.95564
-0.33978 -0.33065
1.6782 -0.52814
1.4145 2.1178
1.9232 1.4378
-0.56064 0.83583
-0.51712 -0.66717
-1.9027 -1.6459
-1.4942 -1.9483
-1.1 1.2116
0.030879 0.2614
-0.92494 -0.051027
1.6494 1.7167
-1.344 2.1336
-0.20984 -0.86763
-1.8044 -0.85843
-1.0054 0.24989
-0.11547 1.6171
1.617 -1.0875
1.3435 1.2055
-0.79442 -0.92808
1.7799 -0.58576
1.1964 -0.95994
-0.69555 -1.6901
0.60103 -0.25102
1.1216 1.4694
1.68 -1.9928
0.25632 1.6245
0.58246 1.1619
1.8226 -0.11936
0.4633 0.42844
-0.07675 1.0368
-0.80935 -1.6209
-1.7739 0.68154
-2.1951 0.37057
-0.46909 -1.0951
-0.037494 1.5219
0.47307 2.0089
-0.075438 0.76168
-2.2225 -1.3311
0.09766 -0.23289
-0.31759 -0.42991
-0.038292 1.016
-0.80519 0.66883
-2.157 1.6899
-1.2279 0.80131
-2.1103 1.1719
-0.85725 -1.221
1.7044 1.779
0.3208 1.7845
-1.3019 2.0269
0.62947 0.72934
1.2941 -1.5265
2.1483 1.2852
1.2755 -1.0671
1.3977 1.2028
1.4264 -1.6812
-2.1262 0.30413
-0.91093 1.5101
-1.9166 -2.1047
-1.254 0.058893
0.11076 -0.17585
-1.6625 -1.2736
1.8035 1.5424
-0.74245 -0.7533
-1.5567 -1.0271
-1.5085 0.63118
0.24044 -1.8676
0.74127 1.2774
1.1722 1.4474
-0.27671 1.601
1.1007 0.71271
0.054184 -0.95107
0.82532 -0.56394
-0.38956 2.1783
-2.1148 0.95304
-0.09819 0.80847
-0.72047 1.4607
-1.7538 -0.077384
-0.040151 0.83492
2.0712 1.4309
1.3153 -0.3653
2.1098 1.0766
-0.25987 0.97182
-1.2799 1.0117
1.1121 1.3829
0.80898 1.4264
-2.2211 0.52611
0.50802 0.090847
-0.46218 -1.0333
0.64414 1.4041
1.6863 1.5769
1.0115 0.038184
-1.1903 2.1733
-2.0123 0.61937
-1.829 0.90634
1.5486 -0.84459
0.95045 1.7908
1.7569 -0.63854
-1.8708 1.2592
-1.4473 -0.54208
-0.4992 0.26099
-0.60155 2.005
-0.88583 -0.14475
0.35605 -0.59387
1.4049 1.6092
-1.4943 0.066867
-0.63704 -1.2811
-0.25167 1.1722
2.0403 2.0509
-1.584 0.61445
-1.0709 -1.1283
2.0692 0.34697
1.8903 -0.19658
1.5873 -1.4224
0.032173 2.1989
-0.64269 0.99999
-0.69516 0.887
-0.71083 -0.88339
-0.7418 0.79305
0.78431 -0.57912
-1.8568 0.0065156
-0.73809 -1.2426
2.2508 -0.52285
-1.4633 2.1191
-0.5872 0.40399
-2.1481 -1.2039
1.6447 1.4934
-1.4668 -1.6142
1.7836 0.26869
2.1529 -1.2102
-0.27998 0.71467
-1.3482 -0.93884
-1.8822 1.3047
-1.0219 -1.0013
-1.5542 0.091902
2.0063 2.2395
1.3269 -0.67598
0.63137 1.4547
1.3286 -0.39461
-0.84205 1.4848
2.1797 0.38989
-1.3979 0.21718
-0.091133 0.73041
-0.00063655 1.6983
2.0751 -0.092095
0.098833 1.9134
1.7456 -0.88367
0.32563 -0.23106
1.581 0.25459
-0.22899 0.36468
-0.82033 1.1211
-1.8311 -1.8805
-1.693 0.50312
-2.0254 1.3765
0.7859 0.154
2.22 1.9515
-1.7045 -0.95585
-0.20144 1.8066
-0.21471 -0.74789
1.5051 0.58525
-0.72657 2.086
-1.6616 0.90294
1.7287 1.4321
-1.7028 -1.2209
-0.062682 1.933
1.61 1.9697
0.93437 2.1244
0.28014 -1.0984
-0.33704 -1.1415
1.0316 1.989
0.56418 0.38911
-1.1518 0.4566
-1.5757 -0.559
-1.6735 1.5992
1.0354 0.97988
-1.1905 1.5215
-0.42072 0.94004
-0.69693 2.2009
1.1618 -0.26914
-0.021384 -0.83183
1.2896 -0.35038
1.7541 -1.2013
-0.79895 -0.53115
0.14412 -0.20914
-0.62791 1.2462
-0.81659 1.7507
-0.74977 -0.20109
1.853 2.0093
0.48895 -0.35466
0.092576 -1.3367
-0.80451 -0.59614
0.80655 -0.24579
-0.64822 0.11542
1.7654 0.92967
1.0128 0.7519
-1.7082 -0.2523
-0.97755 -0.96634
0.76242 1.2371
0.88972 -1.2455
-1.3525 2.0357
-1.5166 0.94583
1.0456 -1.0057
1.6151 0.44131
0.26169 -1.6099
-2.1082 0.3134
-0.23532 -0.69792
1.4639 -0.33851
2.1937 -1.6844
-0.2127 -1.6927
0.059734 1.8781
-1.7001 1.3273
-0.62285 0.86308
1.698 -0.29449
-2.0723 1.9163
1.6265 1.3492
0.51404 -1.4291
-1.4602 1.6014
2.1182 -0.61841
-0.20114 -1.4376
-0.83061 1.754
2.2258 -0.58555
-2.0204 1.2659
1.9612 -1.0745
-0.1218 0.42614
-2.2222 -0.89661
-0.87766 1.698
0.46577 -0.21656
-1.1554 2.1686
0.13639 1.9623
-1.8995 0.9332
1.5231 -0.087207
0.029188 -0.82241
-1.9267 1.4061
-0.6599 -1.0992
-0.41357 -1.2879
0.1072 -0.43722
-1.0689 -0.69027
-1.6374 -0.51086
1.0185 -1.6823
1.0228 -0.14434
-0.96724 0.26522
-2.0955 0.31256
-2.2315 -0.92609
1.5359 0.9997
1.0846 0.50707
-0.35006 -1.463
1.3115 -0.073513
0.77356 -1.9301
1.1949 1.653
-1.4154 0.12623
-2.2048 1.3552
-1.5601 0.18574
0.17256 -1.578
-1.3276 0.027139
1.2301 1.0188
-0.36096 1.8245
-1.6188 -1.6707
-1.735 -0.19047
0.83013 0.52385
-1.1223 -0.97846
-2.0308 0.26272
0.41292 -0.26798
1.539 -0.83936
1.9025 0.70563
1.187 0.72844
0.28306 1.1957
-0.4248 -0.77463
0.14141 -1.3671
0.22199 1.2142
-0.73259 0.89869
-0.31525 -1.9829
0.45301 -1.3234
0.061527 1.3956
-1.1483 -1.2407
-1.995 0.30639
0.46442 -1.4381
-0.13884 -1.0458
0.4043 -1.1657
-0.69798 0.51329
1.4471 2.1654
1.4165 1.718
-0.97178 -1.7387
-0.15859 1.3935
-1.6783 -0.42631
-0.92986 -1.7291
1.7989 -0.033073
1.0102 -1.2196
1.1745 -0.36462
-1.4183 -0.88192
1.318 1.4558
1.3811 1.751
-1.422 0.68582
0.20407 -0.081749
1.1947 -1.6795
1.4933 -0.21685
2.196 1.2693
-0.065102 -0.27485
-2.0973 1.2027
1.7912 -1.2697
-1.3915 -0.073965
-0.18885 -1.8995
1.1343 -1.8864
2.0114 1.8073
1.7016 -1.4714
0.25723 0.43049
-1.3419 0.38153
1.9857 -0.51215
-0.79504 -2.0933
0.78756 -0.77272
0.57096 -1.3546
0.62657 2.1736
1.9906 0.083658
0.82919 -0.38629
-1.8063 1.8074
0.90395 1.1326
-0.94604 2.1321
0.985 -1.2136
-1.6755 0.15424
-0.12072 0.75392
0.63067 -0.084134
2.1845 0.62533
-0.78631 2.0117
0.53871 -0.95655
-0.62235 1.2273
-1.3967 -1.5819
0.64421 -0.73161
-0.77691 0.66027
1.3975 1.7921
-1.5624 -0.37408
2.1467 -0.1356
-1.9287 -1.8356
-0.2764 0.8031
-1.4355 1.851
-1.1741 1.1511
0.72864 -0.48136
1.646 1.9164
-0.73657 -0.25577
-1.9061 1.6712
1.3578 0.41832
-1.2455 0.24574
-0.069848 -0.4392
-0.017283 -1.494
0.86068 0.59477
0.40607 -0.57238
0.30799 0.69235
1.962 -1.1784
0.50262 -1.075
-2.2486 1.8946
-0.75334 0.76756
2.1318 0.55898
1.8796 -1.332
0.15841 -0.17811
1.6541 -1.7658
0.39311 1.1995
1.4766 0.045649
-0.13981 0.2213
-1.212 -0.20369
-0.13385 0.77405
0.60241 -0.16357
1.419 1.5715
1.3303 0.53369
1.335 -1.6499
1.938 0.46119
-0.63363 1.069
-1.9601 0.83037
1.1965 1.8354
0.3092 -1.796
-0.13251 0.65009
0.40778 -0.15682
-1.9221 -0.45985
0.13845 -1.4379
0.39588 0.28124
-0.257 -0.56177
-1.1915 0.85736
-2.0265 1.1154
1.7505 2.1802
0.22848 0.74617
-0.65883 -2.079
-0.30636 1.9002
0.62003 1.7561
-0.30103 -1.1369
1.1502 0.9959
-0.71539 0.48362
-0.90989 1.0673
0.92876 2.2007
1.1238 0.434
0.99255 -1.366
1.6839 2.1821
0.55838 2.229
0.18082 1.5357
-0.9831 -0.32908
-0.029832 1.0027
-0.60343 -1.7268
1.967 1.8166
1.2036 0.059233
-1.4614 1.9757
-0.48391 1.5919
0.46684 0.081121
-0.74882 -1.3931
-0.18925 0.51666
1.3704 -0.80076
0.19303 1.8241
-0.83395 2.1912
-1.6011 -1.6933
0.61723 1.3885
0.98611 1.4248
-0.37643 1.8598
1.6788 0.061962
-1.5494 -2.0346
-0.77938 -1.4219
-1.0249 0.23599
0.25302 0.95502
-1.9767 -0.98007
1.2437 1.8516
1.0927 -0.96396
2.0033 2.1056
-0.93596 -0.77427
0.11333 2.1505
-1.7021 1.8076
-0.33718 -0.53317
-0.22669 -1.0053
-1.6172 0.22294
2.1824 1.3114
0.11226 -1.3286
-1.3362 -1.7556
-0.76768 -1.4376
-1.4311 -0.29388
0.22024 1.3535
0.60139 0.2764
-2.0027 1.8149
0.31466 1.4709
0.31028 -1.1735
1.5272 -0.26973
2.1709 1.8265
-0.98085 -0.87868
-0.084927 0.67819
-0.28235 0.46088
0.20305 -0.16105
0.45487 0.74818
-0.89901 1.6608
-0.60119 -1.23
0.6996 -0.75742
0.56183 -1.3531
-1.6944 -0.54047
-0.77675 2.2269
0.50307 0.16984
1.1138 -0.844
-1.8564 1.0713
1.8673 0.33296
-1.0947 2.0557
0.2998 0.71913
-0.82599 1.3782
0.34448 0.52723
-1.5445 0.47894
-0.38817 0.93902
-1.3406 -1.0968
2.1546 -0.67208
-1.5318 -0.58281
0.089779 -1.4532
-0.62404 -1.1147
-1.2555 1.2775
-1.6562 -1.4006
-1.7252 -0.3229
-1.4727 -0.6864
2.0803 0.4652
0.3514 -1.687
-0.96335 0.087102
0.0061603 0.036558
-0.64753 1.4439
-2.1475 1.2372
0.31191 -0.28887
-1.1169 -1.658
-1.9688 1.2272
-1.1242 0.17571
-0.71936 -1.529
1.1174 -1.776
-0.25517 -0.92299
-0.64324 2.0838
0.91146 0.95138
-2.1334 -0.24103
0.88065 -0.56848
1.8718 -0.13849
-2.1893 1.9538
1.7719 1.4724
-0.31942 1.7611
-0.036148 -1.1567
0.46546 1.5328
1.9329 0.3237
-1.4659 0.8283
1.7384 0.44673
0.32869 -1.0621
-0.092285 -1.5641
-0.18472 -0.54685
0.26102 -1.2984
-0.038172 0.54968
-0.74057 -1.1533
-0.74917 1.6819
0.25975 1.6561
-0.93599 0.61991
-0.30917 -0.21499
1.7329 2.1195
0.71905 0.19056
-1.9815 0.86446
-0.81665 1.0778
-0.16422 -1.9299
1.2167 -0.67621
-2.1067 -0.70858
0.061495 -0.94278
1.9847 -1.0974
-0.24588 -1.2829
-1.997 2.0878
2.0469 0.061428
1.5781 -1.1409
0.41236 -0.98466
0.15648 -0.39309
0.56779 1.5293
-1.8291 1.906
0.72666 -1.8723
-2.0844 -0.74085
-0.38823 -0.8638
-1.4732 1.7129
-2.1072 0.3134
-0.50495 0.80489
-1.6543 2.0146
-0.91053 1.2258
1.1514 0.53672
1.1991 1.4928
0.15373 1.3639
1.8996 -1.9853
0.18512 -0.29218
-0.23326 -0.94265
-0.088985 0.58667
1.9357 1.2204
0.53792 -0.86765
1.2079 -1.3971
-2.1586 0.19865
0.49028 0.68192
-1.4884 0.33771
-0.068691 -0.43637
0.88316 -0.80266
-0.19691 -1.526
-0.17373 -0.75512
0.56865 0.16513
-0.18551 2.0667
-1.7334 -0.53211
-1.4584 0.55514
-1.629 -1.8904
-2.132 -0.25926
-1.4691 -0.21403
-1.5717 1.1852
2.0692 -1.3701
0.79428 0.30944
0.19126 0.41033
-1.8638 -1.6988
-0.5632 -0.76421
0.2426 -0.52096
0.52357 1.7814
-1.4486 -0.80695
-1.7162 -0.49807
-0.94095 0.069006
2.1168 -0.95399
-1.4258 -0.038051
1.1918 -0.13871
-0.35903 1.2898
-1.8953 1.184
0.60619 -0.31828
-1.3162 -0.59778
-1.3315 -1.658
-1.7603 -0.50576
-2.2279 -0.73653
2.218 -1.3034
0.29475 1.6812
-1.6551 0.4382
0.88392 0.63858
0.68246 2.1454
-0.80938 -0.70672
-2.2433 -1.2088
0.18164 -0.33467
-0.97184 1.2189
-0.86142 -1.6137
1.61 -0.27996
-0.72773 1.3693
2.2428 -0.035515
1.7415 2.0423
0.67831 -0.39238
0.33338 1.4628
0.10996 -1.5926
0.18626 1.907
0.79239 1.0494
0.6294 -1.9677
-1.1022 1.4222
1.6506 1.5132
-0.48413 -0.87343
-1.0433 1.8394
-1.0003 -0.17102
-1.8173 -2.0733
0.02974 0.16385
-1.6665 -0.98606
1.4856 -0.94161
-0.41867 -0.11616
1.0952 0.43596
-1.4271 1.3975
0.05607 2.2022
1.49 -0.38874
-1.8641 -1.5865
-2.1962 0.68688
1.4361 -0.10595
1.6894 1.6892
0.89639 -0.79658
1.7175 -0.94997
0.089168 1.5501
0.78317 -1.1783
-1.0812 -0.35933
0.88494 2.0924
-0.222 -1.3459
-0.26964 2.038
2.2472 -1.3405
-0.11694 -1.3091
1.6008 -0.59426
-0.48239 0.50302
-2.0218 -1.2505
0.88163 -1.2877
-2.202 -0.5718
-0.90911 0.53999
0.27435 -1.5462
1.8963 -0.0381
1.1004 0.78045
-1.3016 -0.17162
0.86985 -1.3929
-1.1051 -0.61746
1.1929 2.002
0.74962 1.8014
1.8007 1.7531
-0.029723 -0.99927
-0.14852 0.42172
0.9536 1.8623
0.48409 1.7523
-0.52197 1.0007
1.5224 1.9013
-0.076779 -1.4276
0.11872 -0.1679
-0.44035 -1.1963
-1.0059 1.6059
-1.117 -0.90375
-2.2412 -1.3006
-0.50462 -1.0431
-1.8791 1.1819
0.69148 -1.4654
-0.16612 0.24684
2.1586 1.6909
0.44195 1.773
-0.21241 1.4229
-0.29133 -0.28933
-0.4432 1.6906
-1.9723 1.6111
-1.5723 -0.96674
-1.9312 1.6348
0.28809 0.67264
0.84603 0.014612
-1.8221 0.84596
-1.6279 -1.1898
-0.41677 1.6454
-1.5512 0.23822
-1.6651 0.65265
-1.9483 1.6348
1.9249 0.94477
1.3425 0.95014
1.1181 0.798
-0.90326 -1.4868
2.1071 -0.4363
1.8877 1.303
-0.65251 0.9163
-1.1179 1.8395
1.5095 1.0593
-0.036945 -1.2553
-0.57159 -1.2031
-1.907 0.14445
1.3549 -0.74411
-1.6224 -1.9813
-1.8115 1.7392
-0.9786 -0.12407
-0.35775 -1.7129
-1.3946 0.48559
1.7991 0.27423
-0.92551 0.66343
0.71868 1.5763
-1.1306 1.875
-0.21865 1.0475
1.1948 -1.6411
-0.35791 0.25436
0.37879 -0.17955
-1.5994 1.6148
-1.0154 0.24292
8.6287e-06 0.18813
1.4808 -1.0144
-0.27412 0.70556
0.26128 0.39518
1.126 0.16781
0.35473 -1.9171
0.72834 1.9654
0.38673 1.3254
1.3003 1.0604
1.7441 1.5598
-2.0485 0.1697
0.074115 2.1232
-0.20705 1.7488
-0.90321 -0.87446
1.5795 -1.5315
-1.9929 0.21749
-1.4477 -0.58809
-2.1168 -1.6167
-0.35152 1.0726
0.98976 1.1619
2.2198 1.9258
1.9988 -1.0067
0.47194 0.18882
-0.96785 -0.59928
0.14125 -1.6257
-1.7079 -0.31719
0.59551 -0.31563
0.5802 1.2411
1.7753 -1.7177
-0.026788 0.14345
-1.5314 2.0791
-1.9815 1.9233
-1.7248 0.90899
-1.228 -0.57145
0.94009 -0.0094087
1.5598 -1.9867
-1.6198 -2.0193
0.26864 2.2021
0.55802 -1.5761
-1.7482 -1.2217
-2.2277 -0.56417
-2.02 1.4444
0.36537 -0.79405
-1.3006 -1.3543
-1.9664 -0.79744
1.847 1.6821
-0.26044 1.0981
-2.1674 0.24598
0.78585 1.0297
-1.4425 0.15877
-0.18862 0.73458
0.78361 1.983
0.20202 1.1132
-1.1286 1.5447
2.0059 -0.637
2.0584 1.6047
-1.2713 -1.4923
2.2357 -0.11743
0.65371 -0.2446
-1.2044 1.8073
1.6841 -1.8188
2.2367 0.86557
-1.5488 -0.32737
-2.1055 1.4277
1.0512 0.5016
1.3452 -0.66216
0.66976 -0.72281
1.5726 1.5141
0.63488 -0.047258
-2.0455 0.16239
-1.0706 -0.74253
-0.081958 1.4947
0.91729 -0.13003
-0.72777 1.6005
1.5238 -0.34336
0.41844 -0.80352
0.8521 0.39706
0.44239 -0.82701
0.47783 -0.62663
1.2178 0.83253
2.2162 -1.7441
-0.96585 -0.54925
-0.78296 1.6778
1.6676 0.2409
-0.46664 -0.82694
1.2663 -1.2487
1.081 -1.5914
0.80246 -1.487
-0.56759 -0.60211
-1.5755 0.13491
1.4573 1.8629
-0.29311 -0.16317
1.9953 -0.24662
1.2466 2.0782
1.0774 -1.5107
-1.699 -1.2785
0.31921 1.1276
-2.2541 0.84827
-0.65894 -0.34318
0.26615 -0.084258
-1.2611 -1.1659
0.88764 1.2407
0.53028 2.1288
-2.2388 -0.57419
-1.4778 0.1705
0.41194 -1.9966
0.30406 -1.5411
1.8594 -1.8315
-2.2371 1.3307
1.1547 -1.3739
-0.63164 1.9454
-1.056 0.90037
1.5583 1.4365
-1.243 0.34773
1.7769 -1.0782
1.4243 1.6644
0.33615 -1.4758
-1.1655 0.97399
0.87193 1.1938
-1.9189 -0.80199
1.8161 0.83737
-0.63626 0.92519
0.60768 -1.0485
-0.51813 1.3791
-0.31365 1.0499
0.34895 -0.42209
0.95137 -0.83574
-1.4189 1.682
0.73452 1.7991
-1.3157 -1.4395
0.27752 0.26282
0.77488 1.7394
-1.4545 -0.12458
2.2473 -1.3211
-1.1927 1.5158
0.90678 0.085217
-0.87248 -0.1976
1.6738 0.76122
1.8199 -0.029847
0.59428 -1.941
0.73116 0.42308
-1.6284 0.09976
-0.38264 -1.5605
0.36781 -1.6091
-0.43817 0.85777
-1.485 -0.6299
-2.1998 0.30402
1.9995 0.21316
-0.82723 1.6211
0.8396 -0.49239
2.2066 1.0795
-1.0712 -0.32797
1.041 0.61047
-0.98815 -1.107
0.30771 1.0274
-1.304 -0.41105
2.1144 1.386
-0.077876 -1.0467
-1.8066 1.4253
-0.47233 -0.035945
-1.6206 0.96158
-0.91363 -0.081925
-1.0586 -0.062098
1.269 1.065
1.988 -1.121
-2.0118 -1.9145
-1.1355 1.0914
1.7802 0.62848
1.4931 -0.68072
2.1371 -0.23496
-0.42231 -0.5756
0.92541 -0.70795
1.5859 -1.2897
-1.9275 -0.49668
1.7742 1.0959
0.17722 -0.38154
-0.22815 -0.78637
-0.44437 1.2175
-0.60538 1.605
0.23978 1.8293
-0.99803 -0.56362
-2.0624 0.013757
1.0754 0.23168
2.0464 1.9354
1.7972 -0.51913
0.069805 0.35821
-1.5188 1.2266
0.47267 0.87183
-0.1826 -0.9677
-1.5033 -1.6129
2.1738 0.24839
1.6706 -0.15468
0.46285 -1.3728
-0.13679 0.27621
1.973 2.0347
0.19778 -0.91738
1.5061 0.99949
0.56431 2.0602
-1.8046 -0.54649
0.51131 -1.2499
-0.68145 -1.6327
-0.90591 1.3836
-1.0175 -0.26354
1.5777 0.7061
1.1361 -0.26154
0.61759 -0.28199
0.26579 -0.91612
0.25151 -0.52238
0.73171 1.5377
1.1595 0.083866
-0.80879 -1.255
0.8562 1.7056
-0.26258 2.0179
-0.79392 -0.89903
0.15768 -1.8374
0.1891 -0.46856
2.037 -1.1701
-2.0885 1.2229
1.9162 0.16561
-0.8617 1.061
-1.7141 0.57723
2.1686 1.1654
0.96267 0.58544
0.35482 1.1258
-1.5293 -0.52561
-1.6069 1.3119
0.73614 -0.89079
0.40165 1.1375
1.8217 -0.99607
1.9441 0.84176
1.2234 -0.028244
-0.67862 1.94
1.6903 -0.7961
0.054226 -0.71792
-2.191 1.7693
-1.2405 1.3943
2.0492 1.9867
1.0602 1.8935
1.6417 -0.42528
0.29923 0.13309
-0.47026 0.67983
0.16088 0.69772
0.77523 -1.636
0.49144 -0.020383
1.2877 0.08935
-1.6849 1.6567
0.80195 -1.281
1.3057 0.64096
-1.9386 2.0461
1.5604 1.3671
0.49575 -0.33756
-0.84228 1.3037
0.66422 -0.37594
-0.78922 0.33079
1.182 -0.41015
0.10991 0.10584
-2.1157 0.10384
-1.3504 -1.6298
1.3205 -0.78515
-0.45257 0.068083
1.8971 -0.14887
-0.88411 -1.9726
0.20743 -1.5225
-1.0597 1.3816
1.6487 -0.44411
1.1618 0.077041
2.163 0.06113
0.87206 1.7786
1.9367 0.5152
0.097385 0.042616
-1.4607 0.49848
1.746 1.7404
0.10164 1.1299
-0.85102 -0.12618
-1.9061 -0.44532
0.67048 -0.81784
-1.7829 -1.1018
-0.89306 0.40772
-1.9961 0.084483
0.10506 -0.59662
0.35417 0.031572
1.4933 -0.37631
-0.54849 -0.038264
-1.8776 -1.6233
1.3841 -0.13827
-0.092161 1.3236
1.5753 -0.59313
-1.8718 -1.523
-0.12278 -0.43517
1.357 -0.93125
2.1719 -0.37266
-1.374 0.1866
2.071 1.702
-0.066677 -0.21534
1.4342 0.66827
1.377 0.23018
-1.5654 -1.3441
0.70729 0.76261
-0.069273 0.66335
-1.3829 0.97617
0.28311 -2.1174
-1.3028 0.16763
-1.8788 0.63323
1.5148 1.8589
0.67395 -0.49441
-1.2461 1.3288
0.33437 -1.1882
0.083381 1.01
-0.094744 -0.45507
-1.9489 0.30767
-1.313 -0.44054
-0.0033856 0.83491
-0.65341 -0.61437
1.3269 -0.71469
1.0905 0.98417
0.47812 0.28229
1.2404 -1.4391
0.40354 1.6816
-0.94598 -0.70174
-0.9929 -1.3133
1.8373 1.3181
1.38 -0.71026
0.46961 -1.4228
-0.50579 1.0432
0.61391 -0.69345
-1.5693 1.956
-1.8029 1.3355
-0.51264 -0.99968
1.3796 -0.69909
2.1899 0.0038816
-0.85345 -1.1478
-1.5406 -1.8943
-0.57796 -1.3126
1.6875 -0.64903
-2.0575 0.74035
-0.91219 -0.81996
-0.31461 1.0569
-0.79676 -0.64473
0.099 -1.6098
-1.2754 0.050964
-1.9049 0.99325
0.058891 -0.74448
-0.012521 -1.2801
1.7781 -1.3151
0.65295 -0.96631
-1.7484 1.8961
-1.0054 0.5333
1.2407 1.33
0.20519 -0.47461
-0.25475 -0.20241
-0.031364 -1.2535
-1.0729 -1.3801
1.4897 0.39064
-2.1362 0.85566
0.93885 1.42
0.2232 1.7915
-2.1919 -0.12633
-1.1386 1.7139
-1.9158 1.3068
-1.1531 -0.67719
0.0049978 1.8588
-1.2819 -0.99566
1.0048 -0.47772
0.54868 0.34562
-0.04196 0.25138
-0.15389 0.38894
-0.29938 -1.5032
0.70484 -2.0582
0.43293 -1.954
-1.9332 -0.76836
-1.9815 -0.52389
0.56805 -0.56295
1.255 -0.67962
2.0222 1.9635
-1.3272 1.4921
0.087113 -0.21008
-1.9489 -2.064
-1.644 2.0209
0.14747 0.10752
1.7231 1.9793
1.3406 1.8431
-0.42321 -0.60996
-1.4091 1.4274
-1.1113 0.4378
1.0062 -0.5565
-0.077673 -1.4443
-0.3272 1.6379
0.99941 0.29507
-1.0937 0.25534
-0.58474 1.4788
0.52319 1.3678
2.0134 1.3675
0.31819 -1.9807
0.22792 -0.30319
-0.82963 1.5347
0.078266 2.1275
1.488 0.62734
0.5026 0.77657
1.7991 -1.1868
1.8004 -0.59347
1.4423 -1.9544
-0.63651 -0.62723
1.1045 2.152
-2.2383 -0.88785
-1.4354 -0.89065
-0.93373 -0.848
-0.6328 0.80156
-1.4168 0.82237
1.5178 -1.7477
-0.7629 -1.8647
0.76786 2.0054
-1.0272 0.96808
-0.77446 1.1253
0.32188 -0.82856
-1.4182 0.082513
-1.8215 2.2133
-0.015907 0.4606
2.0778 -1.7952
-1.7117 -0.12848
0.39048 -0.99714
-0.87899 0.74013
-0.37441 1.0712
-1.7383 1.3523
-0.66097 -1.7779
-0.79889 0.19892
0.97994 -0.33996
-1.9882 1.6866
-1.7467 1.6709
0.2057 -1.2056
0.93436 2.1482
-1.3325 0.10262
2.2208 0.65946
-1.3346 0.0080903
1.3951 -1.0064
-0.16331 2.0243
0.22249 1.4425
2.0373 1.2567
1.4165 2.1114
-0.87928 0.52042
0.41257 1.0964
-0.054186 -1.2747
-0.43873 0.98512
-1.8562 1.1436
0.93865 -0.61564
-1.894 -1.6144
1.0989 0.32575
0.84061 1.5523
0.37023 0.48228
1.9831 1.2831
-1.5286 -0.62836
-1.6941 1.7627
-2.1656 1.627
1.7874 0.96542
0.7435 -1.5664
-0.6177 -0.42221
-1.3302 0.66858
-1.0452 1.8847
0.53552 -1.8268
-0.97859 -0.70047
-0.54812 0.45935
1.6314 0.29038
1.2491 0.51337
-1.1954 2.1942
1.7542 -1.1428
1.4894 0.28461
0.82241 0.20116
-0.94232 0.47235
-0.21536 2.059
-1.7627 -0.03299
-2.0892 0.95581
0.23059 0.6206
1.2636 -0.10129
0.24355 -1.6519
-2.1919 0.011993
-0.51847 -0.28437
-0.91879 1.9957
-1.8611 1.8732
-0.39635 -1.4499
0.50984 0.40457
0.62575 -1.6338
1.2969 -0.92848
-1.898 -1.2727
1.1565 0.78992
0.51045 1.0852
-1.495 -0.15153
0.73659 0.55586
1.5388 -1.3738
0.44 -1.9908
-0.12117 -0.85537
0.41777 -0.13335
0.017072 -0.78559
-2.0977 1.895
-1.1708 1.1037
0.57364 0.63129
0.19394 2.0278
1.5004 -0.74583
2.0418 -1.9506
-1.0408 -0.21357
-1.6511 -0.042038
-1.7963 -1.1147
-1.8966 -1.7641
-1.1957 0.34844
-0.44546 -1.2654
0.00069732 -0.47021
-0.82298 -0.27435
-0.30392 -0.72192
-2.1584 0.26997
1.0874 2.0813
-0.016553 0.1104
1.4943 1.0287
1.0702 -1.6686
-1.2712 -1.2254
-0.30553 1.6274
1.7773 -0.86396
-1.1175 0.33319
-1.252 -0.85622
1.8619 -1.3299
-0.99046 1.2529
0.58524 -0.44639
-0.69586 -0.69722
-0.16041 0.10038
-1.1839 0.47248
0.26544 -1.1693
0.81124 -1.8181
1.5499 -0.062809
-0.58032 1.1103
-0.17064 0.37962
-1.0338 1.2986
-0.94475 0.7858
-1.8743 -2.1574
0.69855 -1.607
0.44235 -1.0546
-1.2443 1.4262
-0.82892 1.8583
2.0999 0.20214
1.5294 1.2892
-0.45671 0.83494
-0.77484 1.2922
-2.028 0.56936
0.39295 0.18862
2.0935 0.87741
-1.6289 -1.3392
-1.5603 0.32268
-1.2374 -0.99853
-1.8381 0.4522
-0.50633 2.1338
-1.8037 -1.2639
0.35665 -0.38484
2.1569 1.9029
-2.1028 -0.159
1.3755 0.55296
-0.37398 0.52562
1.571 0.60559
1.1069 0.82344
-1.1602 -0.022367
-1.278 -1.0642
0.30422 -1.7926
-0.22093 -0.26973
0.74123 0.75813
-0.28558 -0.64045
1.4749 1.335
-0.054725 1.1636
1.6481 -0.6901
-1.3258 -1.1806
1.9661 1.8017
-0.39503 1.9759
-0.92487 -0.12207
0.093591 2.0566
-2.2405 -0.18544
-0.099053 0.82702
1.0782 -0.031957
-1.8811 0.26246
0.91194 1.7442
-1.8115 0.73195
-2.1845 -0.47514
1.0563 1.9914
-1.5563 -0.72681
-1.1297 2.0946
0.75141 0.11262
1.7667 -1.1893
-0.9751 -1.4677
0.86572 -1.1389
1.7796 0.76236
-0.073379 1.133
-0.54205 1.0085
-1.2449 -1.0043
-1.1814 -0.64925
-0.54203 0.087238
-0.66608 2.0249
-1.3303 1.6434
-0.2638 -0.75045
-0.82228 -0.62796
-0.29211 0.68744
-1.04 0.077709
1.1782 2.1465
0.45951 1.7907
-0.79662 1.0313
1.3135 1.3506
-0.031685 1.17
-1.8963 1.1733
0.025459 -0.98128
2.1414 0.27309
-1.8294 1.5059
0.50319 0.82656
-2.2261 1.5164
0.4614 1.9129
-2.2252 -1.1636
-1.8483 1.8681
1.7344 -0.43617
-1.0819 -1.2069
-0.68103 1.631
2.1115 2.1186
-1.3438 1.2253
-1.0344 0.74469
1.3941 -0.88633
-1.5693 1.7343
-2.0066 -1.7256
1.7411 -1.3432
1.1524 -1.1523
-0.72586 -0.95664
0.66853 -0.78162
1.3114 0.38325
-2.0243 -1.4409
-2.1778 0.261
-0.84085 -0.83152
0.15331 0.6493
-1.9083 -0.074176
0.4103 0.089904
-1.0469 2.1795
1.7155 -0.21823
-1.1898 -0.11682
0.55099 -1.6049
-1.9085 -0.58472
-1.1079 1.1999
-0.89314 -0.69835
-0.017384 0.81618
1.2997 0.9755
-1.1759 0.0079116
-2.1512 1.1141
0.36913 0.65059
0.97406 0.97873
1.6923 2.0452
0.51326 0.36086
0.3714 -0.52274
2.1435 -0.267
-0.89239 0.041089
-0.12895 -0.77042
-1.8377 1.8198
0.48506 -1.1353
0.1263 -0.99347
0.25458 0.85423
0.13028 1.3749
-2.1434 0.50701
0.47143 -1.7116
1.475 2.1621
-1.7317 -1.5517
-0.30415 1.1814
0.41708 0.9725
-0.60696 -0.41519
1.6498 -0.29
1.3902 1.3796
-1.9489 2.1544
0.29034 0.13675
-1.9795 -1.076
1.0857 2.0109
-0.9933 -1.2424
-0.73907 -2.0676
-1.6667 -2.1224
-0.82999 -0.11699
-0.92723 1.0196
1.4745 -0.2495
1.7969 -0.22836
2.2288 0.62395
0.077911 -0.64312
-2.2292 2.0645
-1.9735 -1.1675
-0.22929 -0.0084467
0.10945 0.2213
-2.2396 -1.9697
-0.16829 -0.64826
0.80986 -0.68758
1.5616 0.64824
1.3873 -0.68998
0.43777 0.68159
-1.6097 1.1268
-1.1145 1.1065
-0.79276 1.9383
1.2641 -0.43747
1.3307 -1.2379
-1.0167 1.2033
1.0629 0.57947
0.3958 -1.6655
-1.7484 -1.9569
-1.0137 1.9873
1.6659 -0.81562
-2.2318 1.619
-0.61481 1.7437
0.64742 1.4119
0.5467 1.7928
-1.8129 1.6072
1.1899 0.16356
-0.77999 -0.69137
-0.10077 -0.49152
-1.2556 -0.30759
0.42467 0.57285
-2.2444 1.2179
-0.10385 -0.60344
-0.8649 -1.4938
-1.0791 -0.53658
1.5371 -0.27841
-0.87683 -1.1805
1.1586 1.6165
0.18349 0.56557
1.2079 0.40869
-0.3268 -0.82952
1.4917 0.26821
0.34484 -0.72573
-0.2674 -1.1324
-1.1916 -1.3433
0.80664 -0.074676
0.5809 1.9827
0.66613 0.44811
-0.73644 -1.5409
1.1529 1.4866
0.36055 -0.94647
-0.045575 0.0023656
-0.81787 -1.5052
1.4262 1.6675
0.22637 2.223
-1.0665 1.3187
0.43776 0.7321
-0.3546 1.8709
-1.6502 -0.65293
1.2435 -1.6944
1.8959 2.0718
0.51706 0.35739
-0.31655 -0.44134
1.1879 0.11782
-1.6743 0.38784
-0.73743 1.2129
-1.8759 0.47735
1.3648 1.425
-1.5099 1.6401
-0.32804 -0.45628
-1.7379 -0.92658
-0.6229 0.34648
-1.6793 1.6368
-0.58752 1.1306
-0.67734 0.69035
-0.78892 0.87375
-1.1116 0.065617
1.9056 -0.43291
-2.2113 -0.058408
-1.6322 -0.70342
0.47726 -0.042285
1.9148 -0.66095
-0.040954 -1.0175
0.72304 1.885
-2.2133 -1.0129
0.38506 1.4308
0.70259 -0.42881
-1.7185 1.2742
-1.0662 0.78599
0.54168 -1.0738
-1.3883 -1.5906
-1.5982 0.28608
2.1466 0.97526
0.9732 2.0591
0.36993 0.10452
1.5486 -1.2777
-1.5995 -0.99307
1.7885 -1.2222
-0.67205 1.1581
-1.4687 -0.39112
-0.13427 -0.51886
-1.4131 1.9234
1.5703 1.541
-1.2994 -1.1197
-1.1029 1.6689
-0.43813 1.2317
1.6003 1.2609
-1.4558 -0.62143
0.73996 0.29769
-1.1338 -1.3824
2.0071 0.084944
2.2384 0.40547
0.39843 0.94568
0.42046 -0.86167
-0.24259 -1.2674
-1.0733 -1.7433
2.1169 -0.07131
-0.2131 1.4655
0.63041 1.358
1.6304 2.0014
-2.2319 -0.48497
-1.685 -0.58846
0.59726 0.53567
1.1752 0.84724
-0.91428 -0.57353
1.6738 1.3786
-1.5522 -0.50876
0.80076 -0.906
-0.17542 -0.94309
0.0094678 1.2568
0.41829 -0.15772
0.042445 2.1399
2.0908 0.099327
-0.83612 1.9409
-2.0383 1.5637
1.446 -1.1794
-1.1755 1.0065
0.42246 1.0284
-0.46367 1.0585
0.048084 1.3651
-1.0714 2.1975
-1.0623 -0.31602
1.2178 1.3933
2.2142 -0.55514
0.22048 -0.29602
1.045 -1.8603
2.1462 -1.5838
-0.76299 1.8221
2.0883 -1.9073
-0.33752 1.569
-1.08 -1.0359
0.77908 1.5287
1.266 1.7351
0.96645 1.0269
-0.28228 -2.0451
-0.46049 -1.0347
0.37822 0.59028
0.74606 0.29739
-0.18237 1.57
-0.074752 1.4775
2.1396 -0.15179
-1.1034 -0.54469
-0.99287 1.5626
1.4999 -1.6264
0.469 -0.72817
1.4019 2.0061
-2.057 -1.8269
-0.66597 0.37492
-1.368 0.98147
-1.6906 1.2968
1.1422 0.17905
0.77472 -1.0073
1.9776 -0.56523
2.2338 1.4501
1.2207 0.70412
1.1398 -1.8453
-2.2196 -1.586
0.089155 0.59574
-1.4599 -0.89258
-1.7866 0.21936
-1.2567 -0.96749
-0.15037 -0.70261
-0.87839 -0.25895
1.6839 1.3013
1.7697 -0.63091
0.15501 0.45797
0.030003 -1.4702
-0.17864 1.38
-2.2037 0.73187
-2.1348 -1.37
-0.95478 0.68926
-1.3911 0.99916
1.2463 -0.43777
0.16459 -1.951
0.39532 -1.2212
-0.46294 0.35677
1.9036 -1.5636
1.2967 0.10301
1.3963 1.1514
1.1533 0.61059
-2.0036 -0.59424
0.66155 -0.39048
-0.25944 2.2072
0.57247 1.7955
2.0858 -0.00068421
-1.2554 -1.8268
-0.084594 -0.22631
0.81407 -1.8324
-1.3955 -1.6052
0.28717 2.0219
0.50418 -0.38173
1.9456 0.084195
-0.55937 0.64877
-0.34613 2.0716
-0.27298 1.9744
1.6346 1.2358
1.1398 -0.1025
1.7346 2.1983
0.14252 2.2406
-1.6375 0.50423
0.5444 1.8387
-2.1632 0.33624
-1.6137 -0.91842
-2.1347 -0.54853
-1.6683 -0.45626
0.39547 0.033418
1.1092 1.6583
-0.33084 1.0754
1.3911 -1.6688
1.1453 -1.7083
-1.1567 -0.57086
0.095818 1.6931
-0.40086 -0.19387
-0.66717 -1.6414
-1.8977 1.4131
-1.6076 0.95296
-1.8431 -1.0835
-1.9829 -0.46038
-1.6626 -0.16721
0.59482 1.3211
-1.6553 -0.78872
0.47549 0.54584
-0.80225 -0.74402
-0.53428 0.80468
2.0484 1.7284
1.9792 1.0286
-0.45765 2.1213
-2.0163 -0.37262
-0.95163 -0.43202
-1.9739 -0.063161
-1.7649 1.7972
0.61052 1.2956
2.1506 -0.26649
-1.9554 -0.53079
0.1573 -0.64829
0.81968 -0.77915
0.69717 1.44
-0.04047 -1.3387
-0.36336 1.5356
-1.7671 2.0152
-0.21959 -1.315
0.3733 2.1746
0.10361 0.98996
0.40349 0.2073
-0.94649 -1.1361
-0.34553 -0.12544
-1.7303 0.53067
0.94186 1.0726
1.2716 -0.079226
-1.817 -1.6998
-0.28273 1.9401
-0.086195 -0.22564
-0.20758 1.6035
-0.35953 -0.50184
0.2309 1.7357
1.7339 1.7675
0.21279 0.54314
-0.76636 -1.8513
-1.6142 0.56946
2.0463 0.29027
-0.84465 1.1177
-1.6578 -0.054557
-0.84146 0.28717
1.3887 0.50768
0.25622 1.0352
-0.48844 0.94733
0.55062 2.1022
-0.30107 0.8362
2.1121 -0.91513
0.7255 1.1376
0.69308 -0.20755
-1.5175 -1.4001
0.88374 -1.8257
0.16618 1.3673
0.24556 0.56371
1.3769 0.20698
-1.8685 -1.8332
-0.35277 -1.0506
1.5676 2.025
1.8554 0.95306
-1.3355 -0.21928
-0.036487 1.2855
1.7329 -0.094768
0.39792 -1.3693
-0.62102 -0.088067
0.14366 0.60921
-1.8501 1.2807
1.9051 0.75828
-1.2951 1.397
-0.99017 1.0335
1.1759 -0.20238
1.4215 2.0652
-2.0787 0.97054
-1.8074 -0.57397
-1.2854 1.4171
-0.50756 -1.1858
1.2245 0.72836
0.62405 1.5014
-1.1836 0.43373
-2.2444 0.36874
0.409 -0.29063
-1.6242 -1.0678
-0.40588 0.49596
-1.3324 1.4598
-1.9198 1.4049
-0.90402 -0.47496
-0.25883 1.366
2.22 -0.35051
-2.1481 -0.3511
1.8407 -1.7339
-1.8855 -0.84942
0.72148 0.69354
-1.6251 -0.15566
-1.4774 -0.42444
-2.1717 2.1465
0.27743 0.57729
0.10832 -0.58066
-0.97415 1.9214
1.1239 -0.63377
-0.49514 -0.44595
-0.50868 -0.25338
1.2757 0.97848
0.73281 -0.76581
0.62584 0.49308
1.3562 -1.2159
1.0376 -0.49546
-0.35218 -0.26155
0.24651 1.2414
0.5711 1.8729
0.86522 -0.8966
-0.12157 1.146
0.57382 1.4783
-0.73235 1.6825
-2.0816 0.638
1.2115 0.55644
-0.058304 0.26366
-1.1516 1.7732
-0.59301 -1.7635
-0.38563 -0.16424
1.8917 1.9074
0.064785 1.5854
-1.1594 2.0096
1.2166 -1.6416
1.765 -0.07505
-0.12238 -1.3134
1.1666 -0.39112
-0.22391 0.16369
-0.34189 2.0469
1.9188 0.90099
-2.0816 -0.29753
1.1725 -0.97876
0.74103 -0.32233
-0.28226 0.79416
0.89076 1.1266
0.918 -0.93549
-1.6695 1.1559
-1.384 -1.8949
1.5098 1.7986
1.6522 0.0068255
0.92004 0.54029
-0.56047 1.3443
-1.2631 2.1508
-0.17873 -0.61364
0.90001 2.0491
0.52877 -0.39694
0.97635 -0.55831
1.8551 1.5567
-0.61734 0.053146
1.4961 -0.96873
1.181 0.68622
-1.356 -0.94168
0.6831 0.40734
2.1889 1.6133
0.62185 0.95261
0.23574 -0.8676
1.2186 -0.29513
1.1736 0.63617
0.03576 0.31763
-0.057976 -1.3947
-0.98827 1.1234
0.42543 -0.029385
-0.84363 -1.9521
-0.91882 0.16236
-1.3492 1.7598
-2.0371 -0.44444
-0.084613 -0.16604
1.5888 -1.3515
0.30962 1.747
-1.9073 -0.52846
2.0601 1.138
-1.688 0.6403
-1.9104 1.0368
-1.26 -1.3227
-1.294 1.2362
0.46882 -1.6633
2.0323 2.0891
-1.6298 0.15142
0.29542 -0.87205
1.575 1.4068
1.1726 -0.76238
-0.2012 -0.88417
0.80686 1.4219
0.26926 0.5314
1.5997 -1.4467
1.8011 -0.015413
0.2671 1.4106
1.3639 -2.0395
-1.3143 0.94316
0.3203 0.15955
-1.3625 -0.82427
0.97021 2.0444
-0.30207 1.7348
-1.8378 0.8187
-0.32397 2.0623
2.0182 -0.2955
-1.2507 0.90769
1.3059 0.65673
2.2354 -0.10671
-0.37655 1.9746
-0.68642 0.10723
-0.70699 1.0587
1.5693 2.0054
0.47135 0.65378
0.55429 1.4395
1.806 1.2849
0.11529 1.3783
-0.84174 -0.42578
-0.58208 1.2742
0.16362 -0.21983
2.1764 -0.61345
0.27428 0.91663
-0.85708 -0.2491
1.8696 -0.24454
0.76487 1.9224
-0.58084 1.0771
-0.82241 -0.17186
-2.1504 -0.59184
0.3341 -0.46702
2.1766 0.68061
-1.9309 -0.8286
1.2795 2.1561
2.0603 -0.012508
-0.86224 -1.4668
1.9381 -1.0141
-0.19278 -2.0365
-0.28376 1.3209
1.6613 -0.7276
1.4531 -0.552
-0.68256 0.33651
0.24218 0.011752
-0.19316 1.309
0.99225 -0.29138
-1.5014 0.26119
-1.3611 0.0025611
0.65477 0.47206
1.9898 2.1924
-2.219 0.931
1.8784 1.2284
1.6175 2.1676
-0.11006 2.1388
1.7823 -0.95915
0.06206 0.077252
0.067884 -1.7441
-0.046237 -0.046298
0.0062519 -0.64713
-1.5734 -0.81397
-0.60892 1.0404
-0.74398 0.76472
-0.43036 1.0318
0.6234 -0.16585
-0.024068 1.1404
1.1494 1.7097
-0.15706 1.4845
-0.40475 2.1646
0.54475 -1.6103
-2.2348 0.40067
-1.951 0.66834
1.1121 -1.7848
-1.8504 -1.4872
-0.27243 1.1937
-0.15665 -0.26911
0.50923 1.801
-1.9823 0.50854
1.996 -1.0256
-0.92212 0.87138
-2.1942 1.6426
0.89398 -0.7828
1.1691 1.3583
-1.6056 -0.043063
-0.69796 -1.4611
-1.5951 -1.3395
0.61872 1.0067
-0.11005 -1.2292
0.35648 0.94643
-0.46514 -0.44519
1.3283 -2.1616
-0.37455 0.16353
-0.32778 1.6849
0.44037 1.9596
-0.24601 2.0904
-1.595 0.99928
-0.088018 -0.92704
0.63707 -1.4497
-0.90535 -0.37476
0.59993 -0.66413
2.0619 -0.25476
-1.186 -1.5603
0.90895 0.67866
0.057707 0.92266
-0.17453 -0.071355
1.7258 0.52949
-1.7303 1.4966
-0.26818 0.44861
-1.5321 -1.0786
2.015 1.6547
0.72313 0.011666
0.093737 1.9531
1.915 1.2323
1.2027 0.64352
-0.10112 0.35268
2.0036 2.1574
-2.181 -0.13994
-1.6462 -0.4493
-1.5791 1.1874
0.06271 -0.77935
1.0646 -0.16251
0.56739 -0.83293
1.272 0.73985
0.14802 1.4137
1.6858 0.87127
0.37924 0.92868
1.0298 0.74937
0.7466 -0.51339
-1.9411 -0.75652
-1.5 -0.20771
-2.1553 -1.5312
-1.3564 0.38796
-2.2376 1.3672
-1.1383 1.7178
-0.72524 1.2293
-0.78757 1.4593
0.34642 1.7699
-0.16711 -1.22
2.0604 -0.038001
-1.9627 1.5355
0.22938 1.7192
-1.7831 -1.2281
-0.51331 -2.1024
0.2442 -0.85882
1.9012 -1.528
0.87614 -1.8393
0.38811 0.0063823
0.38967 -0.53123
-0.38706 1.3945
-0.41141 0.34508
-0.92432 2.0021
1.664 -0.57182
1.1428 0.06092
1.182 1.7193
2.0333 2.0957
-0.8599 -0.92861
-0.64948 -0.49994
1.9243 -1.5067
1.9502 -0.20004
-0.58577 -0.32277
0.60108 -0.051027
-1.3233 1.7252
-1.2971 -0.011917
-0.16121 0.97713
1.6779 -0.55287
-0.82086 -1.5666
-0.65335 -0.24227
0.81765 2.1584
1.8167 1.443
-0.43619 0.64303
1.1856 1.8911
0.45093 1.5917
0.89116 -1.1445
1.6181 -1.9889
1.3852 -1.9649
-1.1449 0.8984
1.5536 1.7589
-1.319 1.6432
-0.98841 0.53319
0.33784 -1.2756
-2.101 -1.1059
0.15427 -0.72696
0.73534 -0.091378
-1.2592 1.4008
1.013 -0.33412
-0.73783 0.64794
-0.47752 1.0639
-1.9622 0.24781
-1.9986 0.33953
0.77838 1.2036
0.92174 2.1631
-0.75096 -1.2282
-0.61214 -0.90622
2.113 1.0978
-1.7275 -0.044004
1.7934 1.8808
1.2355 1.3046
1.8893 1.1953
-2.1397 1.1127
0.88097 0.48855
1.5416 -0.29325
0.79582 0.3131
1.5175 0.71939
0.24844 1.3992
0.30011 2.0459
0.80907 -1.4103
-1.8872 -1.9557
-0.4185 1.0423
1.023 2.0641
1.327 2.1579
-1.6184 -0.028747
-0.0099433 0.24682
-0.58469 0.68022
-1.356 2.1182
-0.66881 -0.36777
-1.821 -1.2938
-0.57672 1.3955
-0.99754 1.5194
0.12763 0.70252
0.02866 1.0747
-1.7479 0.86797
0.093291 1.4362
-1.2837 1.4639
1.9854 0.64136
1.0301 -0.73458
-1.5968 1.7987
-0.87173 0.75463
1.1777 1.2904
-1.0784 1.3174
0.72785 -2.0499
0.61812 -0.73806
0.14649 -1.5615
1.3719 1.7565
-0.49616 1.7823
0.13138 -0.19551
0.29534 -1.054
-0.5794 -1.071
-0.64069 1.1448
-0.023899 2.052
0.83305 0.53919
-1.4727 1.8109
-1.0513 -0.94055
-1.8206 0.96354
-0.2515 -1.9729
1.6035 0.13043
-1.6982 -1.9553
0.37758 1.4376
0.41261 -0.68883
-0.61456 1.5084
-0.50783 -0.96452
1.9516 1.3206
-0.55302 1.9141
-0.50898 1.0254
0.63496 0.06841
2.2496 1.6315
-0.1987 -0.0027516
0.18544 1.6467
-1.6455 1.0286
-1.0279 -0.68991
-1.9758 -0.73271
2.1269 -1.8306
1.9948 2.2387
0.95516 0.13838
-0.02944 1.2849
1.2693 0.17478
1.181 2.0422
0.1572 0.84156
1.5808 1.7954
2.1532 -0.62585
0.19537 1.7627
0.46463 0.43931
-0.59488 -0.66675
-1.7128 1.3391
1.3208 1.4875
1.2035 -0.79319
-0.90416 1.3008
2.0964 -1.4123
-1.4104 1.1527
-0.9163 1.5616
1.4285 1.4651
-0.40388 -1.2935
-2.0775 0.89006
-0.29142 1.7664
-1.5964 2.1574
-1.4322 1.8691
2.1278 1.3382
0.27368 0.82041
1.787 1.7076
-0.097865 -0.76836
1.9213 0.2313
1.931 1.3597
-1.7501 1.6632
-0.6481 0.020405
0.22187 -0.26608
0.77207 -1.0816
-0.84167 -1.5399
-1.4073 -0.76147
-0.74771 1.4939
-0.051225 -1.3975
-1.4555 -0.59933
-2.0964 0.4372
1.852 2.0311
-1.624 2.2431
1.7039 0.62189
0.059535 -1.325
-0.15865 0.21404
0.85342 -0.40784
-1.1156 0.40153
-0.6003 0.69778
1.0934 0.48488
0.83053 1.5816
1.9047 -0.031258
1.0286 1.794
-2.1089 -1.3286
1.9927 -1.5295
-1.768 -1.0565
-2.1065 -0.68628
-1.1482 -0.34401
-0.4837 1.1824
-0.57119 -0.9989
0.18978 0.37143
-0.51236 -0.22172
-1.6644 0.94399
-0.65802 0.699
0.23813 -1.5661
-1.4601 0.36079
0.45095 0.47076
0.013529 -0.27234
0.88939 -1.6044
-0.62884 0.045368
0.65676 -0.43174
2.044 -1.2626
-1.0729 0.66294
2.1137 1.3729
-0.56937 0.3134
-1.5397 1.3692
-0.663 -0.16134
0.90663 -0.70721
-0.84452 -0.0017939
-1.3193 0.23203
1.9398 0.37975
1.0492 1.6415
-1.3472 -1.6495
-0.096063 -0.15743
0.49191 -0.54017
-0.60576 0.98689
0.82279 0.40699
-0.77968 0.83121
-1.1593 1.9348
1.6314 -0.57365
0.92152 -1.8771
-1.2254 0.41314
-0.99803 -0.60639
0.47236 1.6733
1.323 -2.0145
1.4326 0.78713
0.47884 0.50717
1.3809 -0.51278
0.05364 -0.36034
-0.8845 1.0199
0.26371 -1.4692
-0.30516 0.69025
-0.80334 -1.1877
-1.3759 -0.25229
0.90147 1.9663
-0.3295 0.91846
-0.42306 1.6939
-0.48755 0.89634
0.21007 -0.62712
0.70547 -0.2188
-1.7848 -1.5305
1.6042 0.066545
2.2299 -0.96717
1.4727 0.97504
2.0369 -1.4147
0.062342 -0.55964
0.46237 2.2151
-1.6981 0.26912
0.97606 -1.3159
-2.1987 1.6598
2.157 1.2825
-1.0341 1.1655
1.6993 0.21132
-0.14384 -1.9631
2.0282 1.4668
1.3608 0.51333
-0.48723 -0.25952
-0.17608 -1.6594
1.4038 1.712
-1.8714 1.5739
1.5966 1.4708
1.3552 1.6867
-1.092 1.2224
1.3003 1.2322
-0.63608 -1.7737
-2.2277 2.1133
-0.54625 0.75472
1.6217 0.12548
1.5445 -1.265
1.9561 1.8809
0.74655 -0.18303
0.54867 -0.63033
0.47811 -1.1739
-1.1012 -0.14809
-0.61945 -1.6848
-0.74879 -0.46989
-0.84655 -1.2893
0.39499 -1.9106
-1.6039 -0.83263
-1.5624 -0.93508
2.0424 1.3246
1.8783 -0.8498
-0.66977 0.15132
1.8255 -1.5963
-0.1556 -0.99223
-0.15886 1.2836
-1.6714 -0.29227
0.41623 2.1615
-2.0406 1.6142
0.62454 1.2425
-2.1211 -1.7463
-0.049296 -0.13261
-1.2104 -1.9944
-1.1447 0.4268
0.32703 -0.28681
-1.3791 0.88294
-0.60699 1.9285
1.023 -1.837
-1.8875 -0.71991
0.79253 -0.22896
0.72593 1.8605
0.063264 0.0037421
-0.59107 0.25411
-0.17528 -1.7978
1.2357 0.19296
-1.6152 -1.5268
-2.2131 1.5376
-0.044404 -0.51543
1.9185 0.39191
1.834 -0.90493
0.27085 1.3302
-2.1246 -0.43524
0.97384 -1.4188
1.0471 -1.8668
0.97999 1.8881
-1.45 1.3815
-1.9353 2.1489
-0.94076 -1.7347
-0.58135 1.0511
-2.1142 1.4457
-0.58305 1.8917
-1.8359 1.3443
0.64588 0.37735
-0.08701 -0.9863
0.10865 -0.92218
0.455 0.20558
0.95053 -1.9467
-0.40244 1.6464
0.32955 1.5308
-0.57898 2.1654
-1.8309 -1.3283
0.37966 1.4452
1.8797 -0.76596
-0.36878 1.477
-1.9139 1.8272
-1.6209 -1.0885
-0.23763 -0.53736
-0.63778 1.8227
1.0741 -1.7273
-1.4971 -2.1007
1.0812 -0.067752
-2.0882 1.9819
0.98856 0.3336
1.6047 -0.60711
1.108 1.2195
1.184 -0.21767
-1.8306 0.53039
-1.8642 -1.9719
-1.1334 1.018
-1.5702 -1.8745
-1.6052 1.203
-2.0444 2.2414
-1.7452 0.71762
1.1558 -0.73286
-1.3028 1.3135
1.2331 0.98648
0.47353 1.3651
0.67396 -0.90786
-0.63224 -1.692
0.18492 0.18734
2.2 -0.76827
-0.081576 -0.25661
-0.79297 -0.10927
-0.80437 -0.0061086
0.014192 -1.9297
1.4775 -0.52667
1.1567 1.5815
1.0323 -1.5758
-1.261 0.35005
2.1606 -2.0109
-0.51478 1.0002
0.85397 0.67712
-0.34322 -1.9059
1.4168 -0.98548
-1.4272 1.3747
1.4433 1.5697
2.0398 0.50196
1.5734 0.10288
-1.5436 1.9295
0.19751 2.0209
-1.8521 1.2577
2.1124 1.1177
-0.93025 1.252
-0.64672 1.2507
0.7837 0.69043
0.46997 -2.1221
0.19799 0.75083
-0.11424 -0.16525
-2.1918 0.923
0.29142 0.69635
1.9942 0.61242
-1.199 1.9137
-1.5652 1.356
0.3264 -0.017113
1.5227 -2.179
2.0184 1.6124
-2.0607 -1.581
1.6635 -0.14474
-0.19783 1.5104
1.9959 -1.2567
-1.0755 -1.3435
0.21775 -0.50954
0.1124 -1.8393
-1.7955 -0.22039
-0.49825 -0.045402
-2.2112 0.49768
0.43542 1.6857
1.1453 -1.7493
-0.12709 0.76693
-1.3193 0.53694
2.1511 -0.73841
-0.12051 -0.8551
1.3494 -1.3411
0.037211 0.19402
-2.1114 -0.35435
1.2458 1.2694
-0.60768 1.1714
-1.9037 1.874
-1.2859 2.1292
0.55157 -1.0444
-0.83124 0.592
-1.3326 -1.6115
1.3815 1.452
0.39168 0.58541
-1.9548 -2.0152
0.8637 2.1692
-1.2577 1.2209
-2.0799 -1.317
1.2792 1.5329
0.44913 2.0769
-1.2718 0.43673
2.0322 1.0881
0.81871 -0.29167
-0.12591 1.3699
-0.21184 0.63395
0.51957 -0.26878
1.8012 -0.041761
-0.18263 0.27965
0.15531 -1.4829
-2.2334 -0.33132
1.8651 -1.2025
2.0026 0.57769
1.47 0.96105
0.77228 1.6138
0.043012 0.2857
1.72 -1.2388
-1.8255 -0.23055
-1.8198 2.2105
1.2447 -1.0008
0.56419 1.963
1.7948 -0.56158
0.41557 0.76243
1.1448 2.2313
0.98553 0.38192
-2.1244 -0.0056657
-1.0781 1.0884
1.1499 1.9548
0.1064 1.3549
-1.4667 0.88317
0.60001 -0.94932
-0.96253 1.4111
-1.4654 -0.045041
1.6801 0.79832
1.2324 1.3195
1.5502 0.98447
0.18207 -1.0491
0.0041287 1.5123
0.57099 0.32775
1.7516 0.56826
-1.9232 0.02269
-2.0514 -0.091009
-1.972 2.0116
-0.036217 -1.5143
1.5286 -0.90997
-1.25 -0.92794
0.49238 0.71257
1.3085 2.2417
-0.44171 -0.16454
0.80704 0.74644
1.9645 1.9508
-2.1703 -0.92314
1.9458 -0.46845
-0.44404 0.43124
-0.29942 0.23464
0.57468 1.8336
2.1862 -0.43356
-0.23626 -0.053511
1.2002 1.7513
-1.2968 0.59719
-1.4076 0.87853
0.71408 0.71177
0.94167 0.052805
1.3587 -0.39744
-0.089464 -0.32759
-1.4716 1.2713
1.3757 0.23374
0.18056 -0.17316
-0.37998 0.81217
-1.1848 -1.3412
0.38859 2.0608
1.2535 1.9619
-2.1736 0.27582
-2.1722 0.69137
1.7573 -0.46925
0.99162 -0.65493
0.87566 -0.58498
-0.3328 0.067542
0.10276 -1.0017
1.7586 0.11819
-2.1178 1.4255
1.0242 -0.31887
-1.6497 1.0716
-0.47962 0.85227
0.49981 -0.6107
1.5892 1.5719
-1.0193 0.64531
0.85961 -1.6245
-0.29151 -0.1744
-0.23155 -1.993
1.9573 1.9043
-1.3506 -1.8356
-1.1469 -0.9646
0.41107 0.11183
1.9732 -1.1751
2.2061 0.29249
-1.3093 1.2653
-0.8713 -1.5827
-0.3487 1.0792
-0.34692 -0.78084
1.5193 -1.8762
-0.16115 -1.2492
-1.6095 0.6522
1.3652 -0.86034
0.19913 0.87724
-1.8552 0.48178
-0.84346 -2.142
1.5301 1.7221
-0.9714 0.1538
-2.0821 1.9895
-0.99284 -0.19382
1.893 0.65772
1.2856 1.1684
1.5352 -1.8729
-1.437 1.2408
0.57724 1.5089
-2.1646 -0.26195
1.9453 -0.75906
1.2178 1.1518
1.2233 -0.29498
0.5999 0.22991
-1.5673 1.507
-1.716 -0.38058
0.27776 -0.24503
-2.234 1.1315
-0.90089 1.3644
-1.5812 -1.7204
-2.0651 1.3285
-1.5436 1.1561
1.6038 -0.31279
-0.57199 1.5016
0.68078 1.9885
-0.68621 0.6475
1.3343 -1.6252
-0.2667 1.4545
-2.0863 0.8466
0.46647 -1.431
0.96261 1.8682
-1.4701 0.43388
1.4848 -0.6626
-1.4804 0.41782
2.2483 1.6561
-0.54895 1.8723
0.61529 -0.65122
0.23489 2.2466
2.0588 -0.50797
1.4723 0.70114
0.50889 -0.30449
-2.1858 -0.10988
-0.64212 1.5868
1.5192 -1.1774
0.54994 0.62365
-1.3248 -1.6969
0.15529 0.88952
-0.10098 1.5468
-2.2503 -0.92516
-2.1895 -0.56154
0.68541 -2.0601
1.3272 -1.1119
-1.2277 -0.64246
1.9454 -1.4956
-1.8577 1.0454
-1.1913 0.70102
-1.0402 -0.82759
0.51403 -0.78039
1.7015 2.0811
0.42704 -0.38584
0.055559 0.5143
-0.49553 1.384
0.18892 -1.8677
-1.9129 -1.6525
1.732 -0.70469
1.1965 0.96599
0.79029 1.4729
-0.097861 1.5129
1.2768 0.30577
-1.8419 -0.75153
0.0088494 0.37659
-0.26868 -1.9593
0.58508 -0.71108
-1.4993 2.1318
0.45064 0.038928
-1.4483 2.0464
-1.3471 -1.1715
-0.16407 -0.44369
-1.2199 -0.023117
-0.72455 -1.4935
0.18368 0.98925
0.0021534 2.0111
-0.91679 0.7878
-0.82434 -1.2489
0.50203 0.67607
0.98823 1.3186
0.63567 -1.5627
1.2069 0.39493
-0.60539 -0.54516
-0.46934 1.3704
0.34916 -1.2356
-0.37308 -1.5888
-1.7736 0.16005
-0.063924 0.25361
-2.0391 -1.7802
-0.42422 0.62673
-0.064526 1.8996
-1.1065 -1.0637
-0.060429 0.23375
-1.4754 1.2706
-1.0657 1.3645
1.3006 1.4125
-0.72665 0.050154
-0.41291 1.413
0.55352 0.99027
0.84833 1.0337
0.92405 -1.4841
-1.8436 -0.67759
-0.80506 -0.084566
-2.1477 -0.3426
-2.1571 0.75959
-0.82154 -1.8062
1.7728 1.0136
-1.0716 0.62738
1.3692 -1.3824
1.2 0.92235
0.89256 0.44473
1.8214 -0.40028
-0.38489 1.6178
1.8473 1.1992
-0.45252 -1.363
-0.46888 0.41664
-1.8438 1.8619
1.9605 1.1542
1.1014 0.90746
-2.1465 1.4015
-0.46023 1.8521
-0.58354 0.74648
1.6927 0.58822
-1.6379 -1.5201
1.5743 -0.0031129
1.4754 -1.4949
-1.025 1.8974
0.25888 -1.533
-0.17577 1.6137
-0.40921 -1.7787
2.2232 -0.43328
0.4678 0.032805
1.5072 0.99897
-1.9224 0.0094253
-0.87 -1.9185
-0.48149 -1.9637
-2.0117 1.3534
0.74744 -0.95129
0.88908 1.8804
0.72677 0.055127
-2.0591 1.3009
0.71667 1.7624
-0.99649 -0.97283
1.7114 -0.18563
1.9526 0.5525
2.1243 1.1711
-1.3953 1.7835
0.0015464 1.7744
0.080841 -1.4532
0.49401 1.1496
1.0821 1.9762
1.3993 0.17068
-1.2608 2.0518
-0.58209 -0.60263
-1.1641 1.6518
-0.89551 0.22496
-0.13809 1.3126
-1.0737 1.438
1.6686 1.1558
-2.1613 1.0134
-1.747 -0.34929
-1.9062 -0.23685
-1.5438 -1.3315
0.41367 1.4484
0.31867 1.8518
1.9075 -1.3551
-1.4824 1.7543
0.16257 0.91628
-0.52193 -1.5692
-0.15909 1.527
1.3853 1.9363
-0.31207 0.79531
1.8197 1.6618
-0.42819 -1.5252
0.79009 -1.5279
1.7692 1.7368
0.13461 -0.39704
0.77337 1.4847
-0.2966 1.2279
-1.2862 -0.40259
-2.1654 -0.15443
0.54686 0.68469
2.1943 1.0674
0.45297 0.039371
1.802 -1.4598
-1.6552 -0.71424
1.5756 2.0794
1.0507 1.0305
-0.87187 1.0041
1.8155 0.12816
-0.29122 -0.097838
-1.0811 0.32985
2.2395 -0.01355
2.1277 -1.281
-1.431 -0.98575
-2.2401 2.0253
1.9784 -1.4097
0.46417 -0.11341
-1.2008 -0.10524
-1.7247 0.87588
2.1334 -0.16451
1.848 0.21924
1.8276 -0.34142
2.1552 -1.1426
-0.58725 0.28538
0.42112 -0.17506
-1.4341 2.1265
-2.0276 1.0931
1.1158 1.0988
2.2481 -0.76151
0.27892 -0.40335
-1.9066 0.16839
-0.7513 1.2291
0.61338 1.6207
-1.4445 -0.076762
1.6569 -0.31955
-0.56067 1.401
-1.1455 -0.97488
-1.7246 2.1735
-0.19777 -1.487
0.95066 1.3754
-1.0279 0.21122
-1.04 1.3873
-0.246 0.27667
-1.0044 -0.037631
-1.6135 1.4158
-1.9974 -1.402
-1.8503 1.6015
-0.41294 -0.80576
-1.657 -0.1017
1.5526 -0.5421
1.8993 -0.019657
1.0888 -0.86235
-1.1211 -1.2407
0.65848 -1.6346
1.0463 2.1381
0.91007 0.99833
-0.99684 -0.57662
-0.37214 0.37817
-1.2131 2.078
-0.98888 0.64338
1.8513 0.10485
-1.5942 -1.9791
0.065979 1.9914
0.22714 0.25625
-1.8716 -0.88805
-2.0043 -1.2724
0.36769 -1.187
1.8939 2.1585
0.30349 0.94513
-0.47196 0.21847
-1.7543 1.2752
-0.81236 0.053075
0.22661 2.0049
0.27504 -1.3914
-0.034735 -0.033432
-1.2255 0.93384
1.7605 -0.73592
1.2428 -1.0796
2.2021 -0.83717
0.41501 2.2028
-1.8457 1.811
1.8566 -0.78002
0.9764 0.26875
-0.46779 -0.053892
0.30973 1.182
1.2505 1.8844
-0.76396 1.3335
-1.9077 -1.4527
-2.0673 -0.78941
1.6336 -1.6264
-0.77566 0.35945
-1.8221 0.98062
1.6925 0.89017
0.83322 1.6311
2.0298 0.62232
1.1804 -1.0337
-0.039266 -1.6936
-2.2182 -1.4845
0.014194 1.2431
-1.2655 -0.87143
-0.17615 1.8293
-0.48421 0.46424
0.46411 1.5975
0.78792 1.6999
-0.99549 -1.1073
1.6482 0.74421
2.1993 1.1192
-1.5839 -0.68853
1.319 -0.2104
-0.20645 -0.89287
1.1143 -0.1079
2.1893 0.99926
-0.75123 1.9674
0.32913 -0.24849
0.62324 1.4342
-1.8078 2.2079
0.12555 0.055673
-1.7983 -1.3372
1.9255 2.0818
0.33631 0.82727
1.9158 -0.61656
1.7411 -0.88153
0.078957 2.0169
0.2914 1.6431
-2.1416 -1.0135
-1.7689 -1.6758
1.0057 1.141
1.8818 0.87729
1.018 0.010003
-0.2754 0.54415
1.3861 1.3507
1.9707 0.57896
0.54654 -1.5963
1.5188 -0.45267
-1.2453 2.2394
-2.0974 -0.15269
0.73532 1.9777
0.58721 -0.10671
1.8678 1.2403
-0.11878 -0.067969
2.0791 -0.33454
-0.80887 -1.7484
1.0769 1.6967
-0.76228 1.4241
-1.027 1.2447
0.84721 1.9994
1.9329 -1.1675
1.4381 0.54219
&
