# Grace project file
#
@version 50125
@page size 792, 612
@page scroll 5%
@page inout 5%
@link page off
@map font 8 to "Courier", "Courier"
@map font 10 to "Courier-Bold", "Courier-Bold"
@map font 14 to "Courier-BoldItalic", "Courier-BoldItalic"
@map font 11 to "Courier-BoldOblique", "Courier-BoldOblique"
@map font 16 to "Courier-Italic", "Courier-Italic"
@map font 9 to "Courier-Oblique", "Courier-Oblique"
@map font 18 to "Courier-Regular", "Courier-Regular"
@map font 19 to "D050000L-Regular", "D050000L-Regular"
@map font 20 to "Dingbats-Regular", "Dingbats-Regular"
@map font 4 to "Helvetica", "Helvetica"
@map font 6 to "Helvetica-Bold", "Helvetica-Bold"
@map font 7 to "Helvetica-BoldOblique", "Helvetica-BoldOblique"
@map font 5 to "Helvetica-Oblique", "Helvetica-Oblique"
@map font 25 to "NimbusMonoL-Bold", "NimbusMonoL-Bold"
@map font 26 to "NimbusMonoL-BoldOblique", "NimbusMonoL-BoldOblique"
@map font 27 to "NimbusMonoL-Regular", "NimbusMonoL-Regular"
@map font 28 to "NimbusMonoL-RegularOblique", "NimbusMonoL-RegularOblique"
@map font 29 to "NimbusMonoPS-Bold", "NimbusMonoPS-Bold"
@map font 30 to "NimbusMonoPS-BoldItalic", "NimbusMonoPS-BoldItalic"
@map font 31 to "NimbusMonoPS-Italic", "NimbusMonoPS-Italic"
@map font 32 to "NimbusMonoPS-Regular", "NimbusMonoPS-Regular"
@map font 33 to "NimbusRoman-Bold", "NimbusRoman-Bold"
@map font 34 to "NimbusRoman-BoldItalic", "NimbusRoman-BoldItalic"
@map font 35 to "NimbusRoman-Italic", "NimbusRoman-Italic"
@map font 36 to "NimbusRoman-Regular", "NimbusRoman-Regular"
@map font 37 to "NimbusRomanNo9L-Medium", "NimbusRomanNo9L-Medium"
@map font 38 to "NimbusRomanNo9L-MediumItalic", "NimbusRomanNo9L-MediumItalic"
@map font 39 to "NimbusRomanNo9L-Regular", "NimbusRomanNo9L-Regular"
@map font 40 to "NimbusRomanNo9L-RegularItalic", "NimbusRomanNo9L-RegularItalic"
@map font 41 to "NimbusSans-Bold", "NimbusSans-Bold"
@map font 42 to "NimbusSans-BoldItalic", "NimbusSans-BoldItalic"
@map font 43 to "NimbusSans-Italic", "NimbusSans-Italic"
@map font 44 to "NimbusSans-Regular", "NimbusSans-Regular"
@map font 45 to "NimbusSansL-Bold", "NimbusSansL-Bold"
@map font 46 to "NimbusSansL-BoldCondensed", "NimbusSansL-BoldCondensed"
@map font 47 to "NimbusSansL-BoldCondensedItalic", "NimbusSansL-BoldCondensedItalic"
@map font 48 to "NimbusSansL-BoldItalic", "NimbusSansL-BoldItalic"
@map font 49 to "NimbusSansL-Regular", "NimbusSansL-Regular"
@map font 50 to "NimbusSansL-RegularCondensed", "NimbusSansL-RegularCondensed"
@map font 51 to "NimbusSansL-RegularCondensedItalic", "NimbusSansL-RegularCondensedItalic"
@map font 52 to "NimbusSansL-RegularItalic", "NimbusSansL-RegularItalic"
@map font 53 to "NimbusSansNarrow-Bold", "NimbusSansNarrow-Bold"
@map font 54 to "NimbusSansNarrow-BoldOblique", "NimbusSansNarrow-BoldOblique"
@map font 55 to "NimbusSansNarrow-Oblique", "NimbusSansNarrow-Oblique"
@map font 56 to "NimbusSansNarrow-Regular", "NimbusSansNarrow-Regular"
@map font 57 to "P052-Bold", "P052-Bold"
@map font 58 to "P052-BoldItalic", "P052-BoldItalic"
@map font 59 to "P052-Italic", "P052-Italic"
@map font 60 to "P052-Roman", "P052-Roman"
@map font 61 to "StandardSymbolsL-Regular", "StandardSymbolsL-Regular"
@map font 62 to "StandardSymbolsPS-Regular", "StandardSymbolsPS-Regular"
@map font 12 to "Symbol", "Symbol"
@map font 2 to "Times-Bold", "Times-Bold"
@map font 3 to "Times-BoldItalic", "Times-BoldItalic"
@map font 1 to "Times-Italic", "Times-Italic"
@map font 0 to "Times-Roman", "Times-Roman"
@map font 68 to "URWBookman-Demi", "URWBookman-Demi"
@map font 69 to "URWBookman-DemiItalic", "URWBookman-DemiItalic"
@map font 70 to "URWBookman-Light", "URWBookman-Light"
@map font 71 to "URWBookman-LightItalic", "URWBookman-LightItalic"
@map font 72 to "URWBookmanL-DemiBold", "URWBookmanL-DemiBold"
@map font 73 to "URWBookmanL-DemiBoldItalic", "URWBookmanL-DemiBoldItalic"
@map font 74 to "URWBookmanL-Light", "URWBookmanL-Light"
@map font 75 to "URWBookmanL-LightItalic", "URWBookmanL-LightItalic"
@map font 76 to "URWChanceryL-MediumItalic", "URWChanceryL-MediumItalic"
@map font 77 to "URWGothic-Book", "URWGothic-Book"
@map font 78 to "URWGothic-BookOblique", "URWGothic-BookOblique"
@map font 79 to "URWGothic-Demi", "URWGothic-Demi"
@map font 80 to "URWGothic-DemiOblique", "URWGothic-DemiOblique"
@map font 81 to "URWGothicL-Book", "URWGothicL-Book"
@map font 82 to "URWGothicL-BookOblique", "URWGothicL-BookOblique"
@map font 83 to "URWGothicL-Demi", "URWGothicL-Demi"
@map font 84 to "URWGothicL-DemiOblique", "URWGothicL-DemiOblique"
@map font 85 to "URWPalladioL-Bold", "URWPalladioL-Bold"
@map font 86 to "URWPalladioL-BoldItalic", "URWPalladioL-BoldItalic"
@map font 87 to "URWPalladioL-Italic", "URWPalladioL-Italic"
@map font 88 to "URWPalladioL-Roman", "URWPalladioL-Roman"
@map font 89 to "Utopia-Bold", "Utopia-Bold"
@map font 90 to "Utopia-BoldItalic", "Utopia-BoldItalic"
@map font 91 to "Utopia-Italic", "Utopia-Italic"
@map font 92 to "Utopia-Regular", "Utopia-Regular"
@map font 93 to "Z003-MediumItalic", "Z003-MediumItalic"
@map font 13 to "ZapfDingbats", "ZapfDingbats"
@map color 0 to (255, 255, 255), "white"
@map color 1 to (0, 0, 0), "black"
@map color 2 to (255, 0, 0), "red"
@map color 3 to (0, 255, 0), "green"
@map color 4 to (0, 0, 255), "blue"
@map color 5 to (255, 255, 0), "yellow"
@map color 6 to (188, 143, 143), "brown"
@map color 7 to (220, 220, 220), "grey"
@map color 8 to (148, 0, 211), "violet"
@map color 9 to (0, 255, 255), "cyan"
@map color 10 to (255, 0, 255), "magenta"
@map color 11 to (255, 165, 0), "orange"
@map color 12 to (114, 33, 188), "indigo"
@map color 13 to (103, 7, 72), "maroon"
@map color 14 to (64, 224, 208), "turquoise"
@map color 15 to (0, 139, 0), "green4"
@reference date 0
@date wrap off
@date wrap year 1950
@default linewidth 1.0
@default linestyle 1
@default color 1
@default pattern 1
@default font 0
@default char size 1.000000
@default symbol size 1.000000
@default sformat "%.8g"
@background color 0
@page background fill on
@timestamp off
@timestamp 0.03, 0.03
@timestamp color 1
@timestamp rot 0
@timestamp font 0
@timestamp char size 1.000000
@timestamp def "Sun Oct 16 20:03:55 2022"
@r0 off
@link r0 to g0
@r0 type above
@r0 linestyle 1
@r0 linewidth 1.0
@r0 color 1
@r0 line 0, 0, 0, 0
@r1 off
@link r1 to g0
@r1 type above
@r1 linestyle 1
@r1 linewidth 1.0
@r1 color 1
@r1 line 0, 0, 0, 0
@r2 off
@link r2 to g0
@r2 type above
@r2 linestyle 1
@r2 linewidth 1.0
@r2 color 1
@r2 line 0, 0, 0, 0
@r3 off
@link r3 to g0
@r3 type above
@r3 linestyle 1
@r3 linewidth 1.0
@r3 color 1
@r3 line 0, 0, 0, 0
@r4 off
@link r4 to g0
@r4 type above
@r4 linestyle 1
@r4 linewidth 1.0
@r4 color 1
@r4 line 0, 0, 0, 0
@g0 on
@g0 hidden false
@g0 type XY
@g0 stacked false
@g0 bar hgap 0.000000
@g0 fixedpoint off
@g0 fixedpoint type 0
@g0 fixedpoint xy 0.000000, 0.000000
@g0 fixedpoint format general general
@g0 fixedpoint prec 6, 6
@with g0
@    world -3, -3, 3, 3
@    stack world 0, 0, 0, 0
@    znorm 1
@    view 0.250000, 0.150000, 1.150000, 0.850000
@    title "X-Y scatter plot"
@    title font 0
@    title size 1.500000
@    title color 1
@    subtitle ""
@    subtitle font 0
@    subtitle size 1.000000
@    subtitle color 1
@    xaxes scale Normal
@    yaxes scale Normal
@    xaxes invert off
@    yaxes invert off
@    xaxis  on
@    xaxis  type zero false
@    xaxis  offset 0.000000 , 0.000000
@    xaxis  bar on
@    xaxis  bar color 1
@    xaxis  bar linestyle 1
@    xaxis  bar linewidth 1.0
@    xaxis  label "X (cm)"
@    xaxis  label layout para
@    xaxis  label place auto
@    xaxis  label char size 1.000000
@    xaxis  label font 0
@    xaxis  label color 1
@    xaxis  label place normal
@    xaxis  tick on
@    xaxis  tick major 1
@    xaxis  tick minor ticks 1
@    xaxis  tick default 6
@    xaxis  tick place rounded true
@    xaxis  tick in
@    xaxis  tick major size 1.000000
@    xaxis  tick major color 1
@    xaxis  tick major linewidth 1.0
@    xaxis  tick major linestyle 1
@    xaxis  tick major grid off
@    xaxis  tick minor color 1
@    xaxis  tick minor linewidth 1.0
@    xaxis  tick minor linestyle 1
@    xaxis  tick minor grid off
@    xaxis  tick minor size 0.500000
@    xaxis  ticklabel on
@    xaxis  ticklabel format general
@    xaxis  ticklabel prec 5
@    xaxis  ticklabel formula ""
@    xaxis  ticklabel append ""
@    xaxis  ticklabel prepend ""
@    xaxis  ticklabel angle 0
@    xaxis  ticklabel skip 0
@    xaxis  ticklabel stagger 0
@    xaxis  ticklabel place normal
@    xaxis  ticklabel offset auto
@    xaxis  ticklabel offset 0.000000 , 0.010000
@    xaxis  ticklabel start type auto
@    xaxis  ticklabel start 0.000000
@    xaxis  ticklabel stop type auto
@    xaxis  ticklabel stop 0.000000
@    xaxis  ticklabel char size 1.000000
@    xaxis  ticklabel font 0
@    xaxis  ticklabel color 1
@    xaxis  tick place both
@    xaxis  tick spec type none
@    yaxis  on
@    yaxis  type zero false
@    yaxis  offset 0.000000 , 0.000000
@    yaxis  bar on
@    yaxis  bar color 1
@    yaxis  bar linestyle 1
@    yaxis  bar linewidth 1.0
@    yaxis  label "Y (cm)"
@    yaxis  label layout para
@    yaxis  label place auto
@    yaxis  label char size 1.000000
@    yaxis  label font 0
@    yaxis  label color 1
@    yaxis  label place normal
@    yaxis  tick on
@    yaxis  tick major 1
@    yaxis  tick minor ticks 1
@    yaxis  tick default 6
@    yaxis  tick place rounded true
@    yaxis  tick in
@    yaxis  tick major size 1.000000
@    yaxis  tick major color 1
@    yaxis  tick major linewidth 1.0
@    yaxis  tick major linestyle 1
@    yaxis  tick major grid off
@    yaxis  tick minor color 1
@    yaxis  tick minor linewidth 1.0
@    yaxis  tick minor linestyle 1
@    yaxis  tick minor grid off
@    yaxis  tick minor size 0.500000
@    yaxis  ticklabel on
@    yaxis  ticklabel format general
@    yaxis  ticklabel prec 5
@    yaxis  ticklabel formula ""
@    yaxis  ticklabel append ""
@    yaxis  ticklabel prepend ""
@    yaxis  ticklabel angle 0
@    yaxis  ticklabel skip 0
@    yaxis  ticklabel stagger 0
@    yaxis  ticklabel place normal
@    yaxis  ticklabel offset auto
@    yaxis  ticklabel offset 0.000000 , 0.010000
@    yaxis  ticklabel start type auto
@    yaxis  ticklabel start 0.000000
@    yaxis  ticklabel stop type auto
@    yaxis  ticklabel stop 0.000000
@    yaxis  ticklabel char size 1.000000
@    yaxis  ticklabel font 0
@    yaxis  ticklabel color 1
@    yaxis  tick place both
@    yaxis  tick spec type none
@    altxaxis  off
@    altyaxis  off
@    legend on
@    legend loctype view
@    legend 0.6, 0.75
@    legend box color 1
@    legend box pattern 1
@    legend box linewidth 1.0
@    legend box linestyle 1
@    legend box fill color 0
@    legend box fill pattern 1
@    legend font 0
@    legend char size 1.000000
@    legend color 1
@    legend length 4
@    legend vgap 1
@    legend hgap 1
@    legend invert false
@    frame type 0
@    frame linestyle 1
@    frame linewidth 1.0
@    frame color 1
@    frame pattern 1
@    frame background color 0
@    frame background pattern 0
@    s0 hidden false
@    s0 type xy
@    s0 symbol 1
@    s0 symbol size 1.000000
@    s0 symbol color 1
@    s0 symbol pattern 1
@    s0 symbol fill color 1
@    s0 symbol fill pattern 0
@    s0 symbol linewidth 1.0
@    s0 symbol linestyle 1
@    s0 symbol char 65
@    s0 symbol char font 0
@    s0 symbol skip 0
@    s0 line type 1
@    s0 line linestyle 0
@    s0 line linewidth 1.0
@    s0 line color 1
@    s0 line pattern 1
@    s0 baseline type 0
@    s0 baseline off
@    s0 dropline off
@    s0 fill type 0
@    s0 fill rule 0
@    s0 fill color 1
@    s0 fill pattern 1
@    s0 avalue off
@    s0 avalue type 2
@    s0 avalue char size 1.000000
@    s0 avalue font 0
@    s0 avalue color 1
@    s0 avalue rot 0
@    s0 avalue format general
@    s0 avalue prec 3
@    s0 avalue prepend ""
@    s0 avalue append ""
@    s0 avalue offset 0.000000 , 0.000000
@    s0 errorbar on
@    s0 errorbar place both
@    s0 errorbar color 1
@    s0 errorbar pattern 1
@    s0 errorbar size 1.000000
@    s0 errorbar linewidth 1.0
@    s0 errorbar linestyle 1
@    s0 errorbar riser linewidth 1.0
@    s0 errorbar riser linestyle 1
@    s0 errorbar riser clip off
@    s0 errorbar riser clip length 0.100000
@    s0 comment "EllipseSourcePhsp"
@    s0 legend  "IQ = 0 NO LATCH CHECK"
@target G0.S0
@type xy
0.11939 0.85709
-0.081351 1.8474
0.58299 1.8267
-1.6712 0.34757
0.64986 -0.67527
-1.2581 -0.19618
-1.6122 0.32507
-2.072 -0.19093
0.48234 -1.47
-1.937 0.27512
1.0073 1.3297
-0.74875 -0.40282
1.0758 0.63177
-1.3933 1.6802
-1.0565 0.20392
0.89395 -0.27567
-2.2171 -0.83644
-0.16276 2.0936
0.26946 -0.45521
-2.1705 1.1502
0.54995 -1.9007
-1.907 2.0346
-0.83641 0.73726
-0.66699 -2.0419
1.0355 -0.8457
-0.65456 -0.84325
-0.47113 -0.60682
0.31694 1.8527
1.667 0.38439
-0.011482 0.48492
-1.3899 0.42105
-1.1254 -0.57703
-2.0438 1.1526
-0.74225 -1.1495
0.32446 -0.063577
0.70428 2.001
1.5827 1.3715
1.5883 1.4873
-1.1735 -2.0698
0.56871 -1.325
0.61027 1.3772
1.6991 2.0639
1.2803 0.13734
-1.8049 -0.60608
1.2502 0.45085
-0.40302 0.14845
-0.077489 -0.39184
0.34059 -1.5698
-0.88342 1.73
-0.020306 1.6084
0.45212 2.1569
-1.126 -0.16296
0.44045 0.89753
-0.32547 1.4531
0.39371 1.1621
1.0772 -1.4885
-0.67666 -1.1676
-1.388 0.97655
-0.90694 -0.81699
0.61087 -0.011443
1.2363 0.43917
-1.4512 -1.4029
-1.2115 1.4561
-0.1228 0.16441
-1.4229 -0.062964
0.025104 2.0711
-2.059 -0.59006
-0.26624 1.1738
-0.9698 0.16018
2.1987 -0.36919
0.11767 0.51265
1.4331 -1.9424
-1.5031 -1.2117
-1.8987 -0.16759
-0.89066 2.0423
1.38 1.45
1.4372 1.6458
-1.0457 1.6539
1.3835 -0.14417
0.35525 0.56408
-1.6554 -0.13062
0.55588 -1.3401
0.29342 -2.0181
-0.96055 -1.926
-1.3292 -0.3382
0.21342 -0.251
0.40587 -0.80589
-0.10084 -1.2653
1.0474 0.38253
0.22542 -1.0752
-0.79185 0.7744
-0.72758 0.095258
0.59309 1.8599
-1.8592 0.82557
2.1635 1.3046
-1.08 -0.041853
-1.8865 -1.6365
0.62486 -1.2688
0.21198 -1.1266
-2.017 -1.825
-1.3103 1.6909
0.50076 -0.38685
1.9655 0.94265
0.53822 0.40456
2.2179 -0.63634
2.2111 -1.4444
2.2057 -0.63767
0.82318 -1.8389
-1.9646 -1.4785
-2.1036 -1.7468
2.1276 1.8561
-0.20684 0.37169
0.2113 1.9439
-1.0891 0.25072
-0.5295 0.67577
-1.8355 -1.7382
0.19072 -0.86733
0.39056 -0.28084
-1.6855 1.0552
2.2354 -1.1059
1.2768 0.88277
-0.01004 0.9915
2.0918 -1.6862
1.437 0.56058
0.19315 1.8607
-1.1992 -1.4045
1.2324 0.58526
-1.8177 1.6024
-2.033 -1.3012
2.1382 1.6242
0.58776 -0.51393
1.786 -0.94013
-1.8961 0.43307
1.3061 -0.059486
-1.7819 0.93807
2.0945 1.9401
0.95281 0.70209
1.6509 1.4412
-1.3448 0.46802
2.0057 0.41559
0.087903 -0.45518
-0.65489 -0.8515
0.0049629 1.2122
-1.3426 -0.12423
2.0544 -0.63721
-0.68496 -0.65999
-1.4274 2.1725
-0.94584 1.072
-0.1627 1.1602
-2.2274 -1.2428
1.5877 -1.224
-0.3369 1.5375
1.2949 1.9351
-2.1968 1.9275
-1.7375 -1.2916
-1.2513 1.1328
-1.5821 0.0039554
1.8192 -1.478
0.55618 -0.51853
-0.46905 -1.3601
-0.78719 1.4436
2.2156 -1.3404
-0.85657 1.9328
1.1714 -1.9197
0.96974 1.7157
-2.003 2.1458
-0.38188 -1.441
-2.1401 -0.31165
-0.2419 0.089364
-1.3433 1.3176
2.096 0.37576
-1.1468 0.5583
-0.7514 0.045111
-1.509 -0.50371
-0.26276 -0.45337
0.71443 0.47529
-1.1004 0.72474
0.065748 1.1586
1.4145 0.027279
-0.43263 -0.45315
0.77436 0.64906
1.7157 2.2311
-0.33357 0.38965
-1.1838 -1.8624
0.0099681 1.7284
0.13474 1.8988
-2.0386 0.74228
1.3517 -0.97967
-1.2549 0.76717
-1.415 1.8747
2.2357 1.1981
2.12 1.7658
0.87015 2.1115
-0.33435 -0.30585
1.6864 1.065
1.8638 0.069519
1.508 1.1039
-0.036803 -0.1759
2.0146 1.7864
0.23369 1.1369
0.28815 -1.579
-1.7335 0.61753
-2.035 2.1081
-0.53292 1.1374
0.86103 1.3967
-1.645 0.18599
-1.2378 -1.1523
0.82143 -1.0042
0.24808 0.96885
-1.4656 1.8251
0.6627 -1.0361
-0.96102 1.2896
-1.7216 -0.85743
-0.14445 0.29971
-0.86983 -0.57344
-0.43619 -0.48308
2.1904 1.9931
0.82119 0.58083
-0.72353 0.32055
0.0096964 0.95302
-0.55595 -1.5742
2.1068 1.0354
0.54217 -0.26047
0.48619 -0.59262
0.94784 0.50955
-0.67436 1.3885
1.1791 1.8601
-0.51698 0.58638
1.6992 -0.76401
-1.6309 -1.1831
-1.5155 0.93236
0.14033 -0.015345
1.2508 2.2105
0.94193 0.15792
1.5593 0.42514
0.9063 -1.3778
-0.44269 -0.0019769
-1.9888 0.27033
1.3477 -1.3291
-0.5857 -1.1043
1.921 2.1858
-0.94004 -0.65332
0.29739 -1.1893
1.39 -1.5116
1.1501 -1.0221
-0.21321 -1.0959
-0.80989 0.28193
-1.2958 0.13377
2.0978 -0.051801
-0.42073 -1.1848
-0.58886 -1.9856
1.5171 -1.0542
-0.61408 1.2492
0.94093 1.7833
-1.205 0.64865
-0.59751 1.1612
1.6728 -1.5339
-1.291 0.57648
0.53444 -1.3637
0.64694 -0.74293
0.65628 -1.1261
1.3661 -0.86608
-2.1737 1.0262
-0.75134 -1.4497
0.99132 1.7961
-2.0713 -1.7867
-0.49133 -0.037671
-0.70869 -2.0119
0.49972 1.2585
0.078699 0.16436
1.2436 1.7336
1.3896 -0.97225
-1.3857 0.073426
-0.31921 -1.2405
1.551 0.97237
0.71119 0.23796
2.1978 -2.1468
-1.3104 -1.7858
-0.88402 -0.099847
1.9315 0.082026
0.14656 2.1536
-1.6969 1.8066
1.2066 -0.43854
1.5318 -1.7594
-1.5436 0.041402
-1.448 0.2351
-0.70069 -0.49095
-1.3991 -0.039752
1.4958 1.5824
-0.93815 1.5724
-0.60859 -0.87356
-1.4231 1.5259
0.71639 -0.093315
0.57472 1.1327
-0.8271 -0.89961
-1.5362 -0.97302
0.37407 -1.1584
0.86285 -1.4538
-1.8094 0.63127
2.1951 1.977
1.6285 0.054806
-0.77133 0.36547
-0.54325 0.97899
-1.0298 0.59177
-1.5003 -0.46927
-0.88211 -0.1025
1.8352 1.8014
-1.5234 0.65193
-1.5293 0.10048
0.92341 -1.6611
2.0817 0.38358
0.81596 1.149
0.11001 2.0729
0.3874 -1.0889
0.8238 -0.4335
-2.1701 1.6221
-1.0556 -1.2388
0.31214 0.36234
1.6384 1.6556
0.021008 0.63264
1.7637 0.10904
-1.2369 -1.3795
0.55588 1.085
-1.5908 -1.92
-0.67397 -1.0318
1.1949 -1.6824
-1.057 1.2577
-0.68573 -1.4082
-0.11045 -0.32582
-0.48907 -1.8841
-0.62073 0.39925
-1.1106 -2.0708
-2.1384 -1.8265
1.2667 -0.42611
-0.020589 -0.7177
1.0734 -1.9639
-1.677 1.566
2.1877 1.4294
0.17643 1.1217
-1.6741 -1.0824
0.31625 0.11436
1.3185 1.8976
0.14565 0.4365
0.43156 -0.45151
-0.29358 1.9139
-0.81827 1.6598
-0.63028 1.1874
-0.020164 -0.75574
-1.7772 -0.40744
-0.29692 1.3518
-2.1717 0.22238
1.8956 -0.28971
-0.80713 -0.42739
-0.24143 1.1657
2.0767 0.6424
2.0746 2.0068
1.9725 2.1132
-0.86522 -2.0542
-2.0144 -0.75997
0.33414 -1.5904
-0.72012 1.1688
-0.29297 -1.3576
-1.0244 0.57723
-1.8983 1.0978
-1.9035 1.1247
-0.32185 -1.1619
1.5065 0.91472
1.2702 1.9569
0.9007 -1.7314
1.7787 -0.57735
-2.2197 0.79973
-0.6836 1.02
-2.082 0.7674
1.8613 1.343
0.47302 -0.039102
1.4675 0.267
0.80314 -1.7406
-1.8843 -0.55996
-0.40712 -1.4634
-0.72993 0.1684
1.6786 -0.0053711
-0.15309 -1.0358
-1.0158 2.021
-0.72728 0.64631
0.19489 0.69557
0.44281 -1.7778
0.5758 -1.109
1.5853 1.9098
-1.3529 -0.51411
-1.3903 1.2947
2.2436 -0.99303
1.5869 -1.8173
-1.2215 1.8174
1.4321 1.1711
-0.83329 0.24084
-0.00084863 0.46511
2.2216 0.58589
0.31723 2.0982
0.71307 0.30244
-2.1213 -1.0796
-0.66485 0.35215
-1.4369 1.5899
-1.7068 -0.87493
-0.62585 -0.81797
-1.1888 1.5765
1.2492 1.1192
-0.37446 0.39753
-2.0427 -1.5498
-1.3694 1.574
-2.2252 0.9038
0.13733 0.12717
-0.24354 1.7273
-1.1094 0.64176
-1.3383 0.081724
1.2795 0.26114
-1.5862 0.51408
-1.4651 -0.78979
0.91366 0.074091
-2.0161 -0.16969
-0.6629 0.20568
1.8644 -0.20992
0.80383 0.51486
-2.0109 0.517
0.99751 -1.3585
-0.040282 -0.082097
-0.5581 -1.5366
0.43847 0.43909
1.2066 -1.6056
0.10809 2.1322
-0.41946 -1.1916
1.6348 -1.4217
1.0035 -1.1549
0.33373 1.0219
-0.18679 1.0995
0.38648 1.1374
-0.070456 -0.88336
1.3723 -0.49135
1.6113 1.3166
-1.3188 2.1144
-0.14929 0.48318
-1.5492 -1.7503
1.5341 2.0894
0.6687 -1.4455
0.41854 0.85607
-1.3688 0.22477
-0.54605 1.903
-0.57174 -1.2197
0.13695 0.51634
0.43657 2.1781
-2.0253 0.026385
-0.16361 -1.6059
0.57539 -1.6457
1.6021 0.34029
-0.98909 0.61806
-0.65181 1.137
1.7538 -0.36449
1.7443 1.7746
-0.27798 -0.70467
-0.20522 1.1716
0.34663 -0.94778
0.43032 -1.7514
2.0304 -1.7411
1.1185 -0.55664
-1.509 -0.10809
1.7528 1.0938
0.27517 -1.1044
0.96607 1.2706
1.956 0.81585
0.69032 1.7202
2.0673 -0.3492
1.3583 1.9357
-0.24509 0.10497
0.73071 -1.3961
-1.3966 1.704
0.071684 0.015441
-1.4027 -1.2538
0.61767 0.35271
2.029 -1.4946
1.6325 -0.20961
-2.1666 0.83729
-1.735 -1.3888
-0.73121 1.6425
-1.8505 1.4788
0.94289 -1.8189
1.8127 2.0142
-0.056543 0.75233
-1.2831 -1.6032
0.61985 -1.3579
-0.31764 1.542
2.305 1.6012
-0.42946 1.4174
-1.727 1.4651
-0.39382 -1.7522
0.86077 -0.12515
-1.9684 0.90923
-1.9264 -1.7131
-0.66947 0.65071
1.1939 -0.66858
-1.2528 -0.41435
-0.11175 -1.8288
-0.64697 2.1985
-0.035878 1.2358
-0.066119 -1.5538
0.13065 0.84338
-0.3926 2.1849
2.2105 1.4693
1.3249 -1.1356
0.23075 1.7483
1.4822 0.85869
-2.0586 -0.25041
0.64055 -0.32417
-2.0893 1.1065
1.3156 2.0174
2.0726 -0.83354
0.24476 0.86596
0.3199 -0.41048
-1.2367 1.7076
0.25152 1.8368
1.4125 -2.0876
-2.1016 -0.0024564
-1.877 0.46049
1.3976 1.7052
-2.009 -1.7933
-0.050173 1.5095
2.2099 1.3505
2.2436 -0.76668
0.87948 0.50274
1.9473 -0.96073
0.22359 -1.0942
2.0136 2.1359
1.1557 1.9257
1.546 1.2175
-1.5171 1.2538
0.49165 0.51566
0.8396 1.8262
-1.4946 1.2124
1.7551 -0.65975
1.6133 1.8725
0.8507 0.40282
1.6725 -0.46518
-1.9262 1.7581
0.39558 -1.6433
-1.0113 -0.71142
1.6749 1.8384
0.66782 0.2641
-0.065113 -0.91537
-1.5329 1.1839
-2.2042 -0.21821
0.98555 -0.32869
-0.38139 1.7024
2.0841 -1.6743
-1.5428 -1.9975
-1.72 1.6843
1.6445 -0.95453
-2.2124 -1.1415
-0.83655 2.1203
1.1185 -1.0139
-1.8477 1.0916
-0.039715 2.0329
-2.2275 0.42014
-0.39566 2.2064
1.9317 0.65694
-0.3778 -2.0412
1.7205 0.81287
-0.78618 1.6354
-1.459 -1.8566
1.6475 -2.1937
-1.6571 1.5453
0.44306 -0.36392
-1.2965 0.15635
1.4295 0.53757
-1.9721 -1.4454
-0.22 1.2421
-0.70643 1.0777
1.3681 -1.2608
1.273 1.6741
1.1456 1.4918
0.38145 1.4806
0.23874 -0.41634
-0.10719 -0.54961
2.1084 1.4804
1.0887 -0.2192
1.9379 1.0882
2.202 2.0915
1.26 0.98468
1.0492 -0.6589
-0.7084 1.1409
1.1832 -0.5461
-1.3154 -1.3254
-0.20329 -0.91372
0.13678 -1.2689
0.41255 2.1354
1.8662 0.48492
-0.16675 1.8244
2.2437 -1.716
0.52949 1.0776
1.0834 2.1686
2.0031 -1.9228
-0.23332 -1.1122
1.7082 -0.067067
0.0531 0.11644
2.023 -0.48255
1.9332 -0.31416
0.80583 1.9763
-0.20424 0.19528
1.06 1.1431
-1.5379 -1.0406
2.1686 -0.16854
1.0793 0.50704
-2.1948 1.5647
0.10256 0.8706
-2.0995 -1.1136
0.77305 -0.51192
0.90204 -1.4505
-1.0951 -1.907
-0.13374 1.818
1.9082 -1.6558
1.806 1.4428
1.5862 -0.89559
-1.0882 0.0168
0.026054 1.0478
0.31656 0.96172
0.23587 2.0157
1.3838 0.76599
1.2127 -1.1746
-0.94771 0.28842
-2.0115 -0.35775
1.0343 -0.38896
0.36954 -0.46291
-1.5097 1.4321
1.5161 0.96819
-0.30302 1.1386
-1.9485 1.978
0.63755 0.0020296
0.35175 -1.8525
0.39569 -1.1795
1.3526 0.90917
0.016913 -1.3227
-0.36368 -2.0134
0.26643 -0.54875
-2.0561 1.1087
0.93773 -0.57413
0.23969 0.22869
-0.33362 -1.8434
1.1335 0.75486
-1.7586 0.0065286
0.64586 0.79297
-1.7037 -1.5301
-0.055565 0.3268
1.812 1.8568
-0.40487 -0.45603
0.64256 1.2939
0.26719 0.041077
-0.32591 1.7661
0.71252 1.0065
1.8593 0.62247
-1.3088 -1.861
0.70611 2.0565
0.51354 1.5972
1.6026 1.1769
-1.0695 0.34154
1.6238 1.5327
-1.3253 1.2776
-1.3148 -1.4543
-0.17211 0.89892
0.71737 -1.0909
1.8664 1.1205
0.24909 -0.92899
-1.8237 1.5417
0.056178 -1.107
-1.5279 0.18844
-0.63939 1.6611
-0.77958 1.27
0.98078 -1.6015
-0.23026 1.7231
-0.63186 -1.0522
1.8655 -0.85745
1.8674 -0.070961
0.93784 0.11795
1.7447 -0.61305
0.74005 -0.71458
2.1868 -1.4926
1.1428 -1.9029
-0.41478 -0.12544
-0.20546 -0.041003
-1.8707 -0.12632
1.1092 1.1724
0.72671 -1.7853
0.85753 -1.0741
-1.0153 1.6566
-0.6564 1.0001
0.58447 -0.67796
1.0873 0.52666
-1.016 1.1032
-2.1612 0.43118
-1.4448 2.0589
-1.8308 1.6501
-0.28489 -1.455
-1.3586 0.21566
-1.3839 0.92499
-2.0307 1.7403
-1.8515 0.82843
-1.5974 -0.46785
1.5859 1.6194
0.14494 1.0354
1.8677 -1.5231
1.6006 0.071247
-1.6659 0.45621
-0.20863 0.11995
-1.2321 -1.5012
-1.6438 -1.9324
-2.2322 0.21659
-1.4142 2.0242
0.35828 1.6755
-0.85107 0.87515
-1.1423 0.15213
-0.83022 2.1782
1.8143 -1.4046
-1.0014 -1.4646
-1.9042 0.48202
0.45907 0.64296
1.176 -1.072
0.2214 2.2354
-1.0159 -1.9511
-0.085651 -1.3561
-0.9802 0.48549
0.088861 0.21843
1.5192 -0.73417
1.1808 1.8425
-1.6858 -0.43319
0.55595 1.4301
0.56403 1.8993
0.17316 -1.931
-1.5789 -0.30658
-1.1576 2.0594
0.76401 2.0335
-0.75335 -1.2082
-1.7893 1.2393
-0.10055 0.27739
0.3346 -0.91298
-1.5645 0.29506
-1.8063 2.1227
0.34375 -0.93481
0.93258 0.16988
0.12724 0.12603
-0.44624 1.4022
-0.55421 2.0339
0.34718 -0.84536
0.148 1.9206
0.3415 -0.22239
-1.0742 1.3533
0.38139 -1.8849
-1.929 0.39669
0.22985 1.2057
-0.47137 1.4393
-0.91379 -0.89176
0.42833 -2.0028
0.65097 0.84555
-0.9429 1.913
-0.45162 1.4491
-0.31778 -1.1175
-1.9851 0.95309
1.4069 0.5751
-2.1554 0.72851
-1.6335 -1.0293
-1.324 0.93686
-1.2275 -1.6623
1.7444 -0.37809
0.96497 1.5368
-2.0354 0.3424
0.3315 0.095292
0.37122 2.1164
2.0305 -0.19417
-0.65495 0.56969
1.0393 0.51782
-1.0343 0.81493
-0.44168 -1.3694
-1.6401 0.87402
-0.4787 1.9802
1.7422 1.1742
2.0407 -0.18345
-0.55291 -0.15496
-2.0426 1.4118
1.9019 0.59042
0.33169 -1.6014
-0.54865 1.8491
1.0076 -1.0684
-0.89166 1.9247
-0.57819 -1.2525
-0.62295 -0.38635
-0.70436 -0.91151
0.11721 2.1541
1.3765 1.3675
-0.48775 0.11339
0.5871 1.8184
1.7931 -1.7631
0.058665 0.95883
1.5341 -0.80573
1.0688 -0.64058
0.02044 0.43895
-0.45945 1.4166
-0.054972 -0.09793
-0.6785 -0.95729
-1.0864 1.568
0.34003 -1.3318
0.99753 -1.2174
-0.38448 1.5088
-0.25168 0.26457
0.66617 1.4903
0.0064787 -1.5759
-0.49903 0.91981
0.24891 -0.050209
2.0946 1.3247
-0.79989 -1.1868
-1.0334 1.5513
-0.14833 -1.2628
0.064508 1.5855
-0.1653 -0.4044
-0.15365 1.4669
-2.0807 0.13608
1.3582 -0.40427
-0.98101 1.0698
0.089242 0.060626
-0.172 1.3092
-0.72187 -0.20011
0.9744 0.53054
-0.083649 -1.2208
2.0872 1.0601
-2.1862 -0.20977
-1.6027 1.1479
-0.72081 -0.44042
1.357 -0.40837
0.22336 -2.1149
0.78961 -1.2151
-1.7648 -0.9302
-0.48546 2.0861
-0.83598 1.3814
-0.50153 1.638
2.0014 -0.26578
-0.033852 -1.4182
-0.12007 1.6823
-1.1502 2.0533
-0.87977 -0.79257
-1.9227 -0.1615
2.1285 -0.57116
1.9723 -0.19839
1.8593 1.9843
-1.6185 0.018579
-2.1194 -1.6346
-1.3625 -1.3566
-0.90427 -1.6927
-1.9578 -0.94295
0.89946 -0.67889
-1.2544 1.9333
-0.58344 -1.4435
0.26568 -0.30467
-0.91508 0.14085
0.029367 -1.3114
0.39695 2.2357
0.56241 -0.70825
2.2163 -1.1704
-0.83005 -0.65833
2.1868 1.1346
-0.76255 -1.2352
-1.0462 -1.1655
-0.39402 2.0357
1.3895 -1.1529
1.8378 1.505
-1.847 -0.036939
-0.016065 1.9328
-0.16868 -0.56604
1.4463 0.11173
-1.6171 0.059015
0.5202 0.63478
-1.3666 -0.40277
1.9361 0.33274
-0.55077 2.0432
1.4854 1.0268
0.062261 -1.4641
2.1482 -0.90342
-0.5818 2.1344
-0.50636 0.57386
1.6965 -0.39149
0.32811 -1.1005
-1.9201 1.3267
-1.1788 0.48034
-0.11601 -0.40497
-0.87515 2.1407
-1.8278 0.11362
1.7195 0.43455
-0.87449 1.1583
-1.0871 0.13242
1.3692 -1.8768
-0.50956 1.6374
-1.5383 -1.1434
0.84974 1.8784
-0.52173 1.1359
-0.516 0.22192
1.5966 -1.9393
-0.13095 -0.77913
-1.9455 0.011517
-0.89285 1.9653
-0.40307 1.7208
-0.90044 1.5108
-0.068293 1.4576
0.86648 1.3358
1.0771 2.0098
2.0884 -0.52582
-1.719 0.4393
-1.6738 -1.1306
-0.16589 -0.060939
0.54936 -0.17456
-1.7622 2.2008
0.062098 0.67029
-1.5346 -1.4239
-0.086719 -1.6855
1.5147 1.8114
-1.194 -1.9595
0.51672 0.8795
-0.81063 -1.0728
-1.5538 0.13826
-1.6626 -1.4594
0.46342 1.3084
-0.56766 0.45937
0.077517 0.73455
0.26907 0.60406
-1.994 -1.434
-1.3372 0.75789
-1.3177 1.5261
-1.9078 -1.657
1.3614 -0.26661
-0.075361 1.7543
-0.26189 0.67205
-0.48839 1.4536
0.17587 2.0621
-0.89549 0.86644
-0.26348 1.3706
-1.9568 0.34167
1.3094 -0.42086
1.2438 -0.073668
0.67643 -0.73001
-1.7825 1.0584
1.5255 0.68748
1.0428 -0.92578
-0.77962 -1.116
1.5545 -1.542
-0.80287 1.1516
1.3043 1.0627
-0.30025 0.55287
-1.0551 -1.2277
-1.9415 -0.86338
-1.7881 -1.2502
-0.50224 0.4912
-1.6604 0.11577
-0.61894 -0.58028
0.26664 0.0077869
-1.0588 1.2027
0.73001 1.1859
0.12612 -0.27903
-1.4696 1.091
-0.28258 -0.39363
0.56533 0.56778
-1.1061 0.64228
-1.94 1.297
-1.6714 -1.4031
1.8329 0.34937
-1.8524 1.2461
2.1704 -1.4341
1.7997 -0.081813
-0.7864 -0.077688
-1.5946 1.9844
-0.21395 -0.17559
-0.191 -0.60392
-1.1708 1.8457
-0.32766 1.0204
-1.1323 -0.57456
-1.6489 -0.34254
0.50697 -1.9554
0.33453 1.9336
-0.6235 -0.31133
2.2206 -0.95211
1.9521 -0.7673
-0.45414 -0.71743
-0.9087 -2.0607
-0.091612 -1.1684
-1.1693 -0.89351
1.1237 -1.0665
-0.97853 1.0175
0.052021 1.3259
0.99224 1.6319
0.11621 2.1968
-0.23706 -1.4967
-1.3269 -0.76318
0.033728 0.50562
-1.4162 -0.18869
0.14483 -0.17018
1.0116 2.0851
1.4174 1.9304
-2.1543 -0.90999
0.21143 0.84631
2.0899 -1.8438
1.9297 -0.86496
1.7758 0.306
0.82367 0.51341
0.11175 1.4638
1.165 -0.54334
1.7218 1.109
-1.7591 2.1361
0.83334 2.0666
-1.3885 1.0949
-2.2506 1.2692
-0.18914 -0.71227
-0.16787 0.85747
2.2424 1.3024
0.73098 1.3877
-1.4123 1.8154
-1.1537 -1.4665
-0.94665 1.599
-0.43586 -0.12714
2.0132 1.6536
0.74163 0.065961
-0.67079 2.093
1.1833 0.75573
0.88613 -0.69186
1.0149 -1.5471
-0.48022 1.4352
1.451 0.34843
2.0698 1.784
-1.4182 -1.2712
0.62596 -1.5661
0.81412 -0.75169
-1.257 -0.37597
-0.39749 1.2885
0.16956 -0.84621
0.17934 1.4549
-1.0074 -1.2976
2.2102 2.072
-2.2158 -0.84423
-1.0994 1.0167
-1.7548 1.8297
0.98125 1.0531
-0.019581 1.4673
1.6687 -1.9822
1.2486 1.1758
1.8173 1.7469
1.9992 -0.58547
-0.88776 0.6249
-0.64127 1.9734
-1.5588 -1.7834
1.1633 0.06996
0.20551 -0.78826
-0.21946 0.63394
-0.127 -1.0304
2.216 -1.7386
1.2705 0.83107
-0.13616 2.0267
1.4633 -1.3649
0.86209 -1.1414
-0.047298 -0.34655
-2.0412 -0.12764
0.89001 1.9301
0.85829 0.51073
0.39688 0.0042813
-1.6406 0.9944
1.9245 0.10129
0.003701 0.46958
-1.3632 2.0383
-0.75306 -0.59306
-1.1127 2.1863
1.9915 1.3233
-0.89302 -1.2013
-0.67367 -0.9004
1.4095 -0.9225
0.5303 0.38543
1.5417 -0.079551
0.804 -0.60813
2.0102 -2.0584
1.4583 -1.0101
-1.0234 1.5723
-0.12248 2.0087
-0.77822 -1.584
1.4458 0.17136
1.915 0.62215
0.92317 -2.0038
0.48253 0.88895
-2.0995 -0.78386
-1.4985 0.81736
-0.035927 1.531
-0.32243 2.1418
-2.0012 1.7774
1.8087 0.33387
-1.2009 -1.2302
-1.6993 -0.42094
0.059258 2.1976
1.3052 -0.08367
0.77034 2.0593
1.9114 -1.9313
1.6153 0.14305
-0.92783 1.5749
1.5988 -0.80387
-0.95095 -0.7568
-0.31623 -1.9138
0.69889 0.62391
0.25921 0.52202
-0.82682 0.17833
1.0877 -1.7887
-2.1789 -1.3719
1.2346 -0.30747
-0.021661 1.1674
0.89169 -0.15738
-1.0632 1.9442
-1.3496 1.7568
1.7327 -0.7929
-1.242 -1.1205
-0.084833 1.3457
-0.29981 -0.17007
-0.45012 0.61126
0.89535 -1.478
1.5992 -1.3089
1.4992 0.9191
0.71834 -0.055888
-0.41121 -0.7321
0.52812 1.8448
-1.3647 -0.55141
-2.015 -1.1184
0.53216 -1.1242
1.9576 -0.36579
-1.6456 0.7885
0.17606 -0.72943
-0.93921 2.1305
0.25408 -0.96178
-1.1191 -1.2271
-1.24 0.26245
-0.52556 -1.9685
-1.2618 2.2122
-1.6251 1.2842
-1.6728 -0.0098236
-1.8578 1.8369
1.6147 -0.50265
0.34561 1.5099
0.095575 -0.90117
0.11799 0.30372
-0.94133 0.11985
1.2402 2.1601
0.55417 -0.38476
-0.90974 -0.74451
1.9811 0.048241
-2.0418 0.46253
-0.58753 0.56014
1.6407 1.4576
-1.5207 -0.88404
0.34111 -0.12917
0.28026 -1.4317
-1.0147 0.53912
0.076952 0.52924
0.59842 -0.29877
1.4567 2.0065
-1.8873 0.18949
1.3002 1.7632
-2.0301 1.9693
-0.89437 -0.28313
-1.9119 -0.26176
-0.0068706 -0.74459
1.6897 -1.4829
-0.51074 0.31246
-0.68093 1.5388
1.6365 1.996
2.1775 -0.31265
-0.57995 1.8695
0.24112 0.94872
-0.61759 -0.33645
0.58725 -1.6272
-0.55687 1.4528
-1.0761 -1.5299
1.7987 -0.17747
-0.52114 -0.44023
-0.90104 -0.059003
-2.222 1.4696
-0.21809 -1.55
-0.34413 -0.82433
-0.685 1.582
-1.3991 -1.9276
1.9433 -1.4823
1.5233 -1.454
-0.68634 1.1319
2.2025 0.63333
1.5969 1.7406
2.168 0.46581
0.091558 -1.3398
-1.3953 1.429
-1.705 -1.9896
2.1631 0.10605
-1.7824 -1.6137
-1.548 -1.1707
-1.8127 0.79347
-0.8161 -1.2494
-1.7556 -0.97236
0.28688 -0.1266
0.61638 1.1467
-1.9033 1.4648
1.0071 0.033832
1.3724 1.1998
0.41475 -1.0986
1.4766 0.17497
0.72124 0.23812
-0.81984 -0.3469
1.2995 -1.6246
1.2732 0.48396
1.4635 1.1408
-1.3291 -0.72108
-1.9756 2.0331
0.28036 0.19565
1.8438 0.74882
2.2351 0.31198
-1.0106 -2.1366
1.0952 -0.66078
1.8239 -1.8146
-1.4532 -0.221
1.5599 1.8783
1.2477 2.2361
0.98486 -0.39243
1.7126 -0.37679
1.0095 0.90536
-1.3907 -1.8802
-1.8972 -0.92214
0.032133 1.7881
-0.091596 -1.3248
-1.9625 -0.95373
-1.569 -1.9498
2.1637 -0.97577
0.55628 1.4005
1.8814 -0.52028
0.72029 1.7743
-1.2487 2.0127
-0.50526 -1.9961
-1.7629 1.5896
-1.4335 1.2039
-1.1057 1.9928
-0.88804 1.0877
1.3985 1.2855
0.76328 0.41712
0.54605 -1.8995
-0.8714 1.8043
-1.9879 0.38026
0.8925 1.8629
-0.0057828 -1.5333
2.1497 -0.88719
0.10382 -0.95193
-1.2847 0.54983
0.86477 0.51191
-0.67301 0.17945
-1.9428 -1.3259
1.7052 -1.1057
-1.2315 0.41453
-1.2258 0.30225
0.83071 -1.3234
1.4072 1.3185
1.7722 0.28256
-1.4152 -1.0981
1.1708 -1.2506
-1.9205 0.43846
-1.1404 0.29657
0.99745 1.6621
-0.6869 -1.437
-0.84015 0.95087
-0.028673 1.9843
-0.5377 -1.9813
-1.4474 0.23444
-0.15372 -0.15685
-1.7893 2.1177
1.1722 0.82956
-0.066768 -0.81845
-0.49562 -2.0371
0.43855 -1.2895
-0.57517 -0.38825
-1.422 0.21868
-1.3505 0.17332
1.5595 -0.60822
0.23848 -0.1147
1.8031 -0.3069
-0.27225 1.5374
-2.0168 0.2437
-0.83992 1.5472
-1.3718 1.9647
1.7467 0.51502
-0.42058 1.4772
2.1533 0.041141
1.8113 -0.15107
0.40747 -0.90232
-1.1894 -0.70805
1.2956 2.1975
-2.1236 0.94989
-0.68827 1.3734
-0.52325 -1.177
2.0071 0.24953
-0.84646 -0.42193
0.88303 -0.14417
1.0858 0.41288
1.1412 1.4309
-0.64854 1.0765
1.9662 1.3528
-1.5978 -1.9256
-1.0345 -0.28814
-1.0614 -1.2924
2.2389 1.1755
1.6548 2.2476
1.1481 1.1331
-0.52875 1.1197
1.0495 1.772
0.68981 0.13771
1.5721 2.0881
1.5152 0.20528
-1.5966 -1.2637
1.7246 1.8028
0.49255 0.51833
1.7086 2.2473
-1.7415 -0.62456
1.5102 2.1318
1.3698 0.71653
0.93717 -0.77664
2.1906 2.0099
0.17644 -1.3136
-0.66222 0.65872
-1.6343 -0.39226
1.6452 1.6774
-0.39469 -1.5139
-2.0841 2.2499
1.3969 -1.3031
-2.0924 -1.2171
-0.3343 0.83694
-2.1735 0.056401
1.4029 0.49881
0.33878 -1.4822
1.3834 -1.6456
0.47518 -0.32101
1.4388 -1.7309
-2.0185 2.0402
-1.7261 0.6727
2.1722 -0.33771
-1.0027 -2.1894
1.7881 0.57823
0.51329 0.95832
1.6431 -0.80565
0.51648 -0.38147
1.0579 -1.1594
-1.6945 -0.16058
0.2836 1.6372
-1.453 -0.7174
0.13348 0.20714
-1.7457 1.0398
-1.8528 1.0416
-0.66475 -0.33251
1.9511 -1.6035
1.03 -1.1839
-1.5344 1.8955
0.53348 -0.60481
-1.8553 -0.41985
-1.3195 -0.042251
1.5882 1.3548
1.4008 -2.0298
-1.252 0.91459
-0.81579 1.0127
1.9149 1.5059
-0.7936 0.041688
1.5488 -1.4718
-1.8526 -0.30996
0.61728 -1.5827
-1.3074 1.9173
-1.938 -1.6214
1.8823 0.58412
-0.43978 1.7144
0.77596 0.7304
1.6885 -0.47007
-0.73481 -1.6526
0.65648 0.334
-1.6592 -0.31673
-0.096133 -1.1417
1.0058 -0.20804
-1.1408 -1.2333
-1.8769 -0.096381
0.22051 -1.271
0.35344 1.2369
1.0696 -1.0019
-1.1879 1.556
1.4043 0.68268
1.1342 -1.433
-1.6887 0.90889
0.62285 0.65595
-0.48179 1.3005
-0.81013 -0.63029
-0.87547 -0.90566
1.8777 -1.1274
1.3886 0.22202
-1.631 2.1271
0.60236 -0.044752
-0.57049 -0.69581
1.856 -1.0198
0.32215 -0.72219
1.0069 2.2352
-1.4337 -1.048
1.2812 1.8486
-1.262 1.5863
-0.882 1.3172
0.038048 -0.29151
1.5082 1.8819
0.25094 -0.70611
0.93666 -0.06436
-2.1124 -0.12801
-1.3802 0.196
-1.6888 -0.98739
-1.5152 0.68735
-1.9606 -2.0008
-0.039629 -0.15774
-0.77359 -1.4842
1.9711 -0.037114
-1.5805 0.92076
1.66 0.60412
1.9391 1.4353
0.29323 -0.89621
-1.0069 -2.1438
-1.732 -1.4123
2.247 -0.12227
0.43724 1.1051
-2.1158 -1.0426
0.62902 0.52058
-1.574 0.8639
1.4262 -1.2617
-2.2498 0.48888
-1.3767 0.18011
-1.2002 -0.92281
-0.85675 1.2061
-0.48349 2.1888
-0.11581 -0.71163
0.35497 -1.4515
-0.35579 -0.80028
-1.8175 1.7922
1.667 2.0268
0.58308 -0.98878
-2.1928 -1.8038
-1.0841 0.17117
2.0251 -0.49375
0.16255 -0.91414
1.4931 -0.33012
-0.87729 0.8376
-1.3235 0.093566
-1.2795 -0.35039
-1.0538 1.0202
2.1489 -0.5394
-1.2964 -1.8363
2.0764 -1.4081
-2.045 0.058016
-0.99693 0.38513
-1.4143 1.1048
-0.94931 -0.29843
0.05942 -0.59372
1.0822 1.0082
-0.45196 1.0994
2.1775 -0.64817
1.2011 -0.86117
0.15171 0.58268
1.4446 1.8912
-2.0856 0.1755
0.21055 -0.093978
-1.3325 -0.41283
0.20765 -1.0583
-2.2156 0.81553
-0.74359 -1.8977
-0.24836 -0.30711
-2.2485 1.1212
-1.1324 1.2068
-1.3377 0.030647
1.1242 1.6497
1.1992 1.4898
-0.92224 -1.7757
0.55952 -1.6218
-0.61181 -1.9679
1.0331 1.0186
-0.29518 -0.81517
-0.16815 -0.40336
0.60242 -1.5787
-1.5697 1.1118
1.753 0.80599
-0.31367 -0.70975
1.309 1.2347
-1.9738 0.96173
1.3274 0.41115
-0.54033 0.45933
1.5512 -1.1307
-0.25298 1.9882
-0.89897 -2.0452
1.2729 -0.22083
-0.85753 1.6403
-0.42638 -0.048993
0.59611 2.0842
-0.72464 1.2921
-0.84847 -1.1509
1.0876 2.0024
1.4446 2.2132
1.4651 -1.7803
-0.44717 -1.3817
0.28406 -0.60519
1.0014 0.89661
1.559 0.18808
1.3632 -0.020232
-0.21894 0.32875
-1.1593 -0.077292
0.033637 -1.5588
-0.714 1.6717
1.7186 -1.0811
1.9883 0.94352
0.91799 -1.6777
0.71757 -2.0588
1.4837 0.055286
-1.8271 1.3949
-1.1733 -1.2927
0.38156 -0.84133
0.63921 1.4562
-1.178 -0.046571
-1.0362 1.32
-1.5897 0.81309
1.5405 1.2568
-2.1964 1.1775
0.4914 1.376
-0.65458 -1.4139
0.9551 -0.23495
1.4513 0.25016
0.53112 -0.60306
1.815 0.55127
-0.37052 1.1595
-0.60708 1.1424
-1.806 0.50332
2.1352 1.6992
1.4157 -1.0153
0.49497 0.9615
1.0262 -0.50579
0.85244 -1.043
0.37988 -0.068402
-1.162 -0.89754
-2.048 2.02
0.5844 0.41924
-0.95482 0.73329
1.4209 0.19793
-1.8229 2.2007
-0.98348 -0.82211
0.86473 1.3007
-1.6515 1.5276
2.2204 -0.60084
-1.0479 -0.84945
-1.6891 -0.7997
-1.3541 -1.1757
2.1056 -0.21414
-1.9368 2.0681
-1.0461 0.71538
1.4862 0.07333
1.8376 1.0336
1.8576 0.58581
-1.7181 1.6874
-0.42995 -1.3286
0.089985 0.46019
0.077843 -0.30497
-0.48947 2.02
-2.0284 1.009
-0.63086 -0.93222
-0.83412 0.44196
-1.3697 2.1764
2.1721 1.3523
-2.1704 2.097
1.7852 0.99729
-0.73229 -0.34831
-0.16961 1.7048
-1.4131 0.40096
0.33321 0.63488
-2.0603 -0.072258
-1.2035 -1.49
-0.66881 0.66442
0.79056 0.7029
1.4388 -1.1786
-1.8665 0.5493
0.91377 0.84706
0.54399 1.6321
0.81591 0.16412
1.7693 -0.074994
0.37666 -1.9627
-1.1853 1.4835
-0.83877 0.13985
-1.038 -0.81155
2.1085 1.0164
1.4812 0.4637
-0.57902 -0.037468
1.5361 1.8878
0.84074 0.22434
-0.95706 -0.58921
-0.5196 -1.6076
2.1089 1.4084
-1.2857 -1.2254
-2.2416 -1.3526
-0.5183 -0.90359
0.5825 -0.76626
0.38721 1.8195
2.2409 0.37802
-1.2554 -1.1843
-1.047 1.2925
-0.4932 -1.68
0.23565 -0.5937
-1.4815 -1.4609
-0.89994 1.9958
-0.53427 1.3605
0.063335 -0.79821
0.31336 0.94678
-1.427 -0.18881
1.5997 0.0078084
1.5178 1.4449
0.18369 0.20074
1.6633 1.8677
1.1063 -0.065084
-1.2053 1.6807
-0.10634 -0.32861
-1.4114 -0.20458
-0.33898 2.1724
2.0938 -1.3311
-2.199 -1.1236
1.1691 1.535
1.12 0.3761
-2.0875 0.74535
0.60345 0.46389
0.68095 0.38482
-1.1967 -1.1589
-0.13787 -1.8419
2.1697 1.7401
-0.52721 -1.7467
-2.0313 1.6348
1.3088 -0.35133
-0.23493 1.194
-0.54698 0.63626
1.4074 1.847
-1.9515 1.5715
-1.8375 0.66272
1.93 -1.2474
-1.7076 1.0211
-0.75817 0.18149
0.25631 0.41689
-1.8936 -1.2592
-0.79706 1.6103
-0.77146 0.68692
1.7226 1.9431
-1.9507 1.775
0.76184 0.69113
-2.0763 1.3458
-0.37663 -1.4481
0.54346 0.85124
-1.6576 -0.65563
-1.8577 2.0498
-0.20391 -0.25941
-0.61972 1.6047
0.10504 1.1117
2.0011 -0.1512
1.2535 -0.54813
1.0402 0.72486
-0.73613 -0.32818
0.33706 -0.98595
0.017549 -1.2256
-2.1135 1.0266
-1.3264 1.6404
1.8285 -0.3563
-1.2294 -0.685
-1.1109 -1.4722
-1.5378 2.0723
-0.39222 0.25814
0.81361 1.681
0.82082 1.8282
-1.0145 -1.2125
1.8432 -0.822
-0.44888 -1.7798
0.78763 1.0386
2.0941 -1.2237
0.32099 2.1262
-2.1462 1.9412
0.68394 -0.81486
1.5523 -0.95626
1.1083 1.2501
-0.99656 0.20367
1.6968 -1.909
1.0081 2.155
0.75241 1.6748
0.47327 1.8661
0.7521 1.3558
1.7345 -0.98941
0.1662 -1.5632
0.16257 -0.91246
-0.98289 -0.88693
-0.26004 0.71015
-0.79772 -1.0096
1.375 -1.6831
0.066813 2.0237
-1.4623 1.5339
1.5152 0.54503
1.2207 -0.65476
-0.94836 0.11786
-1.3247 -1.2094
-1.3522 -0.58772
-2.1774 -0.39827
1.3997 1.132
0.069454 1.5964
-1.5528 -1.6858
-0.3952 1.0917
0.80026 0.0016986
-0.037667 2.0354
1.5101 0.55712
-1.9272 0.49425
-0.80424 2.031
0.65182 1.2183
-1.0041 1.7308
0.10531 -1.9954
-2.1217 0.053145
-2.2237 0.33777
-1.8774 -0.83388
-1.2223 0.87452
0.32959 -1.723
2.076 0.038818
1.4105 1.5695
-1.2645 1.8731
1.1425 0.86888
-0.80271 2.2283
1.7144 0.90287
0.96686 1.2168
-2.1819 -1.3349
0.26357 -2.0473
0.71361 1.4531
-1.7419 1.4649
1.3363 -0.22841
-0.42953 -1.7755
-0.46086 -1.4408
0.12156 1.8096
-0.85658 0.86568
-0.24253 -0.26359
2.0502 -0.73671
1.9218 1.1426
1.2854 0.50347
1.8196 1.0548
1.5354 -1.4716
1.211 0.53219
1.8966 2.226
-0.66849 -1.4782
0.43633 1.8753
1.8898 0.3474
-1.6837 -0.92003
0.82527 -0.25023
-2.0807 -0.98765
0.91131 -0.45263
-1.0217 1.9736
-1.8989 -1.5702
-1.5956 -1.7318
-0.017495 0.19281
0.87749 -1.5396
0.18566 0.76662
-1.8065 -0.67744
1.1148 -0.69384
0.24869 -2.0486
-1.4361 -1.3187
-1.2353 -0.098494
0.67029 -0.69939
-1.4907 0.0014053
0.1256 -0.90518
0.63136 0.18038
-0.042939 0.54827
1.2366 -1.3124
1.0121 -1.3886
-1.6513 1.8457
0.48734 0.71903
1.8661 0.42686
0.60317 2.2141
1.913 1.4125
-0.50558 -0.55139
-0.31869 -0.49674
-2.1274 1.3938
-0.74183 1.936
1.2873 0.90391
-0.17385 1.31
-0.2006 1.3915
1.8457 -0.45925
-1.3308 1.7906
-1.4964 -0.97582
0.84122 1.9791
2.0464 -0.433
1.5432 -1.8185
1.588 0.46934
1.4633 -0.19284
0.62656 -0.36479
2.0891 -0.53317
-0.59137 1.2905
-0.10061 -0.24487
2.2013 0.76584
0.45576 1.5189
0.64134 1.7865
-1.8322 1.3291
-2.0855 1.9025
0.2163 -1.5983
1.1336 0.68136
0.72387 -0.57186
-0.0079013 -0.15567
-1.3457 1.8632
0.81247 -1.6968
-1.6938 1.9206
-0.088169 -0.60235
2.2155 0.84246
-1.8675 -0.71003
0.71074 -0.48959
0.67892 -0.26626
0.32591 -1.0043
-0.11962 1.9227
0.16334 -0.030554
-0.51761 0.54314
0.50478 2.1396
-0.36922 1.4564
-0.77317 2.1109
0.23063 0.23431
-0.7284 -0.54265
-1.3662 -1.0066
-1.9197 0.47671
-2.1139 1.2231
-1.8136 -0.25525
1.6768 -0.20319
2.2157 0.15419
1.2726 -2.0681
-0.63361 -1.2338
-1.3818 0.44924
-1.9649 -0.59781
-0.45509 1.4243
-0.26344 0.75976
0.90316 0.74424
1.4 -1.6056
0.52245 1.6671
1.975 0.86749
1.316 -1.2822
-0.84994 -0.87342
1.3314 -1.7541
0.13753 1.9968
0.92047 -0.30801
-0.77893 1.2695
-1.3278 1.8614
-0.98894 1.5547
-0.62201 -1.832
0.52009 1.1435
-2.1037 -0.45867
-0.85753 2.1339
-0.72482 1.3041
-1.7848 1.8943
0.73546 -2.0635
1.3322 0.33211
0.29937 0.2198
1.9633 -0.45371
-0.40799 0.845
1.6448 -0.4269
1.1085 0.13121
-0.77823 -1.3614
1.2701 -0.38597
1.7168 1.839
-1.8867 0.89793
-0.035727 -0.49
-0.85717 -0.061201
-1.5097 1.0698
-2.1275 -0.94027
1.3037 -0.78286
-1.5508 -0.97095
1.2824 1.8749
-2.0174 -0.55907
0.83247 -1.0761
1.0113 0.11391
1.4766 -0.19612
-0.87166 -1.5668
0.73173 -2.0221
-1.4617 0.62025
-2.1935 2.0192
2.0503 -1.0277
0.20217 0.74814
-0.11772 0.0010598
-0.31238 0.62849
-2.0968 -0.84772
-0.92276 0.31351
-1.7598 -1.2801
-1.398 -1.6099
-0.77586 -0.60017
1.0584 2.1227
0.89361 -0.41708
1.0807 1.4656
-0.18376 -1.1901
-0.45251 1.8945
-0.10118 1.9885
1.3429 0.95715
1.8762 -0.15155
-1.2592 -1.6037
-2.2199 0.23395
-0.92029 0.65114
0.61852 0.25862
-0.99331 -0.30056
0.74776 0.89181
0.74204 0.95885
-1.1881 0.50644
-0.40969 1.104
0.33225 1.0159
1.4709 -1.128
0.35894 -0.30887
0.62928 -0.5627
0.40958 -0.72644
2.1135 -1.0224
0.23764 0.67669
-1.8434 -1.1245
-1.6562 0.91976
0.51863 0.89975
-1.718 1.9591
1.8933 0.24917
1.9595 0.8345
1.8751 -0.78701
-2.0811 1.3519
0.98465 -1.249
-2.2224 -0.50594
0.63673 -0.61274
-0.22593 1.9789
-0.50095 2.1933
-0.89651 1.1432
-0.80169 -0.34626
2.2141 0.62651
-0.056734 -0.81839
0.12191 1.3802
-2.1726 1.2948
0.26942 0.21714
-1.2239 -0.21784
-2.0045 0.37912
0.32864 1.2921
2.2509 -0.87623
1.4712 -0.44823
-1.8406 1.8732
-0.25926 -0.27117
0.60873 0.80009
-0.27555 1.9671
-0.20441 0.18355
-1.9976 -0.15618
-1.7593 -0.94429
-1.5119 0.9146
1.9255 2.0016
2.194 0.32377
-1.8521 1.6824
0.60348 1.2449
-1.9948 -1.5446
1.7646 -1.4628
1.4903 0.13074
0.87151 1.0222
-0.27485 -1.2274
-0.71763 0.38088
-2.0633 2.1502
1.1714 -1.1678
0.64262 -1.7663
1.2996 1.2183
-2.0985 -0.87967
1.5015 0.14646
2.1744 0.57036
2.0172 2.0588
-0.66709 0.91888
0.85854 0.14732
-1.6613 0.6665
-1.8345 0.19196
-0.24908 0.16674
1.2262 0.95636
-1.5452 -1.3591
0.55413 1.9365
1.3232 1.3004
-0.26365 1.8162
1.6265 -1.8518
0.64932 0.71805
-2.078 1.945
-1.1275 -1.3773
-1.355 1.8138
1.0077 -0.59782
-2.0713 -0.52141
1.7009 1.6639
-1.6576 -1.8125
1.1507 0.10209
0.53091 1.1764
0.62484 0.21999
-1.5127 -0.16661
-0.53321 -0.29289
-1.7074 0.97628
-1.0378 -1.2415
-1.7207 0.098344
-1.7422 1.4233
1.3149 0.58118
-0.10488 2.1364
1.6719 0.82322
0.92151 -0.34604
2.0191 -1.3725
-0.74467 1.5128
1.7507 0.69793
0.33399 0.97796
2.0655 -0.28131
1.9258 0.47463
1.4094 0.9637
2.1146 -0.095143
0.045498 -1.8097
-2.2536 0.66867
0.67955 0.46187
2.2302 -2.083
1.6397 0.52142
1.6502 -0.42691
2.0793 0.22928
1.8965 2.062
1.1151 -0.2894
1.9808 0.41337
-0.35517 0.92653
-1.7407 -1.7451
0.55138 0.24096
-2.2444 0.63981
-1.1317 -1.7823
0.57227 1.0502
1.5379 0.18717
0.76396 1.0164
1.897 1.5188
-1.6236 -0.42239
-0.29816 0.21937
-1.0928 -0.2244
-0.58398 -0.58292
0.16059 -0.59246
0.94237 -0.48821
-1.4564 1.3092
1.3981 0.19578
0.021422 -0.27686
-1.4446 0.27733
0.84817 -2.0237
-1.5212 -0.28761
-0.0074346 0.25665
0.10574 0.74121
-0.76736 -1.106
1.0869 -1.9112
-1.4099 -1.2695
-1.4199 -0.66208
1.0612 -1.793
1.7021 1.7026
2.0956 -1.634
-1.644 1.0128
-1.7698 1.364
-0.040358 2.0009
1.9191 -2.0703
1.9298 -0.93848
-1.3892 0.34445
-1.5966 -0.59348
0.84428 0.43626
-0.060665 -1.9771
0.99265 0.98054
1.8438 1.9297
-1.1437 -1.7566
-1.9849 0.079924
-0.32753 0.84043
2.1667 0.62254
1.592 -1.8362
0.07201 0.74438
-0.45513 -1.3557
0.022574 0.34063
0.8616 1.8568
1.5751 -0.55567
-1.9719 -1.8433
-0.43244 -2.1018
2.0797 -1.4992
-1.4651 -0.33094
-0.088806 1.5077
0.89626 -0.090515
-0.14103 1.6094
0.26047 0.70078
-0.75496 -0.080917
-2.052 1.9952
0.79859 1.2873
-1.9699 -1.7409
2.1021 -0.51622
-0.33264 0.058174
0.35696 -1.2224
-2.0077 -1.084
1.2639 -1.0555
-1.3228 1.9465
-0.50404 -0.58529
0.51504 0.8592
-2.0313 -1.4718
-0.87319 -0.35721
1.5719 -1.2513
-0.11479 1.0618
1.8403 0.16095
0.2372 0.74067
1.6446 1.8806
1.7377 -0.31505
-0.83799 0.93501
-1.285 -1.9667
2.2046 2.2135
-1.642 0.64496
-1.9286 0.36071
-1.8562 -1.496
-1.7574 1.1309
1.6944 1.6474
-2.1629 1.3115
0.93699 -0.95581
1.4396 1.2737
1.2113 0.41456
0.92555 2.0451
0.81205 1.9986
0.22491 0.12783
0.91586 -0.61053
0.62974 -1.5043
-0.8551 -0.68897
2.0249 0.34016
-0.48948 0.30351
1.8817 -0.61197
0.79649 1.0882
-1.0443 0.47828
-2.1452 0.25469
-1.5749 -1.8097
0.15456 -0.37786
-1.1682 -1.12
1.1896 -0.46406
-1.4933 -1.4788
-0.51134 1.5125
0.1727 2.144
-1.896 -1.0159
0.33113 1.0793
0.81909 -0.74173
1.5602 -1.2498
0.53464 -1.2822
0.5937 1.7874
1.8557 1.4219
-0.28228 -0.093009
-0.70555 -0.08134
2.1975 -1.7552
-1.4304 0.73923
1.2651 -0.2884
-1.8377 2.2189
0.86125 0.16609
0.9204 1.3351
1.0597 -0.36822
1.2292 -0.13511
-2.2011 0.086978
-1.9715 1.8986
-1.1542 -0.46273
2.1626 -0.84824
1.0019 0.35035
2.0578 -1.3934
0.88434 1.4802
-0.96041 2.1947
0.018202 -0.65463
0.54036 1.0269
-0.2711 -0.71034
1.0251 -0.43378
-1.2383 1.6517
2.0994 -0.11891
-0.96814 -0.5622
0.97389 -0.95158
-1.9599 1.5484
1.671 -1.228
-1.8449 0.98323
-0.30073 -0.59606
2.1765 0.45076
-0.48498 1.6396
-0.1958 1.3094
-1.3843 1.3247
0.45073 1.0643
-1.9502 0.11547
0.81835 -1.9149
-2.1823 -0.88901
1.3021 -1.4091
1.8779 -1.3125
-1.8199 0.075545
0.57376 -0.030281
-2.2475 0.89859
-0.15025 -0.28103
0.66706 1.3124
0.63974 -0.29836
-1.5616 1.5515
-0.60657 -0.0065175
0.65918 0.64258
0.56721 1.1194
-1.7656 1.7168
1.6104 -0.28127
-0.27471 -0.27245
1.9601 -1.0417
0.29819 0.65705
1.5752 2.2143
-0.79383 0.75115
0.9878 -0.52485
-0.55884 -0.1359
-1.9145 2.053
-1.4425 0.87073
1.4809 1.8827
-0.338 -0.1523
1.2692 1.4785
-1.5362 -1.166
-1.8436 -1.0681
-1.2083 -0.38572
-1.8639 2.103
1.0856 -1.1592
0.22072 -1.3896
1.3215 -0.91791
1.5718 -1.0231
-1.8461 1.3611
0.47033 0.42416
-2.018 -1.5693
2.1524 0.58109
0.68924 -0.19657
-0.38557 -1.1135
-1.4654 -1.5732
1.2262 0.30927
-1.4811 -1.4641
-2.2118 -1.4759
0.29808 0.037845
-1.182 1.5448
0.79098 2.1861
0.72112 -0.33974
0.55291 2.1882
-2.1063 -1.3204
-2.0797 -0.50909
1.5017 -0.39906
-1.4152 -0.46199
1.5134 -0.060434
-1.5709 -1.8388
2.1908 -0.0026357
-1.1894 1.1061
-1.3326 0.75579
-0.52136 0.31202
2.1291 0.5833
-1.4342 -1.1475
0.79677 2.1122
1.237 -0.19708
-0.055941 0.17587
1.2476 -0.38182
-0.88482 1.2238
-1.5363 1.4244
-0.59176 1.1463
-1.1858 -2.0732
0.41071 0.22926
0.18379 0.95331
-1.6673 -1.9058
-0.74715 1.0949
-1.2899 -0.1948
2.0463 1.1839
-1.0018 1.8102
0.075468 -0.57541
-0.72014 1.7748
0.37553 0.89176
0.36074 -1.0944
1.8608 0.42416
-0.84798 2.1928
-0.029594 2.0882
1.2037 2.0115
-1.1927 0.92825
1.8933 2.152
-1.3006 0.5386
-0.54081 1.453
-2.1481 -1.2117
-0.17369 -0.76034
-1.4559 -1.864
-2.179 0.88174
1.4127 1.6785
1.5048 1.7933
0.33437 -0.23506
-1.1244 0.020127
1.5953 1.2209
-0.25437 -1.2637
-1.1012 0.8468
1.9911 1.8328
-1.8832 1.6798
-0.86109 -0.57729
0.17552 -1.3343
-2.1253 1.6543
0.77454 -0.95791
-2.0445 0.47841
1.9937 1.9037
-2.0264 1.6389
-1.0833 1.8493
-0.68003 -1.8518
-1.7643 0.42383
-1.5413 2.0762
-1.1702 1.1503
0.38744 1.4175
-0.26675 1.2569
-1.0149 1.0616
-0.91011 0.32975
-1.0541 0.59953
-0.98086 0.0099419
0.38911 -0.0030656
-0.88008 1.7232
0.84005 -1.4108
-0.91348 0.47174
0.44026 1.8395
1.4229 1.6031
1.2381 1.0599
0.27405 2.1586
-1.0335 -1.1184
0.7987 -0.64734
-1.6332 1.9932
-1.2866 0.65598
0.16837 1.9341
0.64037 0.029783
-2.1239 -2.1463
-0.65708 0.14673
2.0605 -1.7059
0.77023 2.2518
2.2161 2.1399
0.54944 -1.4602
-0.2402 0.29252
1.8276 0.10604
-1.0631 -2.1005
-0.26074 -0.11006
-1.3987 -0.98672
0.80842 1.4553
0.099719 1.2785
2.0886 -0.53304
1.1044 1.5477
1.1743 0.14481
-0.84343 0.97357
1.1436 0.52025
-0.1388 -0.79138
-2.1081 1.2167
-0.42206 -1.6116
1.6501 1.2104
1.5885 2.0915
-0.39298 0.9621
-0.96515 0.76305
0.39503 0.9558
-2.1303 -1.3352
0.98781 -1.4347
-1.1559 -1.0196
2.1105 0.78621
-1.0117 1.6911
-1.3051 1.755
-1.8762 -0.053503
-0.17332 -0.54512
-0.93669 0.83303
0.10083 0.82942
-0.32085 1.9412
-2.0594 -1.7719
0.15 2.1834
-1.8824 -0.18233
-0.34441 0.10832
1.4679 -0.31698
1.0405 1.9404
1.1858 0.25113
-1.1018 0.22692
1.9456 0.4521
-1.4616 0.26884
1.6391 -0.90597
-1.6696 -0.8589
0.39728 0.40338
1.8632 -0.34868
1.3929 -1.592
0.80777 1.018
0.99144 2.0816
0.65746 -0.84431
-2.0974 1.6561
-0.9383 1.6839
1.7242 -1.4779
-0.31156 -0.15319
1.757 0.98031
-1.4067 -1.6972
-2.2307 1.4386
-0.87688 1.8128
1.1008 1.4632
2.0677 -0.32278
1.5944 1.5648
-0.55655 1.7199
1.9766 2.1211
-1.4499 -0.92433
-0.054362 2.0864
-1.6371 1.9003
-1.7712 1.8381
-1.9703 -0.064196
-1.719 -1.2042
-0.92869 -1.0796
-1.6833 -1.2602
-1.3312 -0.39265
-1.7549 0.85603
0.12795 -0.14862
0.040546 0.83612
1.7918 1.9921
-0.40746 0.043884
-1.4178 -1.3474
-0.52646 -0.17225
-0.073741 -0.98295
2.0187 -0.67078
1.1797 2.1904
-0.38865 0.074987
0.64326 1.9561
1.2983 0.7519
0.128 1.1919
1.2064 2.25
1.5449 -0.91624
2.092 -0.21539
-0.82055 1.1992
-0.9487 1.6561
-1.7452 1.1161
1.486 1.3108
1.0908 1.9375
-0.81493 -1.7465
2.1139 0.037783
1.3026 1.7968
-0.70328 0.38193
-0.6417 -1.6929
-1.2111 -0.73676
-0.89096 1.4032
1.9196 -1.5582
1.3706 -0.91899
-1.0964 2.035
-1.9266 1.528
-0.77424 1.1422
-1.8265 -1.4092
0.98496 -1.4592
0.19172 -0.79391
1.0161 1.8376
0.42357 0.60134
-0.30912 0.65355
-1.964 -0.2527
-0.91477 0.67198
-1.194 1.1729
0.11469 0.9388
-0.96239 -1.9674
-1.8873 -0.16589
-0.85556 1.9922
-0.15802 -0.67502
1.4344 1.2773
2.0157 1.0523
2.0739 0.36909
-0.012709 1.4005
0.12579 0.43675
1.3263 1.5459
0.54992 1.8671
1.2541 0.7642
-1.4817 -0.54487
0.47142 -1.5595
-1.1351 1.626
-0.2724 1.864
-1.9176 -0.67777
-1.1122 -0.70583
0.97759 2.2046
-0.23614 -0.20238
1.9635 0.66909
-1.453 0.21338
-2.2363 0.55586
-0.475 1.8263
-2.2154 0.85642
-1.2668 0.22162
1.2364 1.6249
-2.1848 -0.87239
-0.48267 1.3945
-1.7795 -1.4735
0.75999 0.996
0.36625 -1.0956
0.82806 0.8213
1.2154 -0.82989
-2.1623 -0.45941
-0.40932 -0.40036
1.4343 0.3112
-0.22358 1.36
0.68231 -1.3958
-0.037997 0.48739
-1.8921 0.35714
-1.0447 0.58317
-0.14506 -1.8414
-2.0649 -0.93985
1.229 -0.55908
1.2096 0.45161
-1.3619 0.64841
-1.2823 1.1936
-1.0945 0.39565
0.43702 2.2504
-2.2392 0.53265
0.62723 1.0254
-0.22311 0.67881
0.67558 -0.98865
0.36484 -1.1839
0.36259 -0.058335
0.7835 0.16807
-0.69814 -1.37
-0.74979 -1.3044
-1.8247 1.1196
0.4469 -0.64185
1.849 -0.047074
1.1219 1.6058
2.002 0.72738
-1.7367 1.1952
0.62053 0.49048
0.10535 1.3286
-1.9042 0.1381
-0.31234 -0.13856
-1.8448 0.27973
0.58751 0.75631
-0.70422 1.056
-1.2432 -1.4661
2.2266 1.0834
-0.40674 1.74
-1.54 1.6181
1.6267 2.1547
-0.30942 -1.6195
-0.30328 0.19763
1.8783 -1.6201
-0.045623 -1.8998
-0.29543 1.3523
-1.2001 0.82899
-1.111 0.86277
-1.366 1.7931
1.0542 1.6611
-1.8257 -0.5312
0.0036632 -0.059879
-0.75776 -1.8744
-0.66003 1.3061
-0.99674 0.95107
1.6861 -0.5006
1.2584 -1.6614
-0.66406 0.91888
0.61616 0.81871
1.8633 1.3609
1.9926 1.5361
-0.13438 -0.32151
0.92491 1.9308
-2.2079 -1.8124
0.15297 0.50309
-0.47753 -2.0489
1.0454 1.7139
-0.36177 1.6762
1.3693 1.3137
2.2184 1.2497
-1.1084 -0.68787
-0.60687 2.1114
-0.31146 1.1609
-0.50698 1.2516
1.1391 0.54488
2.1425 1.6319
-0.57867 -1.7682
1.0309 0.18171
-0.18624 -1.5125
-1.4875 -1.2084
1.4693 -1.0826
-0.030642 1.321
-2.1137 0.13286
-1.2988 0.24266
-0.55375 -1.9416
-2.1709 -1.4939
-1.0303 -0.92945
0.65131 -1.8727
-0.2369 1.3044
0.62636 1.2471
-0.45045 -0.35026
1.174 2.0788
0.47162 1.9622
-0.43672 2.1616
-0.6511 0.041043
0.51933 -1.1995
-0.063231 1.7509
-0.16814 0.795
-0.35012 -0.94814
2.092 -0.81406
-0.082533 -0.58094
-1.0111 -1.3199
0.095549 1.3971
-1.1056 2.043
1.3756 -1.4914
-1.1004 -1.7838
-1.4082 0.88713
1.8157 -0.46617
-0.11127 -1.0188
-0.34545 1.8836
1.9088 -0.19992
2.0709 1.8019
1.9938 -0.81904
2.0802 -0.17141
-1.9378 0.47543
0.16926 0.13609
2.123 -1.3212
1.0548 1.3501
-0.84339 -0.33943
0.62677 -1.407
0.51143 -1.2294
0.77308 0.57911
-0.51711 1.6493
-1.1645 0.5435
-1.7687 0.70774
0.84332 0.0552
-0.81028 1.0032
-2.2303 1.1143
-0.33455 1.0189
0.43634 -0.28927
1.7666 1.3467
-2.13 -1.6056
-2.2119 0.86084
2.194 -1.2517
-0.21858 -1.5482
-1.3054 -1.4435
-2.0591 -0.57395
-1.1947 0.35792
0.35586 1.8425
0.031881 0.92033
-0.38198 1.8883
1.8058 -1.0908
-2.1312 1.1457
-1.1017 -1.9116
-1.8847 0.080739
-1.1511 1.3324
0.74746 -0.99176
1.3163 -1.8218
-2.0478 2.0086
-1.1851 -0.62934
1.7429 1.0543
-0.2096 -0.6116
-0.355 0.17811
-0.13668 -1.7412
-1.212 1.8313
0.62055 1.8234
1.1444 0.89553
-0.43826 -1.6522
0.26799 0.20036
1.871 -1.1826
-0.20107 -0.50247
1.1933 0.93431
-1.157 0.01903
0.37625 0.81126
-1.6696 2.008
-0.1774 0.55622
-0.79238 -0.62554
1.1154 1.0824
1.1045 -0.26046
0.21138 0.783
-1.0459 -0.32632
-0.78834 1.1287
-1.0391 2.1702
-0.83223 -0.21023
-1.1862 1.0609
0.37615 -0.85081
1.2999 -0.26614
-0.96393 -1.2181
-0.93004 -1.0601
0.15022 1.6002
1.1687 -1.6458
0.334 0.77546
1.8055 -2.0915
0.80501 0.54896
-1.8348 0.89248
0.27874 -0.77618
0.23147 1.2147
-1.1982 -0.061303
0.72788 -0.91951
-0.14235 -0.26402
0.48945 0.50303
0.65334 1.2255
2.1369 0.53068
0.048389 2.0954
-0.72507 1.2375
-1.1896 -1.3161
1.3496 1.0856
-1.7136 0.48973
0.20919 0.85934
-0.84578 1.4258
-1.899 -0.094936
0.45313 0.6348
1.8492 -0.49914
-0.79829 1.7417
-0.22473 -1.8513
1.178 -1.8325
-0.39548 -1.6618
-1.3301 0.20091
0.68627 -0.71897
-0.080866 0.041732
2.2181 0.53352
-1.2734 0.2953
-1.4205 1.1734
-0.75507 1.0713
1.8975 -0.86594
0.15985 -0.39145
-1.8958 1.9867
-1.7614 -0.19296
1.7598 -1.6856
-1.1923 -0.43084
-1.6694 1.6678
-1.8937 0.55386
-2.0776 1.8342
0.63794 -0.3339
0.76577 1.0162
1.9582 -1.0033
1.784 2.1163
-0.27223 0.034481
-2.1657 -1.6852
1.8788 0.29923
-0.38613 1.4558
-1.5985 1.5511
-0.3894 0.09756
1.5709 -1.7181
0.54569 -0.072568
0.61955 2.1055
-0.27213 0.87951
1.9732 -0.89982
-0.90477 0.24113
2.0934 1.1948
1.7561 1.4945
1.9579 -1.3014
-1.195 2.1114
-0.27697 -0.77599
-2.1427 1.0878
1.415 0.67504
0.80461 -1.5996
-2.1951 -1.191
-1.0406 1.066
-2.0729 0.077836
-2.016 -0.078293
-1.5938 -0.65628
0.012052 0.29152
1.4407 -1.606
0.76182 -1.4184
1.0093 -0.53465
0.81916 1.5902
1.8832 -0.062929
-1.2069 -1.5945
0.66916 1.9115
0.8938 -1.8621
0.54979 0.12776
0.026514 -0.34776
-1.4215 -1.0398
-0.90248 -0.33399
-1.9863 1.4007
-0.60847 -1.0278
-2.083 -0.33193
1.4199 0.58615
0.41279 -0.92389
0.70442 0.57202
0.030096 -1.2963
1.9597 -1.695
-0.44999 -0.31523
1.4356 -1.4006
0.30144 -0.44896
1.8175 2.0655
0.73841 1.006
1.4926 1.5241
-2.0747 1.8482
1.1035 0.18354
0.4596 0.054132
1.9976 -0.085857
1.0464 -0.70322
1.9708 -0.025866
-1.1248 -0.081396
-1.6491 -0.68105
1.826 -0.36156
-0.88953 0.013314
1.6216 0.81417
0.93914 -1.3444
-0.11522 -0.59322
-2.0991 0.040769
1.3164 -0.67803
-1.9315 -0.73189
-0.12645 -1.8771
0.35102 1.3119
0.43427 -1.7578
-0.50095 -1.583
-0.50323 -0.64177
1.4832 -0.01654
1.7702 0.82149
1.4196 0.29827
-2.1001 -0.037508
0.93974 0.74715
0.50675 0.051508
-0.0043859 1.89
1.4691 -0.66065
0.29476 1.728
0.6607 -1.5549
0.27175 1.692
1.6896 0.44066
0.59375 -0.31466
-0.92742 0.46532
1.189 -0.54578
-1.5646 1.2926
1.8875 -1.6313
-0.95238 -1.6707
1.2366 0.60467
1.1449 -1.3698
-1.8403 1.324
-1.5672 0.96129
0.54412 -0.8085
-0.48314 0.72444
-1.2241 -0.12335
1.3019 0.75906
-0.99264 -0.68351
1.4117 -0.28919
-1.8171 -1.8765
2.2023 0.78422
-1.3346 2.1661
-2.0077 1.2759
-1.8639 -0.8556
-1.701 1.2224
-1.7855 -1.0697
2.0534 -1.8753
1.8437 -0.16404
0.08302 -1.2177
-1.7343 1.5
-2.2251 -0.4028
-1.8918 -1.0017
0.26493 -1.3035
0.84223 0.87159
1.6598 2.052
-0.018754 -1.9679
-0.37722 0.32548
-0.47984 1.1416
0.83386 0.83479
-1.5251 -0.63915
-0.80784 0.36272
-2.0266 0.51762
2.1238 -1.9903
-0.50211 1.6714
-2.017 0.55937
0.6738 1.0697
-0.42469 -0.53485
0.90115 0.15718
-0.52629 0.16343
1.275 1.195
-0.50487 -0.072995
1.4394 -1.7612
-0.43864 0.9974
0.092551 1.8431
-0.07157 -1.1136
1.3241 2.1116
-1.6418 0.32253
-1.2047 -0.22087
-2.0422 -1.1625
0.11148 0.76467
-0.55285 -1.8422
-0.27243 0.089804
0.080509 0.72764
0.77394 -0.94777
1.7825 1.269
1.4461 0.49965
0.86609 0.98104
0.042945 1.9733
-1.7891 0.57959
0.25469 0.68939
-1.5742 2.1266
-1.1249 2.0841
-0.82085 -0.68013
-0.38324 -0.13051
-0.094209 -2.0379
0.26811 1.1565
-0.14357 0.51869
-1.0272 -0.93241
0.35937 1.566
0.49983 -1.6575
-0.38595 0.6707
-0.92542 1.0894
-0.13908 -1.5126
-1.2844 0.52148
0.48154 -0.44142
0.76331 -1.1727
0.86602 -2.0851
-2.1192 1.2221
-1.5628 1.8763
1.196 1.33
-1.1347 0.25981
0.63427 0.73907
-2.0719 -1.4063
1.5053 -1.7444
0.52977 -1.5613
2.2467 0.67909
-1.2633 -0.025245
1.9948 -0.28319
-0.7852 1.0358
-0.55464 -1.4146
1.4596 1.2816
1.8618 0.57256
-0.0038904 -0.019769
0.81309 2.2285
-1.2797 0.26622
1.3674 0.22743
-1.4311 1.7205
1.2743 -1.7948
0.59674 -1.8027
0.021129 -0.54093
0.43514 -0.15896
2.1173 0.62851
2.0312 -0.39562
-1.8565 0.93729
1.3236 -1.8147
0.31715 1.5289
0.00045406 -1.0533
-0.73716 2.117
-1.0367 1.122
2.001 -0.372
-0.73762 1.0127
-1.1635 -1.977
-1.3571 1.3392
0.47734 -0.024623
1.3072 1.5708
-0.73227 -1.8965
-1.2317 1.0106
-1.3492 -1.2641
-0.036327 -1.7253
-0.26504 -0.72105
-0.24368 0.87215
0.093208 -2.1883
0.26005 -1.1393
-1.7789 1.2323
-1.2882 1.8209
-1.0808 1.7254
0.73865 2.0648
0.87967 0.61004
-2.2124 -1.7193
-0.79116 1.6687
0.83842 -1.5354
2.0153 0.86825
1.5037 1.0805
0.075976 -0.7322
-1.0763 0.82173
0.97638 -1.199
1.7741 0.16683
-0.6425 -1.3339
-1.3863 2.064
1.2672 2.0037
0.41402 0.0067424
0.81974 0.10893
-1.326 0.70434
-0.43684 2.0786
0.092752 0.55271
2.1968 0.38558
1.7842 -0.41257
-0.38253 -1.3192
-0.58326 -0.83341
1.2994 -0.72754
-1.9819 1.9995
-0.45918 1.9846
1.1798 1.2065
-0.79049 -1.8749
-1.7185 1.8347
-0.42997 0.9175
0.20747 -1.8683
1.0569 1.5607
-0.24651 1.0494
0.026046 0.6731
-1.1653 -0.82165
-0.29013 0.77191
1.8089 -0.34003
1.4209 2.0575
1.4293 1.4961
-0.53792 2.1432
2.1051 -1.168
0.97183 1.8281
-0.86066 1.1075
-1.0133 1.9376
-1.5912 0.56993
0.61052 -1.6734
-1.1636 -2.0401
-1.8057 1.7551
0.52405 1.7519
-2.1115 0.89903
-1.8569 -1.199
-0.9944 1.7316
0.68048 -1.9441
0.36967 0.28721
1.9525 0.186
1.5937 -0.57891
0.44137 -0.80678
1.9242 0.54283
1.7638 1.7742
-0.16409 -0.0057981
0.84397 -0.80257
2.2105 -0.65147
-0.64064 0.34258
0.28684 -0.047337
1.3333 -1.4348
1.7553 -1.5394
2.1047 -2.1046
-2.2032 0.040754
-2.2268 -0.86683
-1.307 -2.0414
0.19589 -0.36452
0.0088653 1.7874
0.31543 1.6314
0.47099 1.0786
0.30081 0.59908
-2.1335 -0.4821
0.45766 1.1348
-0.4427 0.4217
1.4196 -0.5485
-0.73395 -1.3189
-0.39246 -0.054703
-0.87935 -0.16301
0.58716 0.17632
-2.1632 0.37289
-1.4323 0.15691
1.1414 -1.335
-0.10548 -0.38609
1.2852 1.8211
2.1034 0.59951
-0.60437 0.95508
-0.79307 -1.4957
1.1498 1.7469
1.5692 0.67081
-0.53319 0.93536
0.74668 1.5204
1.4119 -1.212
0.75314 -0.40352
-0.47634 1.4396
1.3818 -1.4515
-0.32681 -0.31623
0.4241 -1.0783
2.1174 0.12295
0.26893 -0.33323
-0.29878 2.0244
1.9798 -1.3748
0.36783 0.40614
-1.9818 -2.0834
0.63757 2.1117
1.8999 -0.38446
1.3362 0.60162
-0.94746 1.8836
-0.22567 1.7311
1.7929 1.7355
-2.1022 -1.1055
1.9783 1.6401
1.0432 -0.81975
0.8999 1.9343
-0.34655 1.0143
0.52557 0.40703
-0.8542 0.73404
1.0735 0.93084
0.049506 1.4065
1.6504 1.7588
-1.6244 0.099873
1.0912 1.5028
0.55204 1.433
-0.46579 -1.426
-0.32251 1.7218
0.39614 -1.6218
-0.1091 -1.4899
1.1013 0.27432
0.94827 0.61879
0.1362 1.3214
-1.2621 2.1061
-0.3998 1.7955
0.51395 -1.3862
-0.051034 -0.89597
-0.43336 -0.012717
-2.0253 0.38313
0.96352 -0.32733
-0.47465 1.8848
0.85016 -0.28651
1.0974 -0.43345
-0.93361 0.61831
-0.38001 -0.28249
0.039831 -0.30339
1.5019 1.3133
1.347 0.04891
-0.67124 1.3451
1.0788 1.6148
1.885 2.0043
0.54358 1.2445
1.4471 1.8282
-2.0334 -1.7418
1.9562 -0.62625
2.0675 -1.0351
-1.3588 0.5131
2.0154 1.1584
-1.3597 -0.99536
0.16175 0.58887
-0.84287 1.0463
-1.7559 0.61907
0.82177 -0.62476
-1.4896 1.9906
-0.9574 1.7876
0.55993 -1.0706
1.3553 2.198
-1.7673 0.87607
2.1116 0.55722
1.1921 0.44935
1.5249 -0.917
-1.6882 0.56353
-1.0829 1.8598
-2.1433 1.5291
-1.9273 -1.4353
-0.74069 1.966
-1.4126 -1.254
0.97155 -0.66785
-1.0121 0.64807
1.5984 1.8563
1.5366 -0.89367
1.0359 2.0434
1.9435 1.4806
0.75657 1.9622
-1.6445 1.3276
0.70462 -0.87471
-1.3262 1.6539
-1.0473 0.48191
0.18952 -1.173
-1.8217 1.6972
-0.94774 0.96588
-2.1895 -1.9823
1.1738 -0.080145
-1.083 1.6361
-1.3699 -0.31544
0.039949 -0.52171
2.1384 -0.2344
0.5563 -0.74457
0.35218 0.90075
-1.6157 2.0783
-0.37896 -0.23517
0.53869 1.2077
0.50474 1.0137
-1.9658 -0.55937
-0.75819 0.084166
2.0381 0.28238
1.4306 0.69911
-0.36335 0.94117
-1.9561 -1.4722
1.4322 -1.4985
-1.2988 -0.66766
1.7639 -1.8437
0.56697 0.82725
1.7473 -1.5682
-1.1099 -0.055493
-1.6229 -0.25952
1.2459 0.29841
-0.61322 0.91894
0.62973 0.44318
-1.4858 -0.62414
2.2229 0.22467
-2.2196 0.16668
-1.5177 2.1794
1.4403 1.9456
-1.8355 0.58977
1.7702 1.3086
-0.20688 1.4451
1.5274 0.89901
-0.92178 -2.065
-0.37568 -0.61964
-0.54906 -0.93342
0.29502 -1.6838
-2.0033 -0.57818
-1.5221 1.8565
0.73973 -0.31888
1.7409 -0.4821
-1.8956 1.479
-1.6333 -1.6986
1.5754 1.7559
-1.9269 -0.3541
-0.36619 0.61969
-1.0433 -1.1111
0.32185 -0.7144
1.7334 1.1425
-2.0337 1.8239
0.88043 -0.99474
0.57533 1.1422
-1.3068 0.31063
2.2448 -0.45379
1.2317 -0.0031092
-1.1249 1.0026
-0.45347 0.11912
1.1272 -0.49927
0.42745 0.51718
-0.64796 1.3288
0.46206 -0.39878
-1.3949 -0.97672
-0.7861 -1.2891
-1.1165 -0.69086
0.79238 0.1201
1.7572 -0.60166
1.428 1.2872
0.84598 1.1112
1.989 0.29109
-0.051311 -0.34354
-2.08 -1.6194
2.2475 1.0763
0.68253 -0.2208
0.33972 0.48749
-0.24597 1.0934
-1.4743 -0.60771
1.7481 -1.2701
-1.5048 2.1197
-0.56205 -0.53237
1.7077 0.49646
0.59537 0.95971
0.046616 0.0047337
-1.9205 0.46603
1.1296 -0.39593
0.53147 -0.035349
-0.53487 0.20165
1.9068 0.11736
-1.0529 -0.33482
-0.48751 -0.10254
0.72712 -1.4685
0.041792 1.951
0.7442 -0.026607
1.9955 1.9704
1.8505 -0.74508
-1.2695 -0.62819
0.92634 -0.96392
0.80565 -1.0178
0.64756 0.26356
0.38939 0.89945
2.1457 -1.3044
-1.6706 -1.6471
1.5295 -0.015753
1.4321 0.95787
1.4312 0.34532
2.1249 0.028948
0.81184 1.5867
-2.0832 1.0591
0.66288 1.612
0.54777 1.4864
1.1333 0.77624
-0.76408 1.3043
-0.27182 -1.4248
0.55292 -0.4819
-1.1726 -0.84189
2.2086 1.5206
0.95791 1.542
-1.7106 0.061004
-1.7439 1.4537
0.22109 0.1753
1.3182 -0.75709
1.6898 1.722
0.15991 0.51388
1.6344 0.59983
-2.1052 -1.023
-1.7049 1.2867
0.57771 2.228
0.65649 1.3489
0.85884 -1.354
-1.7538 0.23894
-0.92067 -1.6206
2.1789 -0.43824
-1.3086 -1.441
0.25275 0.69084
0.7612 0.98678
2.0537 -1.4317
1.9605 1.7649
0.97239 -1.0815
1.7194 -0.6518
-0.37421 1.0488
1.3107 -1.9367
-0.052908 -0.67067
-2.1719 -0.09242
-1.2289 0.88194
-0.80726 -1.1161
2.0463 2.0382
-0.1999 0.43097
1.1948 1.7202
0.28596 1.2243
0.024742 2.046
-1.2824 0.24227
0.22001 -0.5457
1.5863 0.94609
-2.1659 -0.3814
1.7775 -0.18693
1.7541 -1.2653
-0.71631 -0.16592
0.76627 -1.6439
1.914 1.058
-1.8342 1.4746
1.6085 0.33737
-2.244 1.1288
0.073446 -0.62331
-2.117 -1.1856
0.70977 0.89376
-1.2002 1.0848
-1.795 -0.6376
-1.4221 0.17531
-1.957 -1.2217
-0.39606 0.94793
0.045412 -0.063187
-1.2107 1.8286
-1.5732 2.1335
1.8882 -0.33327
0.27927 0.4293
0.43306 2.1211
1.9476 0.73636
0.79138 -1.6586
0.07313 -1.3269
-0.50391 1.5716
-1.62 -0.58892
-1.2458 0.79015
-0.082274 1.7996
-2.154 1.7217
0.87911 0.095674
0.57113 1.185
-0.37603 -0.083458
0.9331 0.17878
-1.4765 1.0718
-2.1403 -0.16988
-1.0424 -0.67566
-1.6076 2.133
-0.11124 -1.0956
0.090825 1.4416
0.13467 1.1356
-0.65626 0.89223
0.45316 -0.55232
0.23883 0.21802
1.4369 1.7793
1.4552 1.2703
0.46436 -1.1945
-1.7741 -1.3067
0.30672 2.1641
1.1914 -0.7566
0.34595 -0.36876
1.0217 -0.34573
0.48708 1.1973
1.034 -0.91293
1.3058 2.0235
1.7795 0.25327
-2.0671 1.6078
-0.9626 0.61973
-1.861 1.1036
1.0668 0.86405
-0.0025569 1.4068
0.58983 2.1449
-2.0197 1.1059
0.26135 -1.1198
-0.65542 0.59465
-2.2253 1.3784
0.8123 -2.2507
1.2148 1.3273
-1.3247 1.5511
-0.52248 1.5466
-2.205 -0.048253
1.4048 2.1751
-1.7807 1.8415
0.73063 -1.3419
-0.59633 1.1126
0.31323 -0.23249
-1.237 -0.11765
0.8406 1.4475
-2.018 0.073166
-0.1403 -0.59905
-0.21864 1.8033
2.0583 0.19554
-0.62029 -0.52694
1.4701 1.859
-1.2369 -1.3353
0.33308 2.1789
1.4209 1.4966
-1.8667 -1.7032
-0.37085 2.0347
-0.44379 0.53099
-0.69828 0.1344
0.39072 1.3555
0.57201 0.22635
-1.6577 0.25624
1.8545 2.1193
1.666 0.92376
2.182 -0.99271
-1.9687 -0.71406
1.9715 1.8291
-0.50112 1.4467
0.54644 -1.6436
-0.29355 1.3146
0.25085 0.34877
1.8346 0.93362
0.53493 -1.4613
-1.0613 -0.47006
0.14403 1.9048
1.237 0.49484
-0.51598 -2.0401
-1.6772 -0.044432
-1.598 -1.1976
1.6414 -1.3728
-1.8169 -0.6006
2.0805 1.5375
1.7863 0.40345
1.4084 1.5094
-2.2494 2.2027
0.15586 2.2429
1.4273 0.95717
0.96594 1.843
0.31208 -0.012917
1.6387 1.8971
0.27079 -1.0177
-1.6716 -0.1335
-0.82581 0.26575
-0.54191 -0.31817
0.45597 2.0993
1.6244 -1.6076
-1.6562 1.7633
0.86573 1.768
1.9431 -1.4936
1.2635 0.5946
-1.2924 -1.1011
-1.2202 0.39563
-1.4793 1.4053
0.53135 1.4423
0.3851 -0.6509
1.559 0.54364
1.1167 -0.89005
-1.1269 -1.237
1.9231 1.6027
-0.72767 0.53041
1.8033 -1.6312
-1.0856 1.4176
0.36298 1.9755
-1.0652 1.8318
-1.6155 -0.043936
-0.26329 -2.0661
-1.0222 -1.1569
-1.1549 2.2342
0.6292 1.3993
2.2175 -1.6613
0.74652 1.8152
2.1471 0.043701
1.8133 1.275
-0.24765 1.9433
1.6004 -0.50666
2.1497 -0.17002
1.7503 1.4441
-1.9936 1.6866
0.66673 -0.81161
-1.6132 0.45037
-1.2656 -1.7206
-0.3022 1.3355
-0.41641 0.60808
-0.87882 1.2952
-1.2923 -0.046856
0.30985 -1.4169
-0.86772 1.5626
0.26504 0.38996
1.939 0.0098917
-1.9828 -0.35908
-0.63903 0.25386
-0.27031 -0.49539
1.9227 0.56671
-1.7393 2.025
-0.42196 1.754
-0.78035 0.96147
-0.022871 2.0576
0.054837 1.5005
-1.6197 0.85093
1.5327 -1.5861
0.99051 -1.6434
1.5913 1.6832
0.34314 0.29724
-1.3986 0.7901
1.5696 -1.1893
0.33689 1.3575
-2.0433 0.10862
-0.50936 -0.57153
1.2043 -1.4573
1.073 1.273
-0.32392 -0.72387
1.3056 0.65701
-0.83797 0.34184
0.45528 1.739
-1.96 0.43715
2.2145 1.0758
-1.535 -1.9038
-0.1327 1.2296
-0.15446 -0.16413
2.1203 0.3743
1.7045 0.11126
1.5325 1.4175
-2.0401 1.6254
0.37254 2.089
-1.4587 -0.87035
-1.5242 -0.077146
2.0261 0.020555
0.37281 2.0421
0.15116 -0.047703
-1.448 0.45796
-1.8639 0.5428
-0.31627 -1.3517
-2.2252 1.4917
-0.66722 -1.7858
2.1249 -1.0802
0.20882 1.2498
-1.2237 -0.68842
1.3997 -1.7601
-0.0014887 -0.30183
1.0246 0.62235
-1.7897 1.0133
-1.3404 -0.41587
1.5739 -0.16231
1.0762 0.81675
-1.208 0.27686
-1.4297 -1.0875
-1.5245 0.95762
0.057884 1.0674
0.53672 0.1496
-2.1823 1.6939
-0.89459 0.19136
-1.4511 -0.4078
-1.5188 -0.031817
-1.8428 1.4379
-1.3597 -1.1544
-0.29024 1.4933
1.1881 -1.9182
0.20373 -1.9036
1.4869 -0.93553
0.23762 1.079
-1.9923 0.73562
-1.8372 -0.71716
1.6539 1.933
-1.2029 -0.65777
0.96948 -1.0564
-0.53152 0.12985
1.5882 1.7607
1.326 0.93891
0.25385 -0.9784
-0.59449 0.12559
-0.77595 0.86859
-0.071132 0.41455
-0.45488 -0.72642
-1.342 0.85141
0.82552 0.016638
-0.031683 -0.8695
1.2883 -0.53059
1.877 -1.5041
0.6059 0.35914
1.7971 1.7069
-0.013912 -0.23159
-1.2834 0.33278
-1.5118 1.9742
-0.9077 0.090449
2.1684 0.57089
1.2073 0.27113
-1.1744 -0.088871
-0.87021 1.5609
-0.90765 1.4365
-0.84463 1.2217
-0.1624 0.69797
-1.1081 -0.80415
-0.97226 0.66554
0.043748 1.305
-0.90309 0.98531
1.1294 0.58051
-0.59906 0.26684
-1.6924 -2.147
0.43037 1.8316
0.55497 -1.2924
0.13877 0.58756
1.6243 1.9369
-2.193 -0.58089
-1.1572 -0.73987
-1.295 1.6893
0.2355 2.1655
1.0684 -0.94665
-0.7999 1.1113
2.07 -1.5247
0.17747 0.52992
-0.17885 1.9032
-2.228 0.93272
1.2655 -0.65566
-0.75506 -1.1955
-0.81214 -1.2112
-0.77327 0.62027
0.80054 1.188
-1.3128 -1.6479
0.9804 -0.89453
1.7953 1.562
-1.8992 1.4489
0.86615 -1.3851
-1.6523 1.5539
1.8548 0.12196
1.2191 -0.66764
1.5369 1.1063
1.5071 -0.42462
1.8097 -1.0255
1.3719 -0.59797
-1.3165 1.1903
-1.9229 -0.7309
1.1306 -0.94457
-0.85434 -0.74432
-1.5673 0.81474
-0.58043 0.87311
1.9122 2.0187
-0.10301 0.045253
0.68022 0.96925
-2.1432 -0.66266
-1.8926 2.165
0.28297 -0.56321
-0.32492 1.2621
-1.9681 2.187
1.3671 -0.32602
-1.7672 2.17
-0.17943 0.67255
-1.9278 -0.37654
-1.6857 1.2901
1.6457 2.1399
1.9355 -0.081466
-0.67385 -1.5405
-2.1999 0.13269
0.49905 0.74186
-0.64996 1.7202
-0.1124 0.9989
1.5294 -0.68816
-1.1512 0.1618
-2.0207 1.7517
1.9686 1.7522
1.0266 0.22166
-0.74726 0.061073
0.43489 -0.27625
-0.36745 -0.017018
-1.6672 -0.64807
-0.14089 0.61334
-1.7847 2.1872
-0.91533 0.6244
-1.9605 0.75608
-1.6409 1.5324
0.017272 -1.8325
-0.70998 1.3706
0.030782 -1.0046
-1.8659 -1.5649
1.2118 0.86976
-1.7248 -1.2629
-0.11857 2.0118
-1.4068 0.6381
-0.49518 1.7177
1.2957 -0.85296
1.4466 2.232
1.0015 -1.1212
-1.0188 1.7874
1.0065 0.063804
2.083 -0.13759
-1.4881 1.8225
-0.0098834 0.31362
1.0899 1.7272
0.62563 -1.3557
-0.91946 0.10394
-0.59065 1.4057
-0.70152 1.2897
-0.54405 0.22327
2.0385 -0.82741
1.6621 0.28949
-0.32273 -0.55717
0.89531 1.1211
-1.5271 -1.315
1.989 0.007717
0.052117 -1.9334
-0.1467 0.49749
-1.6164 -1.1823
1.0863 -1.6915
2.1196 -1.2366
1.5109 1.4315
-1.6521 0.52739
-0.037919 -0.46909
-2.1825 1.4029
0.85265 1.0109
-1.2708 -1.8146
1.8913 1.3934
-1.5964 0.27229
0.85452 -0.43142
1.2935 -0.69527
0.40863 -1.7377
1.2545 -1.0565
-1.3544 1.6084
-0.32644 -0.42863
-1.0894 -1.9751
1.1305 0.17052
1.3733 -0.25555
-1.7657 1.592
-0.67589 0.36781
0.82242 1.2507
-1.6324 2.1165
1.4703 1.4857
-1.3478 1.1745
1.048 0.66379
1.0466 -0.23673
-1.6892 -0.78889
0.47648 0.72731
-0.72441 -1.8171
-1.5143 0.38986
0.40853 1.8855
-0.3175 0.57887
-0.95106 1.1842
0.0082715 1.4528
1.776 -1.1135
0.58772 -0.44891
-1.031 0.26975
-1.1187 2.1013
1.5691 0.30566
1.1872 1.8804
1.2333 -0.050092
-0.3948 2.1083
-1.1614 -0.459
1.5621 0.39702
-1.4254 -1.5112
0.69999 0.097528
-0.013886 0.56606
-2.2252 -1.3271
0.62438 -1.0351
-1.3808 1.38
-2.0614 1.2148
1.5272 1.4878
-0.045391 -1.813
-1.003 -0.97221
1.3677 -0.88909
-2.1059 -1.3655
2.0712 0.61115
0.13728 0.07806
-1.2282 1.175
0.76578 1.9556
-1.9751 0.41162
0.26702 0.11176
0.059196 -0.20691
-1.4703 0.88915
-1.2373 -0.41134
-0.093863 0.39644
-1.34 0.55771
0.60925 1.1375
0.51799 -0.36486
-0.64882 -1.2629
-1.7973 0.19755
-0.21457 0.50785
0.19387 -1.6725
-0.62551 0.47258
-0.47185 -0.24979
0.29209 -0.3226
2.0192 0.017471
1.0111 0.12657
1.6399 -1.546
-0.29539 -0.50809
-2.0173 0.67139
1.7234 -0.02405
0.64824 0.59183
-1.2406 -1.5211
0.81926 -0.86639
-0.35978 -0.76621
-0.91762 1.0107
-0.57708 0.23726
1.4903 1.3973
1.1552 -0.081627
0.60517 -0.9884
0.057599 0.75106
-1.7124 -1.3402
1.529 0.75075
-1.0418 -0.24508
0.21795 -0.30832
0.17699 0.39948
-0.75321 -0.23827
-0.20764 1.383
-1.2289 -0.29024
0.2303 -0.18126
-0.059351 0.3294
-0.61876 1.2531
-0.88036 -1.5107
-0.85147 -0.77185
-0.34654 0.8406
1.5199 -1.4822
-1.5942 2.2336
0.21972 1.2828
-0.12784 -0.12674
2.1958 0.80526
0.072458 -1.585
0.86174 -1.3164
-1.8837 -0.75651
-0.3293 0.72818
1.8191 1.4803
0.92208 2.2415
2.0431 1.8819
0.27352 1.7639
-0.97994 0.40073
0.25235 -1.2658
0.92598 1.1519
-1.7695 0.41317
-0.70646 -0.093717
-1.6872 1.4449
1.4431 -0.35305
-2.2236 -1.5115
-1.7669 -0.53975
0.86171 1.7125
2.1295 1.5054
0.85655 1.7647
1.1943 2.2144
-1.095 2.0378
-1.2779 1.8819
-0.8166 -0.55668
1.0182 -0.43561
1.1357 1.4029
0.49702 -0.46316
0.31851 0.15197
0.80487 1.1219
-0.042542 -0.96742
-0.28842 0.33111
-0.70531 -1.8171
-0.6146 -0.63837
1.6664 -0.22095
2.1841 0.98029
0.171 -1.2927
-0.93036 2.174
-0.21786 1.626
1.0508 0.70868
1.8831 1.6415
-1.0063 1.8908
-0.20123 -1.3099
1.6497 0.70212
1.528 2.1796
-1.2669 1.6516
0.5799 0.37391
-0.35964 0.21496
-1.4894 0.24315
0.32043 -1.8614
-1.8329 0.052126
-1.0045 1.7396
-0.93144 0.39958
1.4805 0.90969
-1.8599 -0.35618
-1.1075 0.35276
0.70998 1.0507
-0.48615 -0.52043
0.39815 -1.0002
1.8369 -1.3395
-0.86319 1.2841
-1.8623 -0.15342
1.4131 0.91032
1.4047 -0.19038
0.74223 0.77753
0.47621 2.1668
-1.7092 -1.8682
-0.0971 -0.2668
0.60315 1.3813
-1.6777 -0.72737
2.1714 -0.30742
-2.1409 1.3543
0.93844 -0.59716
1.8112 1.8068
-1.5649 0.65975
0.93717 1.7462
-1.4024 0.48364
-0.39144 -0.72167
1.333 1.9061
-0.55859 0.23774
0.42969 1.7469
0.78239 -0.1155
-0.22362 1.1608
-0.32884 -0.7622
-1.8485 1.678
-1.4275 1.8042
0.20186 -0.45897
-1.9617 2.0491
1.5337 -1.9404
-1.0105 -1.8789
2.1115 0.12918
-1.99 0.46803
1.9198 0.95402
-0.97575 -1.1745
0.82495 -0.48685
2.224 0.49426
-0.96733 -2.0311
2.1933 0.13927
1.6384 1.6158
1.5982 -0.24145
0.98831 -0.89225
-1.2868 -1.2914
0.027199 0.46066
-0.20523 0.37621
-0.16041 2.1743
1.1882 -0.34279
-0.37422 1.1267
-1.8801 -1.5966
-0.9278 0.36009
-0.85284 -1.1228
1.0104 0.80157
1.071 1.6306
-1.9788 -0.087938
-1.3354 1.3823
-1.7306 -1.3931
-1.8263 -0.30594
-0.021976 0.099896
0.95285 0.92611
-0.52227 1.907
-1.3929 0.18808
1.1261 0.23541
0.36767 1.9377
1.3003 -0.76145
1.6254 1.2762
-0.44909 1.3518
-1.1318 1.5793
1.7999 -1.1942
0.58159 0.62552
0.13297 0.46014
0.62434 0.29933
0.61524 -1.5388
2.1808 1.5757
0.21459 0.32435
2.1671 0.18142
0.0053256 -0.9327
-1.6908 0.53351
-1.5401 -0.55118
-1.4414 1.5527
-0.45029 -0.43127
2.0063 -0.034354
0.75155 -0.8916
-0.31224 -1.8197
-0.3799 1.4575
-0.75203 -1.837
-0.46738 0.076491
1.0232 0.26514
0.47268 0.60894
1.8157 0.67104
-1.2989 2.001
-1.077 -0.37891
1.8572 1.4924
1.8241 1.5878
-1.8033 2.2097
-1.2568 -1.6317
0.77149 -1.3438
-1.8875 1.1421
-1.0461 0.28584
-1.469 -1.1213
-0.43064 -1.5074
-0.92791 0.10655
2.0389 1.849
-1.6925 0.39812
2.2048 -0.2952
1.8604 -0.055873
1.987 -1.1872
-1.5202 0.63222
-1.3695 -0.81085
1.504 -2.0126
1.1346 -0.82889
0.66682 -0.38416
0.5206 0.18448
0.11474 1.063
1.3685 -0.26913
-0.3927 -1.1394
0.39346 0.097026
-0.19688 -0.5613
1.9663 -0.78792
-0.19571 1.1663
1.9634 0.70307
1.6958 2.1203
-0.35925 -1.3925
0.74724 0.90503
-0.86241 -1.4906
-0.13379 0.34538
-0.53424 1.3193
0.56284 -1.0064
0.0068691 -0.10432
1.7401 2.1809
-0.062605 -1.8181
-1.8905 2.1913
2.183 0.078164
-1.9416 -0.53235
0.63401 1.0453
-2.116 0.052758
-1.8582 -1.9122
-1.0475 -0.64309
0.012968 1.3454
-1.1949 -0.91402
1.3066 -1.9203
1.9104 -1.865
-1.1085 -0.94461
0.14433 -1.905
2.1841 -1.5435
1.2414 0.37076
0.32715 1.1723
-0.48745 1.9982
0.86984 2.0237
0.95686 -1.1973
1.8794 0.67843
1.5058 -0.79907
0.40894 -0.33881
1.5666 0.21539
0.24216 1.5927
-1.9868 1.3461
0.67073 0.81869
-1.3222 0.24353
1.8169 1.4117
1.5559 0.7123
1.189 -1.4223
-0.73082 -0.14326
-1.6645 -1.2874
-1.9356 0.97953
-0.52173 -1.2373
-1.2607 1.67
-1.2985 0.21616
2.1692 -0.59445
-1.2582 -0.36056
1.9145 0.17375
1.7245 -0.15685
-1.0192 1.8424
1.5708 1.3516
-1.9966 -0.2717
0.65588 -0.65677
-0.91161 0.97287
-0.37609 0.30377
1.6982 1.9647
-2.1973 -1.546
0.056682 -0.16651
0.21863 1.3823
-1.7816 2.0383
2.0933 -1.5626
-0.46669 -1.6117
-0.18604 -0.09329
1.1913 1.4423
2.1073 1.2251
1.2967 -0.75312
1.6125 1.9043
1.9562 1.9386
1.3442 1.3522
-0.20292 0.20899
1.4441 -0.1534
-1.4522 -1.0217
-0.59597 0.58875
1.7684 -0.24967
1.4103 0.78941
-1.5407 0.34383
-0.38322 -0.59083
0.48269 -0.53243
-0.82183 -0.098669
-0.1234 -0.71308
-1.6774 0.43095
-0.46929 -0.76704
0.51934 1.1655
0.54949 -0.5364
0.20015 -1.8969
-0.84734 0.21078
0.33551 -1.4815
2.1081 -1.3874
0.14205 -0.31358
-0.41316 -0.45647
-1.3746 0.28119
-0.42906 -1.6126
0.45953 2.1584
-1.0415 -0.049284
-0.50705 1.3175
1.7937 -0.47105
1.7482 -1.5148
1.5686 0.094381
0.11267 -2.1215
2.2454 -0.37204
0.88086 0.50676
1.3501 -0.45648
1.8653 1.3681
-1.2989 0.89388
-1.8463 -0.16534
0.73318 1.2755
-0.73711 -0.14988
-1.4306 2.2231
-0.49698 -0.42844
1.5313 0.37492
-0.35952 0.058242
-0.61206 1.4717
1.0048 -0.48936
0.9333 0.063037
-0.68689 1.1159
-1.0189 -0.36751
0.10489 -2.1238
1.9001 -0.64022
0.83707 0.8692
1.7739 1.4332
1.943 1.0182
-0.55415 -0.63321
1.6299 -0.45434
0.10135 -1.1575
-0.39742 -1.1344
0.081119 2.0064
0.081903 0.99967
1.0805 -0.53844
-2.1903 -0.0042727
-1.86 -2.0197
0.14993 1.796
-1.126 -0.95293
0.72827 -1.8014
1.2379 -0.075727
1.1789 1.3624
1.7236 -0.77197
-1.1528 -1.7808
-0.83078 -0.24305
2.1955 -1.6554
-0.7086 -1.0986
1.9356 -0.0016812
-1.1683 1.2758
0.32596 -1.0666
-0.0029772 -1.0043
-1.2974 0.10414
-1.7002 -0.53286
-1.0602 -1.5056
1.1317 0.40996
-1.9814 1.4523
1.0723 -0.57442
2.0792 0.51538
0.41871 1.6312
-1.9028 0.6001
-2.238 -1.0098
-0.78863 -1.4649
2.0613 -0.21087
0.97417 -1.7585
0.7256 -0.72602
-0.078917 1.452
1.3094 1.3186
-0.48455 -1.7563
1.7332 0.064598
-0.055649 -0.014037
-0.48468 1.3011
0.048213 1.5398
-2.0977 0.49315
-0.53373 0.43449
-0.46501 2.0894
0.82729 -0.74511
1.007 -0.37912
-0.66732 -0.77199
-1.4194 1.1859
-0.31581 -1.2301
0.84933 -1.9602
-2.08 -0.65763
-0.25706 2.1455
0.77913 1.2874
0.79638 -1.3301
0.54335 2.1494
-1.3936 -1.4183
2.1246 -0.91117
1.4112 0.22537
0.16435 -1.8611
1.751 1.0301
-0.46482 1.1204
-0.038967 -0.67737
-1.8944 1.7639
0.40439 1.5186
2.0318 0.62925
0.83753 0.20769
1.3557 -0.60774
0.18493 0.66138
0.14736 -1.4099
-0.32464 -1.4412
1.4241 -1.6641
-1.9768 -0.70605
0.62138 -0.85674
1.7739 -1.6048
-1.3851 -1.4299
-2.1723 -1.5568
1.5382 0.18083
2.2042 0.94691
0.55649 0.41049
-2.1386 1.5415
1.6913 0.22958
-1.0801 1.1922
-0.076506 -0.25793
0.048461 -1.7899
1.8536 -1.4899
-1.5834 1.6803
0.7452 -1.3724
0.60315 -0.0067636
-0.49298 0.30372
-0.14105 -0.33179
-0.42608 0.6385
-1.9186 0.4699
1.337 1.8693
-0.46945 -0.59364
0.13481 1.8995
-0.16469 1.1231
-0.60046 -0.91013
-0.76411 -0.097648
-0.46162 0.29584
0.28087 1.3943
2.1456 -0.30938
2.1926 -0.31165
-0.22477 2.2388
-0.37156 0.90611
-0.51646 -1.5213
-0.85152 -0.17866
0.72426 2.0747
-1.2023 0.97836
1.5234 -0.97422
-1.3107 -0.11253
1.4519 -0.31387
-2.2087 1.5055
0.98988 0.87359
2.0972 1.8725
-0.53852 -1.4859
-1.9518 0.41959
0.57753 1.0375
0.50003 -0.61856
0.36207 -0.91597
0.16207 0.51565
-0.27444 -0.86617
-1.9774 1.7215
-0.13095 0.35803
2.2284 -0.76985
-1.1075 -1.1112
-1.6359 1.2613
0.37943 2.1091
0.7437 2.0061
-1.574 0.64226
0.03041 -1.0002
1.4651 2.2033
-0.34586 -2.0136
1.547 -0.011268
0.97958 -0.24982
0.41156 -1.2532
-0.6354 0.93034
1.6271 -0.54583
-0.47163 -0.069626
-1.2266 -1.309
0.95455 0.6239
-1.0118 1.579
-0.0071122 -0.90761
0.41703 -0.88575
-1.9377 -0.69158
-1.305 -0.78155
-1.1946 -1.5561
-0.10393 1.0637
-1.764 -1.6668
2.0752 -0.35665
-0.50726 0.13101
0.29954 -0.25795
0.10907 -0.57016
-1.5017 1.3762
2.239 1.9228
0.75164 1.6431
-1.1754 -1.1922
1.9054 1.5307
-1.5501 -0.1607
1.5222 1.2521
1.2956 1.9102
-1.7599 1.5963
-0.81167 -0.46227
-0.78336 1.0177
-0.94131 -1.6995
-1.5531 1.7745
1.1606 1.7383
0.61905 -0.51854
-0.43537 -1.936
1.6797 1.3603
-0.0052393 -1.6325
2.107 0.56442
-1.2277 2.0814
-0.85574 1.8722
0.63382 1.6338
1.0773 -0.38335
-0.47542 1.0374
-0.53671 -0.54494
-1.2441 0.00052824
1.7485 -1.855
1.7787 1.9489
-1.8176 0.75034
-1.2199 2.062
-0.7745 0.68408
-0.91565 -0.49102
1.2733 0.19158
0.57285 1.0765
-0.98241 1.3326
1.5546 2.2203
-1.0974 -1.7555
-0.38412 0.51297
0.99758 -1.1251
-2.0883 -0.30978
-1.2494 0.83699
-0.60545 -0.90956
-2.0817 -2.1096
-0.064082 -0.88159
-1.357 -0.28879
0.45023 0.18455
0.076754 1.1478
2.0161 1.6753
0.47099 0.3469
-0.96985 0.61376
-1.9088 1.5193
-1.5268 -0.39729
-2.011 1.0322
1.1 1.436
-1.4429 0.35322
0.089313 1.3834
0.9439 0.27482
-0.33457 0.32183
1.7321 1.6251
0.044049 0.48416
-1.5369 -0.96588
0.82628 -0.29151
-2.2486 -1.6929
-0.52728 -1.8523
-2.1869 0.86999
-1.2995 -1.383
1.3919 -1.2266
2.0583 -1.1347
-0.64299 0.46261
1.1098 0.48811
-1.2678 -1.6199
-1.4123 -1.4801
0.71471 0.74561
-0.97761 -1.1042
1.646 0.356
2.2457 0.067828
-0.66181 0.38474
0.18724 0.97787
0.66299 0.22291
1.6736 -1.0082
-1.3046 0.29302
-0.40182 0.87437
1.5882 -1.3141
1.5903 1.7175
1.2929 2.0888
-1.603 -1.5017
-0.98566 0.94358
1.1367 -1.8791
-2.2094 -1.4735
0.56587 0.86318
-1.728 -0.67548
-0.74456 0.45474
-2.0381 0.12478
-1.2374 -0.52369
1.1504 -0.21021
1.9317 1.9046
1.5011 2.0528
-0.0089108 -0.53584
-1.9364 -0.74619
-0.35868 -0.35544
-0.65501 2.1748
-0.0097916 0.30116
-0.28806 -0.38374
0.88412 -0.66487
0.885 1.5199
-1.4309 -1.2097
-1.8926 1.6607
-1.7343 0.51702
-2.1205 -1.203
1.2148 0.69396
-0.17441 0.1746
-0.32745 0.55109
-0.69548 -0.98647
-1.2031 -0.40287
-0.16815 -0.052055
1.3021 1.585
-1.2862 1.9116
1.3512 1.6109
-0.23685 -0.14098
0.10294 0.64652
-1.8523 0.94797
-1.3208 -1.3543
-0.42741 -0.052997
-1.9443 0.15956
-0.55717 1.2943
-1.5831 2.0926
1.5705 0.84294
-1.1184 -0.18919
0.66196 0.92654
-1.7125 0.98299
0.62752 -1.3411
1.2741 1.9602
1.8751 1.9542
0.8818 1.5043
2.2156 -0.82947
-2.1856 -1.5138
-1.0386 1.5165
-1.8931 1.1218
1.8839 -1.0493
1.8286 1.3288
0.70574 -0.011989
0.46776 -1.3095
1.1669 1.3442
0.45499 -0.39138
-0.45442 -1.3364
0.27123 0.5477
-1.8881 -0.83052
-0.86785 -1.8281
-1.6349 0.82634
0.99255 1.8387
-2.1737 -1.0655
0.17342 1.4996
2.1498 -0.57087
-0.64696 -0.62588
-1.931 -1.1628
-0.95866 -0.38919
-0.8301 -1.5353
0.91941 -2.0149
-1.626 -0.1911
0.0055898 0.56938
-1.4128 0.30203
-0.59788 -1.2331
1.1185 -1.7442
1.9209 -0.022991
-0.18815 -0.061431
1.7325 -1.9578
-1.9698 -0.69789
-0.013783 -1.665
-1.7016 0.032797
1.1785 2.0402
1.8987 -0.31296
1.0347 0.89257
0.90586 0.98438
-0.48258 -1.8687
-0.88945 -1.2593
2.0077 -0.82815
-1.3688 0.50279
0.58828 1.7918
-1.3899 -0.17981
1.0326 1.187
-1.6683 -0.1485
0.34671 -1.7936
-1.8624 1.5258
-1.5817 1.8379
0.72644 -0.31027
-1.1333 1.9484
-1.3547 0.97654
-1.2726 1.4078
1.6891 0.10249
2.1916 0.37212
0.22705 1.0117
-1.2475 -1.6418
1.6019 1.5561
1.8557 1.7644
1.5731 0.39328
-0.98979 -1.9987
-1.7292 1.6797
-1.5827 -0.0093976
1.764 1.3335
-0.20099 -1.5245
0.72591 -0.52556
-0.67892 -0.71671
0.60589 -0.86293
-1.2187 1.7734
-0.44189 -0.16672
-0.63962 -0.34497
0.30675 1.6745
-0.058317 -1.0623
0.64361 -1.0232
0.8875 -0.96783
0.89356 1.0641
-1.7606 0.37372
0.75152 -0.64809
-1.6217 -0.86915
-0.32311 0.0025904
0.8124 2.0295
-0.90059 -1.7495
0.34471 -0.67665
-1.6311 -0.23983
2.1811 1.6313
0.77137 1.4857
0.32183 0.21431
-0.36852 0.18041
-1.4187 -1.1926
1.0375 -0.16531
1.2567 -0.52327
0.27885 -1.5397
1.3913 1.0782
-1.5031 -0.51618
-0.54659 -0.54589
-0.27014 0.27676
-1.0784 -2.142
1.2297 1.1675
-0.48597 -1.7577
0.5048 1.1965
-1.3842 -1.8311
1.4487 -1.2839
0.0021937 -1.4244
1.5907 -0.50961
0.59946 1.5172
-1.8556 0.67406
2.1047 0.50298
0.015043 1.7642
-0.7383 1.2388
0.56708 1.1724
1.3517 1.4172
-0.31844 -0.94385
-0.066542 -0.85601
-1.7657 1.6535
-0.19375 2.1032
-1.521 0.029477
-1.4617 -2.0166
0.73574 -0.37157
-0.95187 1.2802
2.1239 -2.076
1.438 0.22459
-0.30461 2.129
0.64279 -0.029962
0.027851 1.6202
-0.14181 2.0127
-1.8207 -0.69183
1.0981 1.4758
-0.7311 1.687
1.6744 -0.17149
-1.3145 2.0459
-2.0807 2.178
-1.0714 -0.54067
2.2319 1.0053
0.99546 0.29416
-1.3381 1.185
-1.0835 0.13823
2.0982 -0.55561
0.95794 -0.58174
-0.6704 0.91198
-0.82095 0.77528
1.312 0.084899
0.089802 -0.019023
-1.5505 -1.8477
2.1893 -1.6822
1.8125 0.10263
-1.0028 1.0077
1.9343 -0.30248
-1.1674 -0.34504
-1.1298 -1.0261
-2.0527 2.2141
0.33717 -0.057938
-1.708 0.60034
-1.2943 -0.61984
-0.82452 -0.022122
-1.0442 1.3057
1.4166 2.2437
0.85367 0.04901
-1.6135 0.76875
-0.52149 1.099
2.0885 0.3606
-1.0041 -0.37023
1.1556 0.29898
-1.2491 0.83163
0.53784 0.10098
-0.98879 1.0935
2.1917 0.76986
1.4843 -0.32909
1.0458 -1.6713
-1.4825 1.8848
0.55285 1.2083
-0.98062 -1.844
-0.01606 0.74172
-2.2123 1.6634
0.82355 1.3132
0.69037 -0.60927
0.02416 -1.4815
-1.2524 0.18126
0.23955 1.0098
-0.13431 1.078
0.12133 -0.24977
1.3072 -0.80107
-0.35166 0.63043
-1.7886 1.8624
-0.31079 1.3945
1.1653 0.9457
-1.122 -0.094352
0.9024 -0.45113
0.035321 2.122
1.673 -0.49417
0.58267 0.66421
-0.4879 -0.1014
1.1909 -1.9937
-1.4554 1.1099
1.7352 -0.32067
0.67446 0.30927
0.33869 -0.29621
1.1591 -0.1171
1.6509 0.58579
-1.8254 0.25551
-1.3534 1.3443
-2.1472 2.0037
-0.049089 -0.040104
-0.83215 1.7167
-2.1843 1.3121
-1.1523 0.6404
-0.94245 2.0773
-1.8426 1.9879
1.3316 0.18182
0.65769 -1.4359
0.32546 1.196
2.1175 -0.56567
-0.8686 -0.99604
1.8345 -0.022712
-1.3125 1.5111
0.82157 0.89571
-1.079 -1.629
-1.8001 -0.57273
1.556 1.0004
-2.0674 1.8013
1.2307 0.66067
1.2695 1.3374
-1.7358 -0.24907
-0.31867 -0.88313
1.3674 0.094223
0.64576 1.4273
1.7913 0.41726
1.5947 2.2281
-1.0859 -0.68906
1.9237 1.4121
0.090564 -0.23722
-1.0004 -0.9549
-0.69569 0.61778
0.64203 0.58979
1.4891 -0.29228
-0.29459 0.5005
1.0797 -0.62114
1.9491 1.8287
1.6502 1.4173
-1.8173 -0.14004
1.24 1.0104
0.19988 -2.0577
-0.79042 1.021
-1.7284 -0.2205
-1.6181 -1.1608
0.37357 1.8483
1.2254 -1.4045
1.5207 1.1684
0.33767 -0.2073
0.55 -1.2744
-0.17068 -0.70061
0.61708 1.0677
0.18187 0.27565
1.7828 -1.5469
0.958 2.1731
0.21607 1.2872
0.57695 1.5749
2.2058 -0.65747
2.1415 1.6242
-2.143 1.5003
0.59339 -1.5371
-0.60424 0.91603
2.0065 0.47699
1.4269 1.5417
1.2814 1.4797
1.4249 0.98048
0.41261 0.64035
-1.5968 0.86407
1.3265 1.7168
1.7679 -0.076416
-1.9316 -0.89356
0.57868 -1.6895
-0.34078 -1.6576
-1.707 0.46343
0.20623 -1.6746
-1.3103 1.6188
-0.065182 -1.0151
1.3649 1.3227
-2.2163 -0.034471
2.0742 -1.0086
1.9917 -0.89297
-1.4702 1.6724
-1.9771 2.1131
1.7453 1.959
1.5499 1.2261
-1.2979 -0.77572
0.13928 1.5323
1.7959 1.2181
0.32296 1.9206
0.39625 0.099581
2.1472 -1.5714
1.3036 -0.6544
-1.0649 -1.2113
0.95716 -2.0199
2.0673 -1.7083
1.4278 1.3089
-0.89137 -1.6479
1.7042 1.5039
-0.29901 0.43833
-0.06586 1.0438
-0.37654 -1.076
1.5958 -0.8304
1.4024 0.047705
-0.40085 0.39825
2.1701 -0.60086
-0.07236 0.3678
2.1801 -1.9876
0.66445 2.2117
-0.21738 -0.31585
-1.9474 1.0358
-1.7714 0.37588
0.40181 -0.10782
0.80665 1.7226
0.66376 1.6834
1.6053 -1.0394
2.0622 -0.51416
-0.46987 1.5754
0.3607 0.4022
0.80834 -0.038537
0.23288 -0.50421
-0.30648 1.929
-0.79483 0.030569
-1.7726 0.064664
1.5953 2.0804
1.8237 -0.26255
0.89174 2.1276
1.2507 0.74662
1.2218 0.12543
0.56933 1.6163
-0.68265 0.38455
-2.1176 -1.5113
-1.1299 -0.11531
0.69319 0.52714
1.1155 1.717
0.25775 1.9522
-1.6957 -0.38377
1.2648 -1.9453
0.57424 -1.4266
0.18895 0.32501
1.1289 1.081
-1.2074 -0.70492
0.55048 0.61152
-1.4831 1.6732
1.121 -1.2807
-0.49807 1.5613
-0.34112 -1.7238
1.5645 1.6092
1.4428 -1.5069
-0.36936 -0.065892
-0.17543 -0.77736
-2.0696 1.6999
0.90631 -0.10992
0.50988 2.1764
0.65043 2.1109
1.9101 1.5965
-1.6776 1.4146
-1.5404 0.24688
0.05575 -1.5386
2.2158 0.32393
-0.54869 1.0788
-1.5266 0.41759
0.50825 -0.31052
0.6908 -1.3067
2.0102 -1.3866
0.939 -1.4024
-0.65741 -0.23525
-2.143 -0.47065
-1.7829 1.5955
-1.7795 -1.4638
0.18479 -1.7471
1.7877 -0.51098
1.0667 0.29557
1.748 -1.9833
1.5129 -1.0526
0.2801 -0.24528
-2.1907 -0.035226
-1.831 -0.27623
0.13174 1.9177
-1.3729 1.1261
-0.68678 0.26314
2.0383 -1.9
1.1163 1.9557
-1.922 0.62411
0.43499 1.8588
0.619 0.14232
-0.46633 1.0252
0.78008 -0.45115
-0.62838 1.2683
-0.71425 1.8284
-1.0993 0.10977
1.3231 0.94199
2.0746 0.62434
1.011 1.6074
0.71651 -0.077516
1.105 -1.0728
1.8501 0.76402
2.2062 0.56559
1.1542 1.1362
-1.1441 -1.8805
1.5623 2.149
-1.6959 1.9951
2.0395 -1.7207
0.79854 -1.5692
1.1091 -0.07633
0.27735 -0.20284
1.2894 1.0118
1.3963 0.366
-1.636 -0.29388
-1.3616 1.476
-2.0663 1.2639
1.4762 1.1134
-0.80448 0.98287
1.9257 -0.26906
-0.36396 1.9528
1.6002 0.95469
0.68803 0.80808
0.48467 0.90874
0.97532 0.1714
1.8984 1.6228
0.17737 -0.45292
1.9275 1.0886
1.4672 -0.62956
0.26588 -0.82302
-0.88866 2.115
0.52178 1.9886
1.4664 0.51774
0.559 -1.6904
-0.39805 -0.70052
1.0267 1.0533
1.2161 1.1947
-2.1661 -1.0057
1.4453 1.8947
1.1252 0.8876
2.0188 1.7578
-1.9643 1.0117
-1.6839 2.1272
0.88867 0.1298
1.3057 2.1428
0.095574 0.87698
-1.2368 0.97436
-2.0199 2.1009
-0.29904 -2.0918
-0.7964 1.6595
0.71648 1.5805
0.96196 -1.7613
1.0728 -0.4105
1.6443 -0.093208
-1.9215 1.0941
-1.8298 -0.26708
1.1474 0.83909
-0.69861 -0.61732
0.36986 -0.21091
0.88848 0.99496
-1.2078 0.45992
-0.85913 1.6292
-0.47518 0.68579
-0.26802 1.1969
-0.78115 1.7419
-1.1749 1.971
2.0554 -1.1159
0.042444 -1.3099
-0.93402 2.0644
-0.29947 1.0938
1.1607 -1.1105
1.4516 2.1741
-1.9774 -0.46012
-1.4017 1.5111
-1.0981 2.1306
1.2229 1.0893
-0.88329 0.27865
1.2145 1.7282
2.1468 1.6394
0.7108 -1.8326
1.1117 -0.75474
0.10297 -0.49861
-0.38615 0.12429
-0.55288 1.967
-1.3702 1.0973
-0.051682 -0.66655
0.70208 -0.74695
1.6973 0.40198
-0.27462 1.0321
1.5302 -1.4921
-1.0936 -1.6894
1.2765 2.025
2.0348 1.9924
-1.7118 0.95155
-1.8592 -1.5019
1.241 -0.51438
1.2812 0.15836
0.67223 -1.0158
1.1246 0.296
0.58943 1.0803
1.3927 0.72241
0.19409 -0.097557
-0.33773 -0.63812
2.1942 -0.89442
-1.889 0.91296
0.14373 -1.149
-1.3763 -1.3352
0.43442 0.70277
-0.69557 -0.55737
1.0831 1.8995
1.0944 0.95377
0.01639 -0.14994
-1.8515 -1.1009
-0.82439 -0.88178
1.9733 1.4396
-1.9327 0.037982
-1.0419 -1.2046
-0.35552 1.0847
-1.994 0.62287
-0.2211 0.30278
2.135 -0.11898
2.1317 -0.55896
0.91587 0.8645
-0.65312 1.2608
1.8713 0.83197
1.1783 0.24241
-1.8135 1.0196
0.21879 0.15599
-1.6019 0.034383
0.96306 1.895
-1.6463 -1.8105
-2.2421 0.76348
-0.87877 0.36188
0.61154 -0.70794
-0.75799 -0.39044
1.9729 0.44754
-1.7264 2.2338
0.36316 -0.43921
1.2551 1.4666
0.72101 -1.2128
-0.30541 0.51717
1.2873 -1.5078
-1.7821 1.5728
-0.94791 0.76978
1.744 -1.5458
1.4642 0.48393
0.67759 0.073037
0.10487 0.57105
1.5586 1.1254
1.638 -0.2443
-1.8191 -1.4687
0.082661 -1.4028
1.599 -0.70055
-1.573 0.47805
0.84285 -0.0733
0.034427 -1.6397
0.28552 -2.0742
0.81671 -0.45693
-2.1638 -0.35348
-0.9097 0.57027
-0.80936 -1.6175
0.78408 1.7164
1.4661 1.7548
1.4925 0.59551
1.4742 1.6715
-0.69262 -0.86567
-1.4496 -0.079737
1.5831 1.9103
-0.52956 1.1032
-0.086461 1.8271
1.7827 0.78258
1.0003 -0.19568
-0.72048 2.078
1.6071 0.35653
1.6402 -1.755
0.078502 -0.21235
1.5242 1.9623
-2.1483 -1.8035
1.779 -1.2674
1.797 -1.0365
-1.6168 -0.0012688
-1.9468 -1.3186
-0.090177 2.0035
1.0459 -1.7564
-0.75963 2.0621
-2.1406 0.52971
2.1422 0.65623
-1.5071 -1.0454
1.2944 -0.3701
-0.090212 -0.62361
-0.71037 -2.0457
-1.6391 -0.91393
1.5411 0.85078
1.7734 2.2019
-0.53446 0.13131
-0.55956 -0.94766
0.012228 -0.65322
1.1008 -0.29334
1.9625 0.89697
-0.88491 0.27113
1.0729 1.5604
-1.4966 1.7339
-1.604 0.089319
-1.4881 0.7796
0.11397 -0.71955
1.2195 0.28745
2.125 -1.3202
1.495 1.465
0.74034 -0.95027
1.3571 0.53722
-1.299 0.16434
0.80205 1.9377
1.6291 1.4988
0.88218 0.21794
-0.35026 -0.10498
-0.1238 0.81719
-0.33086 -0.72264
0.40701 -1.4276
0.44607 1.8233
0.14939 -0.26305
1.4465 1.1305
-0.28945 1.8171
-0.5876 -0.24464
0.17458 -1.5576
1.4723 -0.79836
-1.6469 0.98542
1.8411 0.32087
1.9191 -0.12988
1.1869 0.10153
-0.46191 0.89114
1.0722 1.3052
0.48342 0.17121
-0.14225 -0.21876
0.58005 0.1819
1.5777 -0.62913
0.27019 1.6675
1.9799 2.0523
-1.8963 -1.6704
-1.0344 -0.042387
-1.667 -0.72118
2.0317 -1.2343
-0.71098 2.0273
0.070932 -0.99948
-1.7669 -0.99976
0.33225 2.0455
-1.1368 -0.69628
1.6454 -0.33137
1.4711 0.37673
-1.7184 -0.085197
-1.9258 -1.5832
0.7007 1.3613
0.093702 -1.5311
0.11828 -0.70001
-2.0787 1.042
0.34101 2.1778
0.54626 0.41241
-0.78963 1.2882
1.7205 -1.1019
-0.46926 1.2571
-2.2473 -0.97616
1.6766 -1.3779
-0.28222 1.1428
0.60757 0.96647
1.7175 -1.3645
0.60857 0.76546
0.3242 -1.5376
0.95383 1.4083
-0.4779 0.73199
-1.8629 -1.0672
-0.13186 -1.4962
2.0642 1.7658
0.59795 0.20989
-1.5044 -1.2029
0.8756 1.5701
-0.3897 -0.92394
-1.5977 0.71885
-0.96278 -0.38773
0.83936 -0.85982
&
