@g0 type xy 
@    title "energy fluence vs position"
@    subtitle "/home/miia/EGSnrc/egs_home/TB/anodeXRayWPbPort_egs_chamber_r"
@    legend on
@    legend box linestyle 0
@    legend x1 0.6
@    legend y1 0.75
@    view xmin 0.250000
@    xaxis  label "Y /cm"
@    timestamp on
@    yaxis  label "energy fluence/incident particle /MeV cm\\S-2\\N)"
@    s0 on
@    legend string  0 "IQ = 0 NO LATCH CHECK"
@TYPE xydy
@    s0 errorbar length 0.000000
@    s0 symbol color 1
    -4.9500E+00     0.0000E+00     0.0000E+00
    -4.8500E+00     0.0000E+00     0.0000E+00
    -4.7500E+00     0.0000E+00     0.0000E+00
    -4.6500E+00     0.0000E+00     0.0000E+00
    -4.5500E+00     0.0000E+00     0.0000E+00
    -4.4500E+00     0.0000E+00     0.0000E+00
    -4.3500E+00     0.0000E+00     0.0000E+00
    -4.2500E+00     0.0000E+00     0.0000E+00
    -4.1500E+00     0.0000E+00     0.0000E+00
    -4.0500E+00     0.0000E+00     0.0000E+00
    -3.9500E+00     0.0000E+00     0.0000E+00
    -3.8500E+00     0.0000E+00     0.0000E+00
    -3.7500E+00     0.0000E+00     0.0000E+00
    -3.6500E+00     0.0000E+00     0.0000E+00
    -3.5500E+00     0.0000E+00     0.0000E+00
    -3.4500E+00     4.1212E-11     1.8284E-12
    -3.3500E+00     3.9356E-11     1.7905E-12
    -3.2500E+00     4.1645E-11     1.8140E-12
    -3.1500E+00     3.5774E-11     1.6864E-12
    -3.0500E+00     3.4252E-11     1.6347E-12
    -2.9500E+00     3.6020E-11     1.7091E-12
    -2.8500E+00     3.7030E-10     5.2834E-12
    -2.7500E+00     1.7041E-09     1.0962E-11
    -2.6500E+00     2.6003E-09     1.3332E-11
    -2.5500E+00     3.3816E-09     1.5006E-11
    -2.4500E+00     4.1707E-09     1.6497E-11
    -2.3500E+00     4.9648E-09     1.7819E-11
    -2.2500E+00     5.7356E-09     1.8917E-11
    -2.1500E+00     6.5260E-09     1.9947E-11
    -2.0500E+00     7.3204E-09     2.0932E-11
    -1.9500E+00     8.1528E-09     2.1861E-11
    -1.8500E+00     8.9539E-09     2.2702E-11
    -1.7500E+00     9.7253E-09     2.3429E-11
    -1.6500E+00     1.0632E-08     2.4270E-11
    -1.5500E+00     1.1552E-08     2.5070E-11
    -1.4500E+00     1.2556E-08     2.5879E-11
    -1.3500E+00     5.0370E-08     4.9119E-11
    -1.2500E+00     9.6916E-08     6.6609E-11
    -1.1500E+00     1.2126E-07     7.3566E-11
    -1.0500E+00     1.3692E-07     7.7478E-11
    -9.5000E-01     1.4851E-07     8.0167E-11
    -8.5000E-01     1.5720E-07     8.2028E-11
    -7.5000E-01     1.6412E-07     8.3445E-11
    -6.5000E-01     1.6995E-07     8.4593E-11
    -5.5000E-01     1.7460E-07     8.5468E-11
    -4.5000E-01     1.7885E-07     8.6278E-11
    -3.5000E-01     1.8189E-07     8.6805E-11
    -2.5000E-01     1.8485E-07     8.7345E-11
    -1.5000E-01     1.8666E-07     8.7594E-11
    -5.0000E-02     1.8864E-07     8.7951E-11
     5.0000E-02     1.8994E-07     8.8152E-11
     1.5000E-01     1.9087E-07     8.8288E-11
     2.5000E-01     1.9126E-07     8.8317E-11
     3.5000E-01     1.9155E-07     8.8362E-11
     4.5000E-01     1.9150E-07     8.8347E-11
     5.5000E-01     1.9104E-07     8.8243E-11
     6.5000E-01     1.9007E-07     8.8057E-11
     7.5000E-01     1.8926E-07     8.7923E-11
     8.5000E-01     1.8791E-07     8.7674E-11
     9.5000E-01     1.8622E-07     8.7372E-11
     1.0500E+00     1.8432E-07     8.7034E-11
     1.1500E+00     1.8206E-07     8.6619E-11
     1.2500E+00     1.7985E-07     8.6244E-11
     1.3500E+00     1.7690E-07     8.5692E-11
     1.4500E+00     1.7381E-07     8.5110E-11
     1.5500E+00     1.7070E-07     8.4557E-11
     1.6500E+00     1.5871E-07     8.1926E-11
     1.7500E+00     1.9521E-08     3.1220E-11
     1.8500E+00     1.1343E-08     2.4372E-11
     1.9500E+00     9.8225E-09     2.2995E-11
     2.0500E+00     8.5725E-09     2.1821E-11
     2.1500E+00     7.4375E-09     2.0609E-11
     2.2500E+00     6.4732E-09     1.9523E-11
     2.3500E+00     5.5721E-09     1.8382E-11
     2.4500E+00     4.7836E-09     1.7265E-11
     2.5500E+00     4.0000E-09     1.5998E-11
     2.6500E+00     3.2936E-09     1.4699E-11
     2.7500E+00     2.5223E-09     1.3079E-11
     2.8500E+00     1.5592E-09     1.0473E-11
     2.9500E+00     1.4719E-09     1.0174E-11
     3.0500E+00     1.7007E-09     1.0931E-11
     3.1500E+00     2.0284E-09     1.1944E-11
     3.2500E+00     2.4850E-09     1.3231E-11
     3.3500E+00     3.1803E-09     1.4994E-11
     3.4500E+00     3.7423E-09     1.6305E-11
     3.5500E+00     0.0000E+00     0.0000E+00
     3.6500E+00     0.0000E+00     0.0000E+00
     3.7500E+00     0.0000E+00     0.0000E+00
     3.8500E+00     0.0000E+00     0.0000E+00
     3.9500E+00     0.0000E+00     0.0000E+00
     4.0500E+00     0.0000E+00     0.0000E+00
     4.1500E+00     0.0000E+00     0.0000E+00
     4.2500E+00     0.0000E+00     0.0000E+00
     4.3500E+00     0.0000E+00     0.0000E+00
     4.4500E+00     0.0000E+00     0.0000E+00
     4.5500E+00     0.0000E+00     0.0000E+00
     4.6500E+00     0.0000E+00     0.0000E+00
     4.7500E+00     0.0000E+00     0.0000E+00
     4.8500E+00     0.0000E+00     0.0000E+00
     4.9500E+00     0.0000E+00     0.0000E+00
&
