@g0 type xy 
@    title "energy fluence distribution"
@    subtitle "/home/miia/EGSnrc/egs_home/TB/anodeXRayWPbPort_egs_chamber_r"
@    legend on
@    legend box linestyle 0
@    legend x1 0.6
@    legend y1 0.75
@    view xmin 0.250000
@    xaxis  label "energy /MeV"
@    timestamp on
@    yaxis  label "energy fluence/MeV/incident particle  /cm\\S-2\\N"
@    s0 on
@    legend string  0 "IQ = 0 NO LATCH CHECK"
@TYPE xydy
@    s0 errorbar length 0.000000
@    s0 symbol color 1
     3.0000E-04     1.6537E-22     0.0000E+00
     9.0000E-04     1.6537E-22     0.0000E+00
     1.5000E-03     2.5877E-12     2.4487E-13
     2.1000E-03     2.5801E-11     1.4523E-12
     2.7000E-03     2.8304E-11     1.4479E-12
     3.3000E-03     3.0382E-12     5.7413E-13
     3.9000E-03     1.6537E-12     4.0851E-13
     4.5000E-03     2.5933E-12     5.0517E-13
     5.1000E-03     4.0496E-12     6.5107E-13
     5.7000E-03     5.3718E-12     7.5770E-13
     6.3000E-03     1.6409E-10     4.2865E-12
     6.9000E-03     3.5116E-11     2.1464E-12
     7.5000E-03     1.0922E-11     1.3941E-12
     8.1000E-03     1.4259E-10     4.5839E-12
     8.7000E-03     4.1360E-11     2.5530E-12
     9.3000E-03     3.2429E-10     9.4071E-12
     9.9000E-03     2.5740E-11     2.8932E-12
     1.0500E-02     8.4500E-09     5.3013E-11
     1.1100E-02     1.7809E-10     7.7435E-12
     1.1700E-02     2.8858E-11     2.5821E-12
     1.2300E-02     1.0497E-09     2.0504E-11
     1.2900E-02     1.2224E-08     7.0302E-11
     1.3500E-02     1.3970E-10     6.0036E-12
     1.4100E-02     2.9455E-10     8.0571E-12
     1.4700E-02     2.0183E-09     2.7916E-11
     1.5300E-02     2.0826E-09     2.3812E-11
     1.5900E-02     3.2227E-09     2.6021E-11
     1.6500E-02     5.8417E-09     3.4900E-11
     1.7100E-02     1.0294E-08     4.7166E-11
     1.7700E-02     1.6599E-08     6.0933E-11
     1.8300E-02     2.5150E-08     7.6340E-11
     1.8900E-02     3.6790E-08     9.3794E-11
     1.9500E-02     5.1326E-08     1.1256E-10
     2.0100E-02     6.8468E-08     1.3200E-10
     2.0700E-02     8.8830E-08     1.5262E-10
     2.1300E-02     1.1302E-07     1.7469E-10
     2.1900E-02     1.3909E-07     1.9653E-10
     2.2500E-02     1.6783E-07     2.1887E-10
     2.3100E-02     1.9827E-07     2.4109E-10
     2.3700E-02     2.3154E-07     2.6398E-10
     2.4300E-02     2.6542E-07     2.8621E-10
     2.4900E-02     3.0136E-07     3.0880E-10
     2.5500E-02     3.3699E-07     3.3047E-10
     2.6100E-02     3.7367E-07     3.5204E-10
     2.6700E-02     4.1073E-07     3.7340E-10
     2.7300E-02     4.4614E-07     3.9358E-10
     2.7900E-02     4.8370E-07     4.1432E-10
     2.8500E-02     5.1857E-07     4.3366E-10
     2.9100E-02     5.5299E-07     4.5256E-10
     2.9700E-02     5.8677E-07     4.7094E-10
     3.0300E-02     6.1776E-07     4.8810E-10
     3.0900E-02     6.4948E-07     5.0545E-10
     3.1500E-02     6.8123E-07     5.2269E-10
     3.2100E-02     7.0982E-07     5.3873E-10
     3.2700E-02     7.3505E-07     5.5333E-10
     3.3300E-02     7.6225E-07     5.6862E-10
     3.3900E-02     7.8705E-07     5.8300E-10
     3.4500E-02     8.0883E-07     5.9630E-10
     3.5100E-02     8.3187E-07     6.0995E-10
     3.5700E-02     8.5189E-07     6.2254E-10
     3.6300E-02     8.7064E-07     6.3466E-10
     3.6900E-02     8.8832E-07     6.4628E-10
     3.7500E-02     9.0556E-07     6.5771E-10
     3.8100E-02     9.2132E-07     6.6874E-10
     3.8700E-02     9.3359E-07     6.7857E-10
     3.9300E-02     9.4830E-07     6.8926E-10
     3.9900E-02     9.5847E-07     6.9821E-10
     4.0500E-02     9.7014E-07     7.0778E-10
     4.1100E-02     9.7900E-07     7.1629E-10
     4.1700E-02     9.8763E-07     7.2466E-10
     4.2300E-02     9.9718E-07     7.3335E-10
     4.2900E-02     1.0024E-06     7.4063E-10
     4.3500E-02     1.0084E-06     7.4798E-10
     4.4100E-02     1.0142E-06     7.5525E-10
     4.4700E-02     1.0181E-06     7.6205E-10
     4.5300E-02     1.0209E-06     7.6806E-10
     4.5900E-02     1.0217E-06     7.7328E-10
     4.6500E-02     1.0244E-06     7.7956E-10
     4.7100E-02     1.0260E-06     7.8509E-10
     4.7700E-02     1.0267E-06     7.9038E-10
     4.8300E-02     1.0248E-06     7.9443E-10
     4.8900E-02     1.0262E-06     7.9982E-10
     4.9500E-02     1.0244E-06     8.0388E-10
     5.0100E-02     1.0215E-06     8.0791E-10
     5.0700E-02     1.0200E-06     8.1199E-10
     5.1300E-02     1.0171E-06     8.1596E-10
     5.1900E-02     1.0159E-06     8.2061E-10
     5.2500E-02     1.0126E-06     8.2462E-10
     5.3100E-02     1.0133E-06     8.3080E-10
     5.3700E-02     1.0165E-06     8.3799E-10
     5.4300E-02     1.0159E-06     8.4309E-10
     5.4900E-02     1.0191E-06     8.4986E-10
     5.5500E-02     1.0202E-06     8.5519E-10
     5.6100E-02     1.0253E-06     8.6187E-10
     5.6700E-02     1.0258E-06     8.6603E-10
     5.7300E-02     1.0335E-06     8.7264E-10
     5.7900E-02     2.4773E-06     1.3387E-09
     5.8500E-02     9.9641E-07     8.6282E-10
     5.9100E-02     3.6410E-06     1.6346E-09
     5.9700E-02     1.0011E-06     8.7123E-10
     6.0300E-02     9.2470E-07     8.4280E-10
     6.0900E-02     1.0447E-06     8.9835E-10
     6.1500E-02     9.0889E-07     8.4394E-10
     6.2100E-02     8.9913E-07     8.4361E-10
     6.2700E-02     8.9255E-07     8.4457E-10
     6.3300E-02     8.8394E-07     8.4452E-10
     6.3900E-02     8.7559E-07     8.4417E-10
     6.4500E-02     8.6714E-07     8.4383E-10
     6.5100E-02     8.6074E-07     8.4425E-10
     6.5700E-02     8.5250E-07     8.4357E-10
     6.6300E-02     8.4227E-07     8.4151E-10
     6.6900E-02     1.1930E-06     1.0005E-09
     6.7500E-02     1.5347E-06     1.1353E-09
     6.8100E-02     7.9271E-07     8.2622E-10
     6.8700E-02     7.9854E-07     8.3232E-10
     6.9300E-02     1.1133E-06     9.8234E-10
     6.9900E-02     6.6043E-07     7.6502E-10
     7.0500E-02     6.4676E-07     7.6040E-10
     7.1100E-02     6.4738E-07     7.6383E-10
     7.1700E-02     6.3221E-07     7.5774E-10
     7.2300E-02     6.1983E-07     7.5355E-10
     7.2900E-02     6.1896E-07     7.5973E-10
     7.3500E-02     6.0262E-07     7.4896E-10
     7.4100E-02     5.9477E-07     7.4704E-10
     7.4700E-02     6.0077E-07     7.6000E-10
     7.5300E-02     5.7598E-07     7.4071E-10
     7.5900E-02     5.6644E-07     7.3756E-10
     7.6500E-02     5.5706E-07     7.3392E-10
     7.7100E-02     5.4682E-07     7.2997E-10
     7.7700E-02     5.3874E-07     7.2723E-10
     7.8300E-02     5.2701E-07     7.2165E-10
     7.8900E-02     5.1718E-07     7.1772E-10
     7.9500E-02     5.0693E-07     7.1313E-10
     8.0100E-02     4.9615E-07     7.0813E-10
     8.0700E-02     4.8309E-07     7.0076E-10
     8.1300E-02     4.7347E-07     6.9624E-10
     8.1900E-02     4.6137E-07     6.8968E-10
     8.2500E-02     4.4897E-07     6.8246E-10
     8.3100E-02     4.3860E-07     6.7690E-10
     8.3700E-02     4.2688E-07     6.7002E-10
     8.4300E-02     4.1566E-07     6.6439E-10
     8.4900E-02     4.0610E-07     6.6028E-10
     8.5500E-02     3.8788E-07     6.4475E-10
     8.6100E-02     3.7392E-07     6.3488E-10
     8.6700E-02     3.6025E-07     6.2502E-10
     8.7300E-02     3.4996E-07     6.1918E-10
     8.7900E-02     3.2668E-07     5.9883E-10
     8.8500E-02     3.0480E-07     5.7946E-10
     8.9100E-02     2.8874E-07     5.6563E-10
     8.9700E-02     2.7466E-07     5.5325E-10
     9.0300E-02     2.6022E-07     5.4015E-10
     9.0900E-02     2.4510E-07     5.2593E-10
     9.1500E-02     2.2802E-07     5.0858E-10
     9.2100E-02     2.1392E-07     4.9403E-10
     9.2700E-02     1.9870E-07     4.7754E-10
     9.3300E-02     1.8174E-07     4.5801E-10
     9.3900E-02     1.6522E-07     4.3800E-10
     9.4500E-02     1.4992E-07     4.1838E-10
     9.5100E-02     1.3407E-07     3.9683E-10
     9.5700E-02     1.1683E-07     3.7148E-10
     9.6300E-02     1.0069E-07     3.4587E-10
     9.6900E-02     8.3736E-08     3.1640E-10
     9.7500E-02     6.7349E-08     2.8457E-10
     9.8100E-02     5.0527E-08     2.4713E-10
     9.8700E-02     3.4835E-08     2.0586E-10
     9.9300E-02     1.8301E-08     1.4961E-10
     9.9900E-02     3.3135E-09     6.3823E-11
     1.0050E-01     1.6537E-22     0.0000E+00
     1.0110E-01     1.6537E-22     0.0000E+00
     1.0170E-01     1.6537E-22     0.0000E+00
     1.0230E-01     1.6537E-22     0.0000E+00
     1.0290E-01     1.6537E-22     0.0000E+00
     1.0350E-01     1.6537E-22     0.0000E+00
     1.0410E-01     1.6537E-22     0.0000E+00
     1.0470E-01     1.6537E-22     0.0000E+00
     1.0530E-01     1.6537E-22     0.0000E+00
     1.0590E-01     1.6537E-22     0.0000E+00
     1.0650E-01     1.6537E-22     0.0000E+00
     1.0710E-01     1.6537E-22     0.0000E+00
     1.0770E-01     1.6537E-22     0.0000E+00
     1.0830E-01     1.6537E-22     0.0000E+00
     1.0890E-01     1.6537E-22     0.0000E+00
     1.0950E-01     1.6537E-22     0.0000E+00
     1.1010E-01     1.6537E-22     0.0000E+00
     1.1070E-01     1.6537E-22     0.0000E+00
     1.1130E-01     1.6537E-22     0.0000E+00
     1.1190E-01     1.6537E-22     0.0000E+00
     1.1250E-01     1.6537E-22     0.0000E+00
     1.1310E-01     1.6537E-22     0.0000E+00
     1.1370E-01     1.6537E-22     0.0000E+00
     1.1430E-01     1.6537E-22     0.0000E+00
     1.1490E-01     1.6537E-22     0.0000E+00
     1.1550E-01     1.6537E-22     0.0000E+00
     1.1610E-01     1.6537E-22     0.0000E+00
     1.1670E-01     1.6537E-22     0.0000E+00
     1.1730E-01     1.6537E-22     0.0000E+00
     1.1790E-01     1.6537E-22     0.0000E+00
     1.1850E-01     1.6537E-22     0.0000E+00
     1.1910E-01     1.6537E-22     0.0000E+00
     1.1970E-01     1.6537E-22     0.0000E+00
&
