@g0 type xy 
@    title "energy fluence vs position"
@    subtitle "/home/miia/EGSnrc/egs_home/TB/anodeXRayWPbPort_egs_chamber_r"
@    legend on
@    legend box linestyle 0
@    legend x1 0.6
@    legend y1 0.75
@    view xmin 0.250000
@    xaxis  label "X /cm"
@    timestamp on
@    yaxis  label "energy fluence/incident particle /MeV cm\\S-2\\N)"
@    s0 on
@    legend string  0 "IQ = 0 NO LATCH CHECK"
@TYPE xydy
@    s0 errorbar length 0.000000
@    s0 symbol color 1
    -4.9500E+00     0.0000E+00     0.0000E+00
    -4.8500E+00     0.0000E+00     0.0000E+00
    -4.7500E+00     0.0000E+00     0.0000E+00
    -4.6500E+00     0.0000E+00     0.0000E+00
    -4.5500E+00     0.0000E+00     0.0000E+00
    -4.4500E+00     0.0000E+00     0.0000E+00
    -4.3500E+00     0.0000E+00     0.0000E+00
    -4.2500E+00     0.0000E+00     0.0000E+00
    -4.1500E+00     0.0000E+00     0.0000E+00
    -4.0500E+00     0.0000E+00     0.0000E+00
    -3.9500E+00     0.0000E+00     0.0000E+00
    -3.8500E+00     0.0000E+00     0.0000E+00
    -3.7500E+00     0.0000E+00     0.0000E+00
    -3.6500E+00     0.0000E+00     0.0000E+00
    -3.5500E+00     0.0000E+00     0.0000E+00
    -3.4500E+00     2.6395E-09     1.3678E-11
    -3.3500E+00     2.1740E-09     1.2355E-11
    -3.2500E+00     1.5833E-09     1.0551E-11
    -3.1500E+00     1.1639E-09     9.0726E-12
    -3.0500E+00     9.2116E-10     8.0766E-12
    -2.9500E+00     7.7071E-10     7.3605E-12
    -2.8500E+00     9.5705E-10     8.2859E-12
    -2.7500E+00     2.0467E-09     1.1921E-11
    -2.6500E+00     2.8696E-09     1.3849E-11
    -2.5500E+00     3.6218E-09     1.5442E-11
    -2.4500E+00     4.3340E-09     1.6658E-11
    -2.3500E+00     5.1206E-09     1.7886E-11
    -2.2500E+00     5.9880E-09     1.9080E-11
    -2.1500E+00     6.8725E-09     2.0121E-11
    -2.0500E+00     7.8743E-09     2.1272E-11
    -1.9500E+00     9.0123E-09     2.2438E-11
    -1.8500E+00     1.0263E-08     2.3609E-11
    -1.7500E+00     2.5374E-08     3.5079E-11
    -1.6500E+00     1.2419E-07     7.3342E-11
    -1.5500E+00     1.4268E-07     7.8122E-11
    -1.4500E+00     1.4559E-07     7.8706E-11
    -1.3500E+00     1.4806E-07     7.9171E-11
    -1.2500E+00     1.5068E-07     7.9696E-11
    -1.1500E+00     1.5283E-07     8.0104E-11
    -1.0500E+00     1.5492E-07     8.0510E-11
    -9.5000E-01     1.5665E-07     8.0813E-11
    -8.5000E-01     1.5821E-07     8.1082E-11
    -7.5000E-01     1.5977E-07     8.1378E-11
    -6.5000E-01     1.6124E-07     8.1652E-11
    -5.5000E-01     1.6230E-07     8.1837E-11
    -4.5000E-01     1.6322E-07     8.2023E-11
    -3.5000E-01     1.6400E-07     8.2162E-11
    -2.5000E-01     1.6431E-07     8.2187E-11
    -1.5000E-01     1.6486E-07     8.2301E-11
    -5.0000E-02     1.6499E-07     8.2308E-11
     5.0000E-02     1.6515E-07     8.2366E-11
     1.5000E-01     1.6485E-07     8.2295E-11
     2.5000E-01     1.6451E-07     8.2228E-11
     3.5000E-01     1.6399E-07     8.2161E-11
     4.5000E-01     1.6322E-07     8.2009E-11
     5.5000E-01     1.6225E-07     8.1835E-11
     6.5000E-01     1.6105E-07     8.1603E-11
     7.5000E-01     1.5983E-07     8.1399E-11
     8.5000E-01     1.5842E-07     8.1139E-11
     9.5000E-01     1.5668E-07     8.0818E-11
     1.0500E+00     1.5483E-07     8.0483E-11
     1.1500E+00     1.5283E-07     8.0113E-11
     1.2500E+00     1.5064E-07     7.9699E-11
     1.3500E+00     1.4824E-07     7.9248E-11
     1.4500E+00     1.4574E-07     7.8744E-11
     1.5500E+00     1.4274E-07     7.8138E-11
     1.6500E+00     1.2419E-07     7.3344E-11
     1.7500E+00     2.5368E-08     3.5062E-11
     1.8500E+00     1.0272E-08     2.3626E-11
     1.9500E+00     9.0121E-09     2.2428E-11
     2.0500E+00     7.8567E-09     2.1244E-11
     2.1500E+00     6.8575E-09     2.0152E-11
     2.2500E+00     5.9471E-09     1.8993E-11
     2.3500E+00     5.1590E-09     1.7923E-11
     2.4500E+00     4.3725E-09     1.6707E-11
     2.5500E+00     3.6122E-09     1.5403E-11
     2.6500E+00     2.8500E-09     1.3837E-11
     2.7500E+00     2.0201E-09     1.1825E-11
     2.8500E+00     9.5295E-10     8.2312E-12
     2.9500E+00     7.7663E-10     7.3998E-12
     3.0500E+00     9.1337E-10     8.0273E-12
     3.1500E+00     1.1563E-09     9.0440E-12
     3.2500E+00     1.5652E-09     1.0482E-11
     3.3500E+00     2.2182E-09     1.2476E-11
     3.4500E+00     2.6675E-09     1.3740E-11
     3.5500E+00     0.0000E+00     0.0000E+00
     3.6500E+00     0.0000E+00     0.0000E+00
     3.7500E+00     0.0000E+00     0.0000E+00
     3.8500E+00     0.0000E+00     0.0000E+00
     3.9500E+00     0.0000E+00     0.0000E+00
     4.0500E+00     0.0000E+00     0.0000E+00
     4.1500E+00     0.0000E+00     0.0000E+00
     4.2500E+00     0.0000E+00     0.0000E+00
     4.3500E+00     0.0000E+00     0.0000E+00
     4.4500E+00     0.0000E+00     0.0000E+00
     4.5500E+00     0.0000E+00     0.0000E+00
     4.6500E+00     0.0000E+00     0.0000E+00
     4.7500E+00     0.0000E+00     0.0000E+00
     4.8500E+00     0.0000E+00     0.0000E+00
     4.9500E+00     0.0000E+00     0.0000E+00
&
