@g0 type xy 
@    title "fluence vs position"
@    subtitle "/home/miia/EGSnrc/egs_home/TB/anodeXRayWPbPort_egs_chamber_r"
@    legend on
@    legend box linestyle 0
@    legend x1 0.6
@    legend y1 0.75
@    view xmin 0.250000
@    xaxis  label "X /cm"
@    timestamp on
@    yaxis  label "fluence/incident particle /cm\\S-2\\N"
@    s0 on
@    legend string  0 "IQ = 0 NO LATCH CHECK"
@TYPE xydy
@    s0 errorbar length 0.000000
@    s0 symbol color 1
    -4.9500E+00     0.0000E+00     0.0000E+00
    -4.8500E+00     0.0000E+00     0.0000E+00
    -4.7500E+00     0.0000E+00     0.0000E+00
    -4.6500E+00     0.0000E+00     0.0000E+00
    -4.5500E+00     0.0000E+00     0.0000E+00
    -4.4500E+00     0.0000E+00     0.0000E+00
    -4.3500E+00     0.0000E+00     0.0000E+00
    -4.2500E+00     0.0000E+00     0.0000E+00
    -4.1500E+00     0.0000E+00     0.0000E+00
    -4.0500E+00     0.0000E+00     0.0000E+00
    -3.9500E+00     0.0000E+00     0.0000E+00
    -3.8500E+00     0.0000E+00     0.0000E+00
    -3.7500E+00     0.0000E+00     0.0000E+00
    -3.6500E+00     0.0000E+00     0.0000E+00
    -3.5500E+00     0.0000E+00     0.0000E+00
    -3.4500E+00     3.3863E-08     1.7412E-10
    -3.3500E+00     2.7881E-08     1.5717E-10
    -3.2500E+00     2.0331E-08     1.3433E-10
    -3.1500E+00     1.4974E-08     1.1574E-10
    -3.0500E+00     1.1877E-08     1.0337E-10
    -2.9500E+00     9.9046E-09     9.3734E-11
    -2.8500E+00     1.4234E-08     1.2325E-10
    -2.7500E+00     3.7780E-08     2.1539E-10
    -2.6500E+00     5.4879E-08     2.5793E-10
    -2.5500E+00     7.0339E-08     2.9090E-10
    -2.4500E+00     8.5595E-08     3.1756E-10
    -2.3500E+00     1.0192E-07     3.4290E-10
    -2.2500E+00     1.2059E-07     3.6938E-10
    -2.1500E+00     1.3981E-07     3.9291E-10
    -2.0500E+00     1.6143E-07     4.1707E-10
    -1.9500E+00     1.8571E-07     4.4180E-10
    -1.8500E+00     2.1269E-07     4.6679E-10
    -1.7500E+00     4.9842E-07     6.6018E-10
    -1.6500E+00     2.4626E-06     1.3831E-09
    -1.5500E+00     2.8455E-06     1.4805E-09
    -1.4500E+00     2.9079E-06     1.4938E-09
    -1.3500E+00     2.9618E-06     1.5045E-09
    -1.2500E+00     3.0169E-06     1.5155E-09
    -1.1500E+00     3.0626E-06     1.5244E-09
    -1.0500E+00     3.1076E-06     1.5334E-09
    -9.5000E-01     3.1448E-06     1.5404E-09
    -8.5000E-01     3.1787E-06     1.5467E-09
    -7.5000E-01     3.2115E-06     1.5531E-09
    -6.5000E-01     3.2421E-06     1.5587E-09
    -5.5000E-01     3.2647E-06     1.5627E-09
    -4.5000E-01     3.2826E-06     1.5660E-09
    -3.5000E-01     3.3002E-06     1.5692E-09
    -2.5000E-01     3.3076E-06     1.5705E-09
    -1.5000E-01     3.3187E-06     1.5727E-09
    -5.0000E-02     3.3224E-06     1.5734E-09
     5.0000E-02     3.3248E-06     1.5743E-09
     1.5000E-01     3.3182E-06     1.5724E-09
     2.5000E-01     3.3124E-06     1.5717E-09
     3.5000E-01     3.2998E-06     1.5693E-09
     4.5000E-01     3.2844E-06     1.5665E-09
     5.5000E-01     3.2630E-06     1.5624E-09
     6.5000E-01     3.2382E-06     1.5577E-09
     7.5000E-01     3.2116E-06     1.5531E-09
     8.5000E-01     3.1826E-06     1.5476E-09
     9.5000E-01     3.1446E-06     1.5403E-09
     1.0500E+00     3.1050E-06     1.5327E-09
     1.1500E+00     3.0624E-06     1.5247E-09
     1.2500E+00     3.0154E-06     1.5156E-09
     1.3500E+00     2.9635E-06     1.5051E-09
     1.4500E+00     2.9107E-06     1.4942E-09
     1.5500E+00     2.8466E-06     1.4808E-09
     1.6500E+00     2.4628E-06     1.3830E-09
     1.7500E+00     4.9862E-07     6.6070E-10
     1.8500E+00     2.1280E-07     4.6640E-10
     1.9500E+00     1.8582E-07     4.4194E-10
     2.0500E+00     1.6086E-07     4.1613E-10
     2.1500E+00     1.3935E-07     3.9260E-10
     2.2500E+00     1.1984E-07     3.6758E-10
     2.3500E+00     1.0297E-07     3.4495E-10
     2.4500E+00     8.6457E-08     3.1963E-10
     2.5500E+00     7.0345E-08     2.9080E-10
     2.6500E+00     5.4386E-08     2.5726E-10
     2.7500E+00     3.7231E-08     2.1352E-10
     2.8500E+00     1.4226E-08     1.2287E-10
     2.9500E+00     1.0036E-08     9.4750E-11
     3.0500E+00     1.1767E-08     1.0250E-10
     3.1500E+00     1.4886E-08     1.1556E-10
     3.2500E+00     2.0124E-08     1.3365E-10
     3.3500E+00     2.8467E-08     1.5882E-10
     3.4500E+00     3.4257E-08     1.7506E-10
     3.5500E+00     0.0000E+00     0.0000E+00
     3.6500E+00     0.0000E+00     0.0000E+00
     3.7500E+00     0.0000E+00     0.0000E+00
     3.8500E+00     0.0000E+00     0.0000E+00
     3.9500E+00     0.0000E+00     0.0000E+00
     4.0500E+00     0.0000E+00     0.0000E+00
     4.1500E+00     0.0000E+00     0.0000E+00
     4.2500E+00     0.0000E+00     0.0000E+00
     4.3500E+00     0.0000E+00     0.0000E+00
     4.4500E+00     0.0000E+00     0.0000E+00
     4.5500E+00     0.0000E+00     0.0000E+00
     4.6500E+00     0.0000E+00     0.0000E+00
     4.7500E+00     0.0000E+00     0.0000E+00
     4.8500E+00     0.0000E+00     0.0000E+00
     4.9500E+00     0.0000E+00     0.0000E+00
&
