@g0 type xy 
@    title "fluence vs position"
@    subtitle "/home/miia/EGSnrc/egs_home/TB/anodeXRayWPbPort_egs_chamber_r"
@    legend on
@    legend box linestyle 0
@    legend x1 0.6
@    legend y1 0.75
@    view xmin 0.250000
@    xaxis  label "Y /cm"
@    timestamp on
@    yaxis  label "fluence/incident particle /cm\\S-2\\N"
@    s0 on
@    legend string  0 "IQ = 0 NO LATCH CHECK"
@TYPE xydy
@    s0 errorbar length 0.000000
@    s0 symbol color 1
    -4.9500E+00     0.0000E+00     0.0000E+00
    -4.8500E+00     0.0000E+00     0.0000E+00
    -4.7500E+00     0.0000E+00     0.0000E+00
    -4.6500E+00     0.0000E+00     0.0000E+00
    -4.5500E+00     0.0000E+00     0.0000E+00
    -4.4500E+00     0.0000E+00     0.0000E+00
    -4.3500E+00     0.0000E+00     0.0000E+00
    -4.2500E+00     0.0000E+00     0.0000E+00
    -4.1500E+00     0.0000E+00     0.0000E+00
    -4.0500E+00     0.0000E+00     0.0000E+00
    -3.9500E+00     0.0000E+00     0.0000E+00
    -3.8500E+00     0.0000E+00     0.0000E+00
    -3.7500E+00     0.0000E+00     0.0000E+00
    -3.6500E+00     0.0000E+00     0.0000E+00
    -3.5500E+00     0.0000E+00     0.0000E+00
    -3.4500E+00     6.5583E-10     2.8114E-11
    -3.3500E+00     6.1458E-10     2.7042E-11
    -3.2500E+00     6.5907E-10     2.7921E-11
    -3.1500E+00     5.5777E-10     2.5443E-11
    -3.0500E+00     5.3242E-10     2.4606E-11
    -2.9500E+00     5.4457E-10     2.5055E-11
    -2.8500E+00     7.1679E-09     9.7963E-11
    -2.7500E+00     3.5110E-08     2.1647E-10
    -2.6500E+00     5.3973E-08     2.6552E-10
    -2.5500E+00     7.0200E-08     2.9893E-10
    -2.4500E+00     8.6600E-08     3.2894E-10
    -2.3500E+00     1.0331E-07     3.5593E-10
    -2.2500E+00     1.1931E-07     3.7754E-10
    -2.1500E+00     1.3559E-07     3.9745E-10
    -2.0500E+00     1.5228E-07     4.1718E-10
    -1.9500E+00     1.6980E-07     4.3651E-10
    -1.8500E+00     1.8668E-07     4.5326E-10
    -1.7500E+00     2.0314E-07     4.6842E-10
    -1.6500E+00     2.2212E-07     4.8536E-10
    -1.5500E+00     2.4170E-07     5.0125E-10
    -1.4500E+00     2.6292E-07     5.1778E-10
    -1.3500E+00     9.1846E-07     8.6937E-10
    -1.2500E+00     1.7801E-06     1.1802E-09
    -1.1500E+00     2.2708E-06     1.3239E-09
    -1.0500E+00     2.6028E-06     1.4112E-09
    -9.5000E-01     2.8556E-06     1.4740E-09
    -8.5000E-01     3.0505E-06     1.5197E-09
    -7.5000E-01     3.2093E-06     1.5560E-09
    -6.5000E-01     3.3442E-06     1.5854E-09
    -5.5000E-01     3.4543E-06     1.6090E-09
    -4.5000E-01     3.5536E-06     1.6299E-09
    -3.5000E-01     3.6289E-06     1.6455E-09
    -2.5000E-01     3.7003E-06     1.6605E-09
    -1.5000E-01     3.7503E-06     1.6703E-09
    -5.0000E-02     3.7998E-06     1.6808E-09
     5.0000E-02     3.8350E-06     1.6878E-09
     1.5000E-01     3.8625E-06     1.6939E-09
     2.5000E-01     3.8779E-06     1.6973E-09
     3.5000E-01     3.8890E-06     1.7000E-09
     4.5000E-01     3.8945E-06     1.7020E-09
     5.5000E-01     3.8900E-06     1.7018E-09
     6.5000E-01     3.8748E-06     1.6999E-09
     7.5000E-01     3.8612E-06     1.6985E-09
     8.5000E-01     3.8361E-06     1.6947E-09
     9.5000E-01     3.8033E-06     1.6894E-09
     1.0500E+00     3.7659E-06     1.6833E-09
     1.1500E+00     3.7211E-06     1.6759E-09
     1.2500E+00     3.6750E-06     1.6684E-09
     1.3500E+00     3.6144E-06     1.6576E-09
     1.4500E+00     3.5502E-06     1.6458E-09
     1.5500E+00     3.4834E-06     1.6336E-09
     1.6500E+00     3.2225E-06     1.5756E-09
     1.7500E+00     3.8262E-07     5.8599E-10
     1.8500E+00     2.3478E-07     4.7887E-10
     1.9500E+00     2.0164E-07     4.4904E-10
     2.0500E+00     1.7418E-07     4.2251E-10
     2.1500E+00     1.4933E-07     3.9544E-10
     2.2500E+00     1.2821E-07     3.7093E-10
     2.3500E+00     1.0875E-07     3.4529E-10
     2.4500E+00     9.1773E-08     3.2010E-10
     2.5500E+00     7.4764E-08     2.9032E-10
     2.6500E+00     5.9647E-08     2.5980E-10
     2.7500E+00     4.3243E-08     2.2117E-10
     2.8500E+00     2.1910E-08     1.4690E-10
     2.9500E+00     1.8888E-08     1.2942E-10
     3.0500E+00     2.1890E-08     1.3939E-10
     3.1500E+00     2.6173E-08     1.5267E-10
     3.2500E+00     3.2109E-08     1.6939E-10
     3.3500E+00     4.1186E-08     1.9259E-10
     3.4500E+00     4.8620E-08     2.1001E-10
     3.5500E+00     0.0000E+00     0.0000E+00
     3.6500E+00     0.0000E+00     0.0000E+00
     3.7500E+00     0.0000E+00     0.0000E+00
     3.8500E+00     0.0000E+00     0.0000E+00
     3.9500E+00     0.0000E+00     0.0000E+00
     4.0500E+00     0.0000E+00     0.0000E+00
     4.1500E+00     0.0000E+00     0.0000E+00
     4.2500E+00     0.0000E+00     0.0000E+00
     4.3500E+00     0.0000E+00     0.0000E+00
     4.4500E+00     0.0000E+00     0.0000E+00
     4.5500E+00     0.0000E+00     0.0000E+00
     4.6500E+00     0.0000E+00     0.0000E+00
     4.7500E+00     0.0000E+00     0.0000E+00
     4.8500E+00     0.0000E+00     0.0000E+00
     4.9500E+00     0.0000E+00     0.0000E+00
&
