@g0 type xy 
@    title "mean energy distribution"
@    subtitle "/home/miia/EGSnrc/egs_home/TB/anodeXRayWPbPort_egs_chamber_r"
@    legend on
@    legend box linestyle 0
@    legend x1 0.6
@    legend y1 0.75
@    view xmin 0.250000
@    xaxis  label "X /cm"
@    timestamp on
@    yaxis  label "mean energy /MeV"
@    s0 on
@    legend string  0 "IQ = 0 NO LATCH CHECK"
@TYPE xydy
@    s0 errorbar length 0.000000
@    s0 symbol color 1
    -4.9500E+00     0.0000E+00     0.0000E+00
    -4.8500E+00     0.0000E+00     0.0000E+00
    -4.7500E+00     0.0000E+00     0.0000E+00
    -4.6500E+00     0.0000E+00     0.0000E+00
    -4.5500E+00     0.0000E+00     0.0000E+00
    -4.4500E+00     0.0000E+00     0.0000E+00
    -4.3500E+00     0.0000E+00     0.0000E+00
    -4.2500E+00     0.0000E+00     0.0000E+00
    -4.1500E+00     0.0000E+00     0.0000E+00
    -4.0500E+00     0.0000E+00     0.0000E+00
    -3.9500E+00     0.0000E+00     0.0000E+00
    -3.8500E+00     0.0000E+00     0.0000E+00
    -3.7500E+00     0.0000E+00     0.0000E+00
    -3.6500E+00     0.0000E+00     0.0000E+00
    -3.5500E+00     0.0000E+00     0.0000E+00
    -3.4500E+00     7.7947E-02     6.0442E-05
    -3.3500E+00     7.7973E-02     6.5793E-05
    -3.2500E+00     7.7874E-02     7.7988E-05
    -3.1500E+00     7.7727E-02     9.2169E-05
    -3.0500E+00     7.7559E-02     1.0596E-04
    -2.9500E+00     7.7814E-02     1.1464E-04
    -2.8500E+00     6.7235E-02     1.6983E-04
    -2.7500E+00     5.4176E-02     1.0791E-04
    -2.6500E+00     5.2290E-02     8.5903E-05
    -2.5500E+00     5.1491E-02     7.4017E-05
    -2.4500E+00     5.0634E-02     6.4584E-05
    -2.3500E+00     5.0242E-02     5.8090E-05
    -2.2500E+00     4.9655E-02     5.2931E-05
    -2.1500E+00     4.9157E-02     4.7955E-05
    -2.0500E+00     4.8779E-02     4.3527E-05
    -1.9500E+00     4.8529E-02     3.9966E-05
    -1.8500E+00     4.8254E-02     3.6790E-05
    -1.7500E+00     5.0909E-02     2.2722E-05
    -1.6500E+00     5.0428E-02     9.4506E-06
    -1.5500E+00     5.0140E-02     8.7242E-06
    -1.4500E+00     5.0065E-02     8.6175E-06
    -1.3500E+00     4.9989E-02     8.5154E-06
    -1.2500E+00     4.9946E-02     8.4201E-06
    -1.1500E+00     4.9903E-02     8.3460E-06
    -1.0500E+00     4.9854E-02     8.2806E-06
    -9.5000E-01     4.9812E-02     8.2167E-06
    -8.5000E-01     4.9773E-02     8.1645E-06
    -7.5000E-01     4.9749E-02     8.1194E-06
    -6.5000E-01     4.9732E-02     8.0704E-06
    -5.5000E-01     4.9715E-02     8.0291E-06
    -4.5000E-01     4.9721E-02     8.0095E-06
    -3.5000E-01     4.9696E-02     7.9838E-06
    -2.5000E-01     4.9678E-02     7.9676E-06
    -1.5000E-01     4.9677E-02     7.9555E-06
    -5.0000E-02     4.9659E-02     7.9499E-06
     5.0000E-02     4.9671E-02     7.9505E-06
     1.5000E-01     4.9679E-02     7.9531E-06
     2.5000E-01     4.9665E-02     7.9654E-06
     3.5000E-01     4.9697E-02     7.9834E-06
     4.5000E-01     4.9696E-02     8.0044E-06
     5.5000E-01     4.9723E-02     8.0318E-06
     6.5000E-01     4.9734E-02     8.0720E-06
     7.5000E-01     4.9765E-02     8.1162E-06
     8.5000E-01     4.9777E-02     8.1575E-06
     9.5000E-01     4.9824E-02     8.2190E-06
     1.0500E+00     4.9866E-02     8.2825E-06
     1.1500E+00     4.9904E-02     8.3541E-06
     1.2500E+00     4.9956E-02     8.4274E-06
     1.3500E+00     5.0021E-02     8.5197E-06
     1.4500E+00     5.0070E-02     8.6084E-06
     1.5500E+00     5.0144E-02     8.7245E-06
     1.6500E+00     5.0425E-02     9.4440E-06
     1.7500E+00     5.0876E-02     2.2753E-05
     1.8500E+00     4.8272E-02     3.6507E-05
     1.9500E+00     4.8500E-02     4.0091E-05
     2.0500E+00     4.8842E-02     4.3627E-05
     2.1500E+00     4.9210E-02     4.8000E-05
     2.2500E+00     4.9627E-02     5.2633E-05
     2.3500E+00     5.0102E-02     5.8263E-05
     2.4500E+00     5.0574E-02     6.5437E-05
     2.5500E+00     5.1350E-02     7.3974E-05
     2.6500E+00     5.2403E-02     8.6050E-05
     2.7500E+00     5.4259E-02     1.0841E-04
     2.8500E+00     6.6987E-02     1.7247E-04
     2.9500E+00     7.7383E-02     1.1609E-04
     3.0500E+00     7.7622E-02     1.0568E-04
     3.1500E+00     7.7676E-02     9.3061E-05
     3.2500E+00     7.7776E-02     7.8988E-05
     3.3500E+00     7.7922E-02     6.5413E-05
     3.4500E+00     7.7867E-02     5.9746E-05
     3.5500E+00     0.0000E+00     0.0000E+00
     3.6500E+00     0.0000E+00     0.0000E+00
     3.7500E+00     0.0000E+00     0.0000E+00
     3.8500E+00     0.0000E+00     0.0000E+00
     3.9500E+00     0.0000E+00     0.0000E+00
     4.0500E+00     0.0000E+00     0.0000E+00
     4.1500E+00     0.0000E+00     0.0000E+00
     4.2500E+00     0.0000E+00     0.0000E+00
     4.3500E+00     0.0000E+00     0.0000E+00
     4.4500E+00     0.0000E+00     0.0000E+00
     4.5500E+00     0.0000E+00     0.0000E+00
     4.6500E+00     0.0000E+00     0.0000E+00
     4.7500E+00     0.0000E+00     0.0000E+00
     4.8500E+00     0.0000E+00     0.0000E+00
     4.9500E+00     0.0000E+00     0.0000E+00
&
