@g0 type xy 
@    title "mean energy distribution"
@    subtitle "/home/miia/EGSnrc/egs_home/TB/anodeXRayWPbPort_egs_chamber_r"
@    legend on
@    legend box linestyle 0
@    legend x1 0.6
@    legend y1 0.75
@    view xmin 0.250000
@    xaxis  label "Y /cm"
@    timestamp on
@    yaxis  label "mean energy /MeV"
@    s0 on
@    legend string  0 "IQ = 0 NO LATCH CHECK"
@TYPE xydy
@    s0 errorbar length 0.000000
@    s0 symbol color 1
    -4.9500E+00     0.0000E+00     0.0000E+00
    -4.8500E+00     0.0000E+00     0.0000E+00
    -4.7500E+00     0.0000E+00     0.0000E+00
    -4.6500E+00     0.0000E+00     0.0000E+00
    -4.5500E+00     0.0000E+00     0.0000E+00
    -4.4500E+00     0.0000E+00     0.0000E+00
    -4.3500E+00     0.0000E+00     0.0000E+00
    -4.2500E+00     0.0000E+00     0.0000E+00
    -4.1500E+00     0.0000E+00     0.0000E+00
    -4.0500E+00     0.0000E+00     0.0000E+00
    -3.9500E+00     0.0000E+00     0.0000E+00
    -3.8500E+00     0.0000E+00     0.0000E+00
    -3.7500E+00     0.0000E+00     0.0000E+00
    -3.6500E+00     0.0000E+00     0.0000E+00
    -3.5500E+00     0.0000E+00     0.0000E+00
    -3.4500E+00     6.2840E-02     6.2171E-04
    -3.3500E+00     6.4037E-02     6.3425E-04
    -3.2500E+00     6.3187E-02     6.3703E-04
    -3.1500E+00     6.4137E-02     6.7359E-04
    -3.0500E+00     6.4333E-02     7.2041E-04
    -2.9500E+00     6.6144E-02     6.7729E-04
    -2.8500E+00     5.1661E-02     2.2260E-04
    -2.7500E+00     4.8537E-02     9.7805E-05
    -2.6500E+00     4.8178E-02     7.7378E-05
    -2.5500E+00     4.8170E-02     6.6695E-05
    -2.4500E+00     4.8161E-02     6.0047E-05
    -2.3500E+00     4.8056E-02     5.4252E-05
    -2.2500E+00     4.8072E-02     4.9727E-05
    -2.1500E+00     4.8131E-02     4.5747E-05
    -2.0500E+00     4.8073E-02     4.2999E-05
    -1.9500E+00     4.8013E-02     4.0503E-05
    -1.8500E+00     4.7964E-02     3.8300E-05
    -1.7500E+00     4.7875E-02     3.6478E-05
    -1.6500E+00     4.7866E-02     3.4616E-05
    -1.5500E+00     4.7794E-02     3.2670E-05
    -1.4500E+00     4.7755E-02     3.1255E-05
    -1.3500E+00     5.4842E-02     1.5630E-05
    -1.2500E+00     5.4446E-02     1.0826E-05
    -1.1500E+00     5.3400E-02     9.5748E-06
    -1.0500E+00     5.2604E-02     8.9447E-06
    -9.5000E-01     5.2008E-02     8.5517E-06
    -8.5000E-01     5.1531E-02     8.2752E-06
    -7.5000E-01     5.1139E-02     8.0768E-06
    -6.5000E-01     5.0818E-02     7.9194E-06
    -5.5000E-01     5.0547E-02     7.7923E-06
    -4.5000E-01     5.0330E-02     7.6820E-06
    -3.5000E-01     5.0123E-02     7.6045E-06
    -2.5000E-01     4.9956E-02     7.5331E-06
    -1.5000E-01     4.9774E-02     7.4757E-06
    -5.0000E-02     4.9645E-02     7.4329E-06
     5.0000E-02     4.9527E-02     7.3989E-06
     1.5000E-01     4.9416E-02     7.3738E-06
     2.5000E-01     4.9320E-02     7.3616E-06
     3.5000E-01     4.9253E-02     7.3564E-06
     4.5000E-01     4.9174E-02     7.3548E-06
     5.5000E-01     4.9110E-02     7.3655E-06
     6.5000E-01     4.9052E-02     7.3841E-06
     7.5000E-01     4.9016E-02     7.4062E-06
     8.5000E-01     4.8985E-02     7.4370E-06
     9.5000E-01     4.8963E-02     7.4781E-06
     1.0500E+00     4.8943E-02     7.5253E-06
     1.1500E+00     4.8928E-02     7.5776E-06
     1.2500E+00     4.8940E-02     7.6390E-06
     1.3500E+00     4.8942E-02     7.7156E-06
     1.4500E+00     4.8958E-02     7.7968E-06
     1.5500E+00     4.9003E-02     7.8903E-06
     1.6500E+00     4.9249E-02     8.2419E-06
     1.7500E+00     5.1019E-02     2.7146E-05
     1.8500E+00     4.8315E-02     3.5182E-05
     1.9500E+00     4.8712E-02     3.8585E-05
     2.0500E+00     4.9216E-02     4.2530E-05
     2.1500E+00     4.9807E-02     4.7001E-05
     2.2500E+00     5.0487E-02     5.2143E-05
     2.3500E+00     5.1237E-02     5.8004E-05
     2.4500E+00     5.2124E-02     6.5223E-05
     2.5500E+00     5.3501E-02     7.3741E-05
     2.6500E+00     5.5218E-02     8.5150E-05
     2.7500E+00     5.8328E-02     1.0580E-04
     2.8500E+00     7.1162E-02     1.2855E-04
     2.9500E+00     7.7927E-02     8.0931E-05
     3.0500E+00     7.7692E-02     7.5497E-05
     3.1500E+00     7.7500E-02     6.8664E-05
     3.2500E+00     7.7392E-02     6.2635E-05
     3.3500E+00     7.7217E-02     5.4816E-05
     3.4500E+00     7.6972E-02     5.0921E-05
     3.5500E+00     0.0000E+00     0.0000E+00
     3.6500E+00     0.0000E+00     0.0000E+00
     3.7500E+00     0.0000E+00     0.0000E+00
     3.8500E+00     0.0000E+00     0.0000E+00
     3.9500E+00     0.0000E+00     0.0000E+00
     4.0500E+00     0.0000E+00     0.0000E+00
     4.1500E+00     0.0000E+00     0.0000E+00
     4.2500E+00     0.0000E+00     0.0000E+00
     4.3500E+00     0.0000E+00     0.0000E+00
     4.4500E+00     0.0000E+00     0.0000E+00
     4.5500E+00     0.0000E+00     0.0000E+00
     4.6500E+00     0.0000E+00     0.0000E+00
     4.7500E+00     0.0000E+00     0.0000E+00
     4.8500E+00     0.0000E+00     0.0000E+00
     4.9500E+00     0.0000E+00     0.0000E+00
&
