@g0 type xy 
@    title "spectral distribution"
@    subtitle "/home/miia/EGSnrc/egs_home/TB/anodeXRayWPbPort_egs_chamber_r"
@    legend on
@    legend box linestyle 0
@    legend x1 0.6
@    legend y1 0.75
@    view xmin 0.250000
@    xaxis  label "energy /MeV"
@    timestamp on
@    yaxis  label "fluence/MeV/incident particle /cm\\S-2\\N MeV\\S-1\\N"
@    s0 on
@    legend string  0 "IQ = 0 NO LATCH CHECK"
@TYPE xydy
@    s0 errorbar length 0.000000
@    s0 symbol color 1
     3.0000E-04     4.2885E-20     0.0000E+00
     9.0000E-04     4.2885E-20     0.0000E+00
     1.5000E-03     1.7390E-09     1.6419E-10
     2.1000E-03     1.0961E-08     6.1512E-10
     2.7000E-03     1.0941E-08     5.5002E-10
     3.3000E-03     9.4727E-10     1.7790E-10
     3.9000E-03     4.2885E-10     1.0543E-10
     4.5000E-03     5.7354E-10     1.1146E-10
     5.1000E-03     7.9144E-10     1.2728E-10
     5.7000E-03     9.4554E-10     1.3268E-10
     6.3000E-03     2.5659E-08     6.7005E-10
     6.9000E-03     5.0063E-09     3.0692E-10
     7.5000E-03     1.4536E-09     1.8488E-10
     8.1000E-03     1.7721E-08     5.6958E-10
     8.7000E-03     4.6800E-09     2.8908E-10
     9.3000E-03     3.5266E-08     1.0233E-09
     9.9000E-03     2.5907E-09     2.9028E-10
     1.0500E-02     8.0168E-07     5.0296E-09
     1.1100E-02     1.5731E-08     6.8380E-10
     1.1700E-02     2.4633E-09     2.2065E-10
     1.2300E-02     8.5499E-08     1.6704E-09
     1.2900E-02     9.6674E-07     5.5599E-09
     1.3500E-02     1.0361E-08     4.4649E-10
     1.4100E-02     2.0788E-08     5.6783E-10
     1.4700E-02     1.3675E-07     1.8910E-09
     1.5300E-02     1.3621E-07     1.5608E-09
     1.5900E-02     2.0233E-07     1.6344E-09
     1.6500E-02     3.5345E-07     2.1115E-09
     1.7100E-02     6.0114E-07     2.7541E-09
     1.7700E-02     9.3679E-07     3.4388E-09
     1.8300E-02     1.3730E-06     4.1673E-09
     1.8900E-02     1.9448E-06     4.9579E-09
     1.9500E-02     2.6302E-06     5.7681E-09
     2.0100E-02     3.4043E-06     6.5627E-09
     2.0700E-02     4.2890E-06     7.3684E-09
     2.1300E-02     5.3040E-06     8.1977E-09
     2.1900E-02     6.3485E-06     8.9702E-09
     2.2500E-02     7.4564E-06     9.7242E-09
     2.3100E-02     8.5805E-06     1.0433E-08
     2.3700E-02     9.7674E-06     1.1136E-08
     2.4300E-02     1.0920E-05     1.1775E-08
     2.4900E-02     1.2100E-05     1.2399E-08
     2.5500E-02     1.3213E-05     1.2957E-08
     2.6100E-02     1.4315E-05     1.3486E-08
     2.6700E-02     1.5381E-05     1.3983E-08
     2.7300E-02     1.6340E-05     1.4415E-08
     2.7900E-02     1.7335E-05     1.4849E-08
     2.8500E-02     1.8194E-05     1.5215E-08
     2.9100E-02     1.9002E-05     1.5550E-08
     2.9700E-02     1.9756E-05     1.5855E-08
     3.0300E-02     2.0387E-05     1.6108E-08
     3.0900E-02     2.1017E-05     1.6356E-08
     3.1500E-02     2.1626E-05     1.6592E-08
     3.2100E-02     2.2112E-05     1.6782E-08
     3.2700E-02     2.2478E-05     1.6921E-08
     3.3300E-02     2.2890E-05     1.7075E-08
     3.3900E-02     2.3217E-05     1.7197E-08
     3.4500E-02     2.3444E-05     1.7284E-08
     3.5100E-02     2.3700E-05     1.7377E-08
     3.5700E-02     2.3862E-05     1.7438E-08
     3.6300E-02     2.3984E-05     1.7483E-08
     3.6900E-02     2.4074E-05     1.7514E-08
     3.7500E-02     2.4148E-05     1.7539E-08
     3.8100E-02     2.4182E-05     1.7552E-08
     3.8700E-02     2.4124E-05     1.7534E-08
     3.9300E-02     2.4130E-05     1.7538E-08
     3.9900E-02     2.4022E-05     1.7499E-08
     4.0500E-02     2.3954E-05     1.7476E-08
     4.1100E-02     2.3820E-05     1.7428E-08
     4.1700E-02     2.3684E-05     1.7378E-08
     4.2300E-02     2.3574E-05     1.7337E-08
     4.2900E-02     2.3367E-05     1.7264E-08
     4.3500E-02     2.3181E-05     1.7195E-08
     4.4100E-02     2.2999E-05     1.7126E-08
     4.4700E-02     2.2777E-05     1.7048E-08
     4.5300E-02     2.2536E-05     1.6955E-08
     4.5900E-02     2.2260E-05     1.6847E-08
     4.6500E-02     2.2029E-05     1.6765E-08
     4.7100E-02     2.1784E-05     1.6669E-08
     4.7700E-02     2.1524E-05     1.6570E-08
     4.8300E-02     2.1218E-05     1.6448E-08
     4.8900E-02     2.0987E-05     1.6356E-08
     4.9500E-02     2.0696E-05     1.6240E-08
     5.0100E-02     2.0390E-05     1.6126E-08
     5.0700E-02     2.0118E-05     1.6016E-08
     5.1300E-02     1.9827E-05     1.5906E-08
     5.1900E-02     1.9574E-05     1.5811E-08
     5.2500E-02     1.9288E-05     1.5707E-08
     5.3100E-02     1.9083E-05     1.5646E-08
     5.3700E-02     1.8929E-05     1.5605E-08
     5.4300E-02     1.8709E-05     1.5527E-08
     5.4900E-02     1.8562E-05     1.5480E-08
     5.5500E-02     1.8382E-05     1.5409E-08
     5.6100E-02     1.8276E-05     1.5363E-08
     5.6700E-02     1.8093E-05     1.5274E-08
     5.7300E-02     1.8037E-05     1.5229E-08
     5.7900E-02     4.2752E-05     2.3103E-08
     5.8500E-02     1.7033E-05     1.4749E-08
     5.9100E-02     6.1443E-05     2.7585E-08
     5.9700E-02     1.6768E-05     1.4593E-08
     6.0300E-02     1.5335E-05     1.3977E-08
     6.0900E-02     1.7146E-05     1.4744E-08
     6.1500E-02     1.4779E-05     1.3723E-08
     6.2100E-02     1.4479E-05     1.3585E-08
     6.2700E-02     1.4235E-05     1.3470E-08
     6.3300E-02     1.3964E-05     1.3342E-08
     6.3900E-02     1.3703E-05     1.3211E-08
     6.4500E-02     1.3444E-05     1.3083E-08
     6.5100E-02     1.3222E-05     1.2969E-08
     6.5700E-02     1.2976E-05     1.2840E-08
     6.6300E-02     1.2704E-05     1.2693E-08
     6.6900E-02     1.7828E-05     1.4952E-08
     6.7500E-02     2.2776E-05     1.6849E-08
     6.8100E-02     1.1641E-05     1.2133E-08
     6.8700E-02     1.1623E-05     1.2114E-08
     6.9300E-02     1.6075E-05     1.4184E-08
     6.9900E-02     9.4485E-06     1.0945E-08
     7.0500E-02     9.1740E-06     1.0786E-08
     7.1100E-02     9.1052E-06     1.0743E-08
     7.1700E-02     8.8176E-06     1.0568E-08
     7.2300E-02     8.5732E-06     1.0423E-08
     7.2900E-02     8.4908E-06     1.0422E-08
     7.3500E-02     8.1990E-06     1.0190E-08
     7.4100E-02     8.0267E-06     1.0082E-08
     7.4700E-02     8.0418E-06     1.0173E-08
     7.5300E-02     7.6492E-06     9.8369E-09
     7.5900E-02     7.4630E-06     9.7176E-09
     7.6500E-02     7.2820E-06     9.5939E-09
     7.7100E-02     7.0925E-06     9.4680E-09
     7.7700E-02     6.9337E-06     9.3595E-09
     7.8300E-02     6.7308E-06     9.2167E-09
     7.8900E-02     6.5549E-06     9.0968E-09
     7.9500E-02     6.3765E-06     8.9702E-09
     8.0100E-02     6.1942E-06     8.8407E-09
     8.0700E-02     5.9864E-06     8.6837E-09
     8.1300E-02     5.8239E-06     8.5640E-09
     8.1900E-02     5.6335E-06     8.4211E-09
     8.2500E-02     5.4422E-06     8.2724E-09
     8.3100E-02     5.2781E-06     8.1457E-09
     8.3700E-02     5.1002E-06     8.0052E-09
     8.4300E-02     4.9308E-06     7.8813E-09
     8.4900E-02     4.7834E-06     7.7773E-09
     8.5500E-02     4.5367E-06     7.5410E-09
     8.6100E-02     4.3429E-06     7.3739E-09
     8.6700E-02     4.1552E-06     7.2092E-09
     8.7300E-02     4.0088E-06     7.0927E-09
     8.7900E-02     3.7168E-06     6.8131E-09
     8.8500E-02     3.4442E-06     6.5477E-09
     8.9100E-02     3.2407E-06     6.3484E-09
     8.9700E-02     3.0621E-06     6.1680E-09
     9.0300E-02     2.8818E-06     5.9819E-09
     9.0900E-02     2.6965E-06     5.7860E-09
     9.1500E-02     2.4922E-06     5.5585E-09
     9.2100E-02     2.3227E-06     5.3643E-09
     9.2700E-02     2.1435E-06     5.1517E-09
     9.3300E-02     1.9480E-06     4.9092E-09
     9.3900E-02     1.7597E-06     4.6648E-09
     9.4500E-02     1.5866E-06     4.4275E-09
     9.5100E-02     1.4099E-06     4.1731E-09
     9.5700E-02     1.2208E-06     3.8820E-09
     9.6300E-02     1.0457E-06     3.5919E-09
     9.6900E-02     8.6423E-07     3.2656E-09
     9.7500E-02     6.9084E-07     2.9190E-09
     9.8100E-02     5.1514E-07     2.5196E-09
     9.8700E-02     3.5302E-07     2.0862E-09
     9.9300E-02     1.8438E-07     1.5074E-09
     9.9900E-02     3.3223E-08     6.3992E-10
     1.0050E-01     4.2885E-20     0.0000E+00
     1.0110E-01     4.2885E-20     0.0000E+00
     1.0170E-01     4.2885E-20     0.0000E+00
     1.0230E-01     4.2885E-20     0.0000E+00
     1.0290E-01     4.2885E-20     0.0000E+00
     1.0350E-01     4.2885E-20     0.0000E+00
     1.0410E-01     4.2885E-20     0.0000E+00
     1.0470E-01     4.2885E-20     0.0000E+00
     1.0530E-01     4.2885E-20     0.0000E+00
     1.0590E-01     4.2885E-20     0.0000E+00
     1.0650E-01     4.2885E-20     0.0000E+00
     1.0710E-01     4.2885E-20     0.0000E+00
     1.0770E-01     4.2885E-20     0.0000E+00
     1.0830E-01     4.2885E-20     0.0000E+00
     1.0890E-01     4.2885E-20     0.0000E+00
     1.0950E-01     4.2885E-20     0.0000E+00
     1.1010E-01     4.2885E-20     0.0000E+00
     1.1070E-01     4.2885E-20     0.0000E+00
     1.1130E-01     4.2885E-20     0.0000E+00
     1.1190E-01     4.2885E-20     0.0000E+00
     1.1250E-01     4.2885E-20     0.0000E+00
     1.1310E-01     4.2885E-20     0.0000E+00
     1.1370E-01     4.2885E-20     0.0000E+00
     1.1430E-01     4.2885E-20     0.0000E+00
     1.1490E-01     4.2885E-20     0.0000E+00
     1.1550E-01     4.2885E-20     0.0000E+00
     1.1610E-01     4.2885E-20     0.0000E+00
     1.1670E-01     4.2885E-20     0.0000E+00
     1.1730E-01     4.2885E-20     0.0000E+00
     1.1790E-01     4.2885E-20     0.0000E+00
     1.1850E-01     4.2885E-20     0.0000E+00
     1.1910E-01     4.2885E-20     0.0000E+00
     1.1970E-01     4.2885E-20     0.0000E+00
&
