@g0 type xy 
@    title "angular distribution"
@    subtitle "/home/miia/EGSnrc/egs_home/egs_chamber/anodeXRayWPbPort_egs_"
@    legend on
@    legend box linestyle 0
@    legend x1 0.6
@    legend y1 0.75
@    view xmin 0.250000
@    xaxis  label "angle /degree"
@    timestamp on
@    yaxis  label "particles/unit solid angle/incident particle"
@    s0 on
@    legend string  0 "IQ =2  NO LATCH CHECK"
@TYPE xydy
@    s0 errorbar length 0.000000
@    s0 symbol color 1
     2.2500E-01     3.3801E-04     1.1161E-06
     6.7500E-01     3.3711E-04     6.4355E-07
     1.1250E+00     3.3662E-04     4.9814E-07
     1.5750E+00     3.3757E-04     4.2161E-07
     2.0250E+00     3.3694E-04     3.7149E-07
     2.4750E+00     3.3641E-04     3.3578E-07
     2.9250E+00     3.3577E-04     3.0860E-07
     3.3750E+00     3.3529E-04     2.8711E-07
     3.8250E+00     3.3507E-04     2.6962E-07
     4.2750E+00     3.3441E-04     2.5481E-07
     4.7250E+00     3.3338E-04     2.4202E-07
     5.1750E+00     3.3359E-04     2.3136E-07
     5.6250E+00     3.3201E-04     2.2141E-07
     6.0750E+00     3.3120E-04     2.1283E-07
     6.5250E+00     3.3056E-04     2.0519E-07
     6.9750E+00     3.2904E-04     1.9803E-07
     7.4250E+00     3.2772E-04     1.9158E-07
     7.8750E+00     3.2600E-04     1.8557E-07
     8.3250E+00     3.2489E-04     1.8021E-07
     8.7750E+00     3.2318E-04     1.7510E-07
     9.2250E+00     3.2159E-04     1.7039E-07
     9.6750E+00     3.1939E-04     1.6585E-07
     1.0125E+01     3.1698E-04     1.6155E-07
     1.0575E+01     3.1477E-04     1.5755E-07
     1.1025E+01     3.1163E-04     1.5357E-07
     1.1475E+01     3.0851E-04     1.4981E-07
     1.1925E+01     3.0468E-04     1.4608E-07
     1.2375E+01     3.0051E-04     1.4246E-07
     1.2825E+01     2.9544E-04     1.3879E-07
     1.3275E+01     2.8840E-04     1.3482E-07
     1.3725E+01     2.7982E-04     1.3065E-07
     1.4175E+01     2.7137E-04     1.2664E-07
     1.4625E+01     2.6546E-04     1.2335E-07
     1.5075E+01     2.5925E-04     1.2011E-07
     1.5525E+01     2.5024E-04     1.1632E-07
     1.5975E+01     2.3841E-04     1.1197E-07
     1.6425E+01     2.1984E-04     1.0608E-07
     1.6875E+01     1.9336E-04     9.8187E-08
     1.7325E+01     1.6388E-04     8.9246E-08
     1.7775E+01     1.3729E-04     8.0676E-08
     1.8225E+01     1.1380E-04     7.2570E-08
     1.8675E+01     9.3585E-05     6.5039E-08
     1.9125E+01     7.7369E-05     5.8462E-08
     1.9575E+01     6.3814E-05     5.2504E-08
     2.0025E+01     5.2093E-05     4.6923E-08
     2.0475E+01     4.2193E-05     4.1782E-08
     2.0925E+01     3.3796E-05     3.7008E-08
     2.1375E+01     2.6632E-05     3.2520E-08
     2.1825E+01     2.0617E-05     2.8331E-08
     2.2275E+01     1.5773E-05     2.4540E-08
     2.2725E+01     1.2141E-05     2.1327E-08
     2.3175E+01     9.6201E-06     1.8809E-08
     2.3625E+01     8.1460E-06     1.7152E-08
     2.4075E+01     7.4581E-06     1.6267E-08
     2.4525E+01     7.2262E-06     1.5873E-08
     2.4975E+01     7.0554E-06     1.5551E-08
     2.5425E+01     6.8954E-06     1.5246E-08
     2.5875E+01     6.7328E-06     1.4943E-08
     2.6325E+01     6.5840E-06     1.4659E-08
     2.6775E+01     6.4480E-06     1.4393E-08
     2.7225E+01     6.3142E-06     1.4134E-08
     2.7675E+01     6.2143E-06     1.3916E-08
     2.8125E+01     6.1012E-06     1.3687E-08
     2.8575E+01     6.0183E-06     1.3495E-08
     2.9025E+01     5.9298E-06     1.3300E-08
     2.9475E+01     5.8724E-06     1.3143E-08
     2.9925E+01     5.9445E-06     1.3132E-08
     3.0375E+01     6.1477E-06     1.3265E-08
     3.0825E+01     6.3993E-06     1.3444E-08
     3.1275E+01     6.5169E-06     1.3479E-08
     3.1725E+01     6.4966E-06     1.3372E-08
     3.2175E+01     6.2482E-06     1.3032E-08
     3.2625E+01     5.8493E-06     1.2531E-08
     3.3075E+01     5.5366E-06     1.2117E-08
     3.3525E+01     5.3228E-06     1.1810E-08
     3.3975E+01     5.1578E-06     1.1558E-08
     3.4425E+01     5.0067E-06     1.1322E-08
     3.4875E+01     4.9231E-06     1.1163E-08
     3.5325E+01     4.8428E-06     1.1010E-08
     3.5775E+01     4.7482E-06     1.0842E-08
     3.6225E+01     4.6762E-06     1.0702E-08
     3.6675E+01     4.6242E-06     1.0586E-08
     3.7125E+01     4.5452E-06     1.0440E-08
     3.7575E+01     4.4985E-06     1.0333E-08
     3.8025E+01     4.4479E-06     1.0223E-08
     3.8475E+01     4.4021E-06     1.0119E-08
     3.8925E+01     4.3389E-06     9.9974E-09
     3.9375E+01     4.3004E-06     9.9051E-09
     3.9825E+01     4.2104E-06     9.7544E-09
     4.0275E+01     4.1131E-06     9.5961E-09
     4.0725E+01     3.9617E-06     9.3747E-09
     4.1175E+01     3.8305E-06     9.1764E-09
     4.1625E+01     3.7414E-06     9.0288E-09
     4.2075E+01     3.6746E-06     8.9087E-09
     4.2525E+01     3.6008E-06     8.7809E-09
     4.2975E+01     3.5264E-06     8.6528E-09
     4.3425E+01     3.4576E-06     8.5322E-09
     4.3875E+01     3.3933E-06     8.4178E-09
     4.4325E+01     3.3246E-06     8.2984E-09
     4.4775E+01     3.2553E-06     8.1788E-09
     4.5225E+01     3.1906E-06     8.0654E-09
     4.5675E+01     3.1047E-06     7.9254E-09
     4.6125E+01     3.0288E-06     7.7982E-09
     4.6575E+01     2.9635E-06     7.6848E-09
     4.7025E+01     2.8884E-06     7.5588E-09
     4.7475E+01     2.7986E-06     7.4135E-09
     4.7925E+01     2.7279E-06     7.2931E-09
     4.8375E+01     2.6606E-06     7.1773E-09
     4.8825E+01     2.5638E-06     7.0214E-09
     4.9275E+01     2.4730E-06     6.8723E-09
     4.9725E+01     2.3835E-06     6.7242E-09
     5.0175E+01     2.3084E-06     6.5956E-09
     5.0625E+01     2.2209E-06     6.4484E-09
     5.1075E+01     2.1293E-06     6.2939E-09
     5.1525E+01     2.0438E-06     6.1468E-09
     5.1975E+01     1.9650E-06     6.0086E-09
     5.2425E+01     1.8935E-06     5.8803E-09
     5.2875E+01     1.8004E-06     5.7167E-09
     5.3325E+01     1.7226E-06     5.5753E-09
     5.3775E+01     1.6331E-06     5.4129E-09
     5.4225E+01     1.5610E-06     5.2771E-09
     5.4675E+01     1.4867E-06     5.1354E-09
     5.5125E+01     1.4212E-06     5.0073E-09
     5.5575E+01     1.3285E-06     4.8280E-09
     5.6025E+01     1.2556E-06     4.6812E-09
     5.6475E+01     1.1797E-06     4.5257E-09
     5.6925E+01     1.1062E-06     4.3710E-09
     5.7375E+01     1.0411E-06     4.2298E-09
     5.7825E+01     9.6745E-07     4.0672E-09
     5.8275E+01     9.0567E-07     3.9256E-09
     5.8725E+01     8.4471E-07     3.7821E-09
     5.9175E+01     7.7328E-07     3.6102E-09
     5.9625E+01     7.1794E-07     3.4705E-09
     6.0075E+01     6.5414E-07     3.3051E-09
     6.0525E+01     5.9321E-07     3.1404E-09
     6.0975E+01     5.4100E-07     2.9924E-09
     6.1425E+01     4.9125E-07     2.8454E-09
     6.1875E+01     4.4784E-07     2.7110E-09
     6.2325E+01     3.9956E-07     2.5554E-09
     6.2775E+01     3.5817E-07     2.4145E-09
     6.3225E+01     3.2090E-07     2.2808E-09
     6.3675E+01     2.8628E-07     2.1501E-09
     6.4125E+01     2.4872E-07     2.0002E-09
     6.4575E+01     2.1479E-07     1.8553E-09
     6.5025E+01     1.8573E-07     1.7220E-09
     6.5475E+01     1.6010E-07     1.5959E-09
     6.5925E+01     1.3422E-07     1.4586E-09
     6.6375E+01     1.1341E-07     1.3385E-09
     6.6825E+01     9.1517E-08     1.2003E-09
     6.7275E+01     7.0046E-08     1.0484E-09
     6.7725E+01     5.6274E-08     9.3815E-10
     6.8175E+01     4.1112E-08     8.0060E-10
     6.8625E+01     2.9235E-08     6.7407E-10
     6.9075E+01     2.3738E-08     6.0649E-10
     6.9525E+01     1.7535E-08     5.2093E-10
     6.9975E+01     1.4372E-08     4.7103E-10
     7.0425E+01     1.1674E-08     4.2403E-10
     7.0875E+01     9.2831E-09     3.7710E-10
     7.1325E+01     9.1512E-09     3.7391E-10
     7.1775E+01     9.3863E-09     3.7818E-10
     7.2225E+01     8.1465E-09     3.5187E-10
     7.2675E+01     8.5508E-09     3.6005E-10
     7.3125E+01     8.2579E-09     3.5341E-10
     7.3575E+01     8.0575E-09     3.4868E-10
     7.4025E+01     8.0843E-09     3.4886E-10
     7.4475E+01     6.8797E-09     3.2147E-10
     7.4925E+01     7.3895E-09     3.3281E-10
     7.5375E+01     7.8528E-09     3.4273E-10
     7.5825E+01     6.5084E-09     3.1170E-10
     7.6275E+01     6.8235E-09     3.1884E-10
     7.6725E+01     6.1861E-09     3.0330E-10
     7.7175E+01     6.5014E-09     3.1065E-10
     7.7625E+01     6.2085E-09     3.0403E-10
     7.8075E+01     6.5974E-09     3.1240E-10
     7.8525E+01     6.0255E-09     2.9830E-10
     7.8975E+01     5.5147E-09     2.8516E-10
     7.9425E+01     5.2856E-09     2.7896E-10
     7.9875E+01     4.5135E-09     2.5760E-10
     8.0325E+01     4.3605E-09     2.5302E-10
     8.0775E+01     4.3988E-09     2.5397E-10
     8.1225E+01     4.3348E-09     2.5195E-10
     8.1675E+01     3.9201E-09     2.3946E-10
     8.2125E+01     3.3313E-09     2.2062E-10
     8.2575E+01     3.8240E-09     2.3625E-10
     8.3025E+01     2.9016E-09     2.0569E-10
     8.3475E+01     3.0446E-09     2.1060E-10
     8.3925E+01     2.6781E-09     1.9743E-10
     8.4375E+01     2.6614E-09     1.9674E-10
     8.4825E+01     2.0345E-09     1.7195E-10
     8.5275E+01     2.0041E-09     1.7060E-10
     8.5725E+01     2.0609E-09     1.7295E-10
     8.6175E+01     1.8712E-09     1.6475E-10
     8.6625E+01     1.7398E-09     1.5882E-10
     8.7075E+01     1.3043E-09     1.3748E-10
     8.7525E+01     9.2714E-10     1.1589E-10
     8.7975E+01     1.0427E-09     1.2289E-10
     8.8425E+01     7.5289E-10     1.0441E-10
     8.8875E+01     4.1980E-10     7.7955E-11
     8.9325E+01     2.1711E-10     5.6058E-11
     8.9775E+01     7.2366E-11     3.2363E-11
&
