@g0 type xy 
@    title "angular distribution"
@    subtitle "/home/miia/EGSnrc/egs_home/egs_chamber/anodeXRayWPbPort_egs_"
@    legend on
@    legend box linestyle 0
@    legend x1 0.6
@    legend y1 0.75
@    view xmin 0.250000
@    xaxis  label "angle /degree"
@    timestamp on
@    yaxis  label "particles/angular bin/incident particle"
@    s0 on
@    legend string  0 "IQ =2  NO LATCH CHECK"
@TYPE xydy
@    s0 errorbar length 0.000000
@    s0 symbol color 1
     2.2500E-01     6.5502E-08     2.1629E-10
     6.7500E-01     1.9598E-07     3.7413E-10
     1.1250E+00     3.2614E-07     4.8264E-10
     1.5750E+00     4.5786E-07     5.7185E-10
     2.0250E+00     5.8754E-07     6.4779E-10
     2.4750E+00     7.1689E-07     7.1555E-10
     2.9250E+00     8.4554E-07     7.7711E-10
     3.3750E+00     9.7407E-07     8.3409E-10
     3.8250E+00     1.1030E-06     8.8758E-10
     4.2750E+00     1.2301E-06     9.3733E-10
     4.7250E+00     1.3552E-06     9.8382E-10
     5.1750E+00     1.4849E-06     1.0298E-09
     5.6250E+00     1.6059E-06     1.0710E-09
     6.0750E+00     1.7297E-06     1.1115E-09
     6.5250E+00     1.8537E-06     1.1506E-09
     6.9750E+00     1.9718E-06     1.1867E-09
     7.4250E+00     2.0899E-06     1.2217E-09
     7.8750E+00     2.2042E-06     1.2547E-09
     8.3250E+00     2.3214E-06     1.2876E-09
     8.7750E+00     2.4330E-06     1.3182E-09
     9.2250E+00     2.5441E-06     1.3480E-09
     9.6750E+00     2.6489E-06     1.3755E-09
     1.0125E+01     2.7499E-06     1.4014E-09
     1.0575E+01     2.8507E-06     1.4269E-09
     1.1025E+01     2.9409E-06     1.4493E-09
     1.1475E+01     3.0287E-06     1.4708E-09
     1.1925E+01     3.1068E-06     1.4896E-09
     1.2375E+01     3.1781E-06     1.5066E-09
     1.2825E+01     3.2362E-06     1.5203E-09
     1.3275E+01     3.2680E-06     1.5278E-09
     1.3725E+01     3.2763E-06     1.5297E-09
     1.4175E+01     3.2793E-06     1.5304E-09
     1.4625E+01     3.3076E-06     1.5370E-09
     1.5075E+01     3.3274E-06     1.5416E-09
     1.5525E+01     3.3053E-06     1.5365E-09
     1.5975E+01     3.2380E-06     1.5207E-09
     1.6425E+01     3.0676E-06     1.4802E-09
     1.6875E+01     2.7699E-06     1.4065E-09
     1.7325E+01     2.4083E-06     1.3115E-09
     1.7775E+01     2.0682E-06     1.2154E-09
     1.8225E+01     1.7564E-06     1.1200E-09
     1.8675E+01     1.4788E-06     1.0277E-09
     1.9125E+01     1.2509E-06     9.4521E-10
     1.9575E+01     1.0551E-06     8.6808E-10
     2.0025E+01     8.8029E-07     7.9292E-10
     2.0475E+01     7.2832E-07     7.2124E-10
     2.0925E+01     5.9564E-07     6.5224E-10
     2.1375E+01     4.7900E-07     5.8490E-10
     2.1825E+01     3.7825E-07     5.1976E-10
     2.2275E+01     2.9503E-07     4.5904E-10
     2.2725E+01     2.3145E-07     4.0658E-10
     2.3175E+01     1.8683E-07     3.6529E-10
     2.3625E+01     1.6110E-07     3.3920E-10
     2.4075E+01     1.5014E-07     3.2746E-10
     2.4525E+01     1.4802E-07     3.2514E-10
     2.4975E+01     1.4701E-07     3.2403E-10
     2.5425E+01     1.4609E-07     3.2302E-10
     2.5875E+01     1.4500E-07     3.2181E-10
     2.6325E+01     1.4408E-07     3.2079E-10
     2.6775E+01     1.4334E-07     3.1997E-10
     2.7225E+01     1.4255E-07     3.1908E-10
     2.7675E+01     1.4243E-07     3.1895E-10
     2.8125E+01     1.4193E-07     3.1838E-10
     2.8575E+01     1.4205E-07     3.1852E-10
     2.9025E+01     1.4198E-07     3.1844E-10
     2.9475E+01     1.4259E-07     3.1912E-10
     2.9925E+01     1.4634E-07     3.2330E-10
     3.0375E+01     1.5340E-07     3.3101E-10
     3.0825E+01     1.6182E-07     3.3996E-10
     3.1275E+01     1.6696E-07     3.4532E-10
     3.1725E+01     1.6858E-07     3.4699E-10
     3.2175E+01     1.6419E-07     3.4244E-10
     3.2625E+01     1.5562E-07     3.3339E-10
     3.3075E+01     1.4911E-07     3.2633E-10
     3.3525E+01     1.4507E-07     3.2189E-10
     3.3975E+01     1.4224E-07     3.1873E-10
     3.4425E+01     1.3968E-07     3.1585E-10
     3.4875E+01     1.3891E-07     3.1498E-10
     3.5325E+01     1.3818E-07     3.1415E-10
     3.5775E+01     1.3698E-07     3.1278E-10
     3.6225E+01     1.3637E-07     3.1209E-10
     3.6675E+01     1.3630E-07     3.1200E-10
     3.7125E+01     1.3538E-07     3.1095E-10
     3.7575E+01     1.3537E-07     3.1094E-10
     3.8025E+01     1.3521E-07     3.1076E-10
     3.8475E+01     1.3516E-07     3.1070E-10
     3.8925E+01     1.3453E-07     3.0997E-10
     3.9375E+01     1.3463E-07     3.1009E-10
     3.9825E+01     1.3307E-07     3.0829E-10
     4.0275E+01     1.3121E-07     3.0613E-10
     4.0725E+01     1.2755E-07     3.0183E-10
     4.1175E+01     1.2445E-07     2.9813E-10
     4.1625E+01     1.2264E-07     2.9596E-10
     4.2075E+01     1.2151E-07     2.9459E-10
     4.2525E+01     1.2011E-07     2.9289E-10
     4.2975E+01     1.1863E-07     2.9108E-10
     4.3425E+01     1.1729E-07     2.8943E-10
     4.3875E+01     1.1606E-07     2.8791E-10
     4.4325E+01     1.1463E-07     2.8614E-10
     4.4775E+01     1.1314E-07     2.8427E-10
     4.5225E+01     1.1177E-07     2.8254E-10
     4.5675E+01     1.0961E-07     2.7979E-10
     4.6125E+01     1.0774E-07     2.7740E-10
     4.6575E+01     1.0621E-07     2.7542E-10
     4.7025E+01     1.0429E-07     2.7292E-10
     4.7475E+01     1.0178E-07     2.6962E-10
     4.7925E+01     9.9920E-08     2.6714E-10
     4.8375E+01     9.8144E-08     2.6476E-10
     4.8825E+01     9.5233E-08     2.6080E-10
     4.9275E+01     9.2486E-08     2.5701E-10
     4.9725E+01     8.9739E-08     2.5317E-10
     5.0175E+01     8.7486E-08     2.4997E-10
     5.0625E+01     8.4721E-08     2.4599E-10
     5.1075E+01     8.1748E-08     2.4163E-10
     5.1525E+01     7.8959E-08     2.3747E-10
     5.1975E+01     7.6387E-08     2.3357E-10
     5.2425E+01     7.4057E-08     2.2998E-10
     5.2875E+01     7.0837E-08     2.2493E-10
     5.3325E+01     6.8177E-08     2.2067E-10
     5.3775E+01     6.5013E-08     2.1548E-10
     5.4225E+01     6.2498E-08     2.1128E-10
     5.4675E+01     5.9857E-08     2.0676E-10
     5.5125E+01     5.7539E-08     2.0272E-10
     5.5575E+01     5.4076E-08     1.9652E-10
     5.6025E+01     5.1383E-08     1.9157E-10
     5.6475E+01     4.8533E-08     1.8618E-10
     5.6925E+01     4.5742E-08     1.8075E-10
     5.7375E+01     4.3271E-08     1.7580E-10
     5.7825E+01     4.0410E-08     1.6989E-10
     5.8275E+01     3.8015E-08     1.6478E-10
     5.8725E+01     3.5627E-08     1.5952E-10
     5.9175E+01     3.2769E-08     1.5299E-10
     5.9625E+01     3.0566E-08     1.4775E-10
     6.0075E+01     2.7977E-08     1.4136E-10
     6.0525E+01     2.5485E-08     1.3491E-10
     6.0975E+01     2.3344E-08     1.2912E-10
     6.1425E+01     2.1289E-08     1.2331E-10
     6.1875E+01     1.9490E-08     1.1798E-10
     6.2325E+01     1.7462E-08     1.1168E-10
     6.2775E+01     1.5717E-08     1.0595E-10
     6.3225E+01     1.4138E-08     1.0049E-10
     6.3675E+01     1.2662E-08     9.5098E-11
     6.4125E+01     1.1043E-08     8.8810E-11
     6.4575E+01     9.5727E-09     8.2686E-11
     6.5025E+01     8.3085E-09     7.7033E-11
     6.5475E+01     7.1879E-09     7.1650E-11
     6.5925E+01     6.0473E-09     6.5720E-11
     6.6375E+01     5.1274E-09     6.0515E-11
     6.6825E+01     4.1518E-09     5.4454E-11
     6.7275E+01     3.1883E-09     4.7719E-11
     6.7725E+01     2.5698E-09     4.2841E-11
     6.8175E+01     1.8834E-09     3.6676E-11
     6.8625E+01     1.3434E-09     3.0976E-11
     6.9075E+01     1.0942E-09     2.7955E-11
     6.9525E+01     8.1064E-10     2.4083E-11
     6.9975E+01     6.6637E-10     2.1839E-11
     7.0425E+01     5.4281E-10     1.9716E-11
     7.0875E+01     4.3282E-10     1.7582E-11
     7.1325E+01     4.2782E-10     1.7480E-11
     7.1775E+01     4.3996E-10     1.7726E-11
     7.2225E+01     3.8282E-10     1.6535E-11
     7.2675E+01     4.0282E-10     1.6962E-11
     7.3125E+01     3.8996E-10     1.6689E-11
     7.3575E+01     3.8139E-10     1.6504E-11
     7.4025E+01     3.8354E-10     1.6551E-11
     7.4475E+01     3.2711E-10     1.5285E-11
     7.4925E+01     3.5211E-10     1.5858E-11
     7.5375E+01     3.7496E-10     1.6365E-11
     7.5825E+01     3.1140E-10     1.4913E-11
     7.6275E+01     3.2711E-10     1.5285E-11
     7.6725E+01     2.9712E-10     1.4567E-11
     7.7175E+01     3.1283E-10     1.4947E-11
     7.7625E+01     2.9926E-10     1.4655E-11
     7.8075E+01     3.1854E-10     1.5083E-11
     7.8525E+01     2.9140E-10     1.4427E-11
     7.8975E+01     2.6712E-10     1.3812E-11
     7.9425E+01     2.5640E-10     1.3533E-11
     7.9875E+01     2.1927E-10     1.2514E-11
     8.0325E+01     2.1212E-10     1.2309E-11
     8.0775E+01     2.1427E-10     1.2371E-11
     8.1225E+01     2.1141E-10     1.2288E-11
     8.1675E+01     1.9141E-10     1.1692E-11
     8.2125E+01     1.6284E-10     1.0784E-11
     8.2575E+01     1.8713E-10     1.1561E-11
     8.3025E+01     1.4213E-10     1.0075E-11
     8.3475E+01     1.4927E-10     1.0325E-11
     8.3925E+01     1.3142E-10     9.6881E-12
     8.4375E+01     1.3070E-10     9.6618E-12
     8.4825E+01     9.9991E-11     8.4508E-12
     8.5275E+01     9.8562E-11     8.3902E-12
     8.5725E+01     1.0142E-10     8.5109E-12
     8.6175E+01     9.2134E-11     8.1120E-12
     8.6625E+01     8.5706E-11     7.8239E-12
     8.7075E+01     6.4280E-11     6.7757E-12
     8.7525E+01     4.5710E-11     5.7138E-12
     8.7975E+01     5.1424E-11     6.0603E-12
     8.8425E+01     3.7139E-11     5.1503E-12
     8.8875E+01     2.0712E-11     3.8462E-12
     8.9325E+01     1.0713E-11     2.7662E-12
     8.9775E+01     3.5711E-12     1.5970E-12
&
