@g0 type xy 
@    title "energy fluence vs position"
@    subtitle "/home/miia/EGSnrc/egs_home/egs_chamber/anodeXRayWPbPort_egs_"
@    legend on
@    legend box linestyle 0
@    legend x1 0.6
@    legend y1 0.75
@    view xmin 0.250000
@    xaxis  label "Y /cm"
@    timestamp on
@    yaxis  label "planar energy fluence/incident particle /MeV cm\\S-2\\N)"
@    s0 on
@    legend string  0 "IQ =2  NO LATCH CHECK"
@TYPE xydy
@    s0 errorbar length 0.000000
@    s0 symbol color 1
    -4.9500E+00     0.0000E+00     0.0000E+00
    -4.8500E+00     0.0000E+00     0.0000E+00
    -4.7500E+00     0.0000E+00     0.0000E+00
    -4.6500E+00     0.0000E+00     0.0000E+00
    -4.5500E+00     0.0000E+00     0.0000E+00
    -4.4500E+00     0.0000E+00     0.0000E+00
    -4.3500E+00     0.0000E+00     0.0000E+00
    -4.2500E+00     0.0000E+00     0.0000E+00
    -4.1500E+00     0.0000E+00     0.0000E+00
    -4.0500E+00     0.0000E+00     0.0000E+00
    -3.9500E+00     0.0000E+00     0.0000E+00
    -3.8500E+00     0.0000E+00     0.0000E+00
    -3.7500E+00     0.0000E+00     0.0000E+00
    -3.6500E+00     0.0000E+00     0.0000E+00
    -3.5500E+00     0.0000E+00     0.0000E+00
    -3.4500E+00     2.5262E-11     1.0890E-12
    -3.3500E+00     2.4934E-11     1.2058E-12
    -3.2500E+00     2.6105E-11     1.1138E-12
    -3.1500E+00     2.2947E-11     1.1887E-12
    -3.0500E+00     2.2281E-11     1.1065E-12
    -2.9500E+00     2.4040E-11     1.2083E-12
    -2.8500E+00     2.2451E-10     4.0972E-12
    -2.7500E+00     1.0294E-09     8.2011E-12
    -2.6500E+00     1.5871E-09     9.8804E-12
    -2.5500E+00     2.0950E-09     1.0936E-11
    -2.4500E+00     2.6319E-09     1.2209E-11
    -2.3500E+00     3.1660E-09     1.2858E-11
    -2.2500E+00     3.7190E-09     1.3632E-11
    -2.1500E+00     4.3350E-09     1.4736E-11
    -2.0500E+00     4.9359E-09     1.5396E-11
    -1.9500E+00     5.5893E-09     1.6123E-11
    -1.8500E+00     6.2392E-09     1.6954E-11
    -1.7500E+00     6.9052E-09     1.7754E-11
    -1.6500E+00     7.6657E-09     1.8559E-11
    -1.5500E+00     8.4945E-09     1.9419E-11
    -1.4500E+00     9.4127E-09     2.0391E-11
    -1.3500E+00     4.5706E-08     4.5024E-11
    -1.2500E+00     9.0627E-08     6.2597E-11
    -1.1500E+00     1.1444E-07     6.9743E-11
    -1.0500E+00     1.3001E-07     7.3845E-11
    -9.5000E-01     1.4160E-07     7.6728E-11
    -8.5000E-01     1.5040E-07     7.8777E-11
    -7.5000E-01     1.5756E-07     8.0405E-11
    -6.5000E-01     1.6355E-07     8.1705E-11
    -5.5000E-01     1.6842E-07     8.2838E-11
    -4.5000E-01     1.7282E-07     8.3726E-11
    -3.5000E-01     1.7611E-07     8.4476E-11
    -2.5000E-01     1.7917E-07     8.5065E-11
    -1.5000E-01     1.8114E-07     8.5490E-11
    -5.0000E-02     1.8309E-07     8.5854E-11
     5.0000E-02     1.8447E-07     8.6107E-11
     1.5000E-01     1.8540E-07     8.6242E-11
     2.5000E-01     1.8565E-07     8.6200E-11
     3.5000E-01     1.8593E-07     8.6225E-11
     4.5000E-01     1.8563E-07     8.6115E-11
     5.5000E-01     1.8496E-07     8.5946E-11
     6.5000E-01     1.8370E-07     8.5597E-11
     7.5000E-01     1.8261E-07     8.5333E-11
     8.5000E-01     1.8094E-07     8.4886E-11
     9.5000E-01     1.7880E-07     8.4386E-11
     1.0500E+00     1.7651E-07     8.3799E-11
     1.1500E+00     1.7377E-07     8.3084E-11
     1.2500E+00     1.7109E-07     8.2480E-11
     1.3500E+00     1.6769E-07     8.1660E-11
     1.4500E+00     1.6402E-07     8.0696E-11
     1.5500E+00     1.6048E-07     7.9808E-11
     1.6500E+00     1.4843E-07     7.6914E-11
     1.7500E+00     1.6485E-08     2.7417E-11
     1.8500E+00     8.8318E-09     2.0288E-11
     1.9500E+00     7.4965E-09     1.8890E-11
     2.0500E+00     6.4162E-09     1.7768E-11
     2.1500E+00     5.4702E-09     1.6527E-11
     2.2500E+00     4.7018E-09     1.5760E-11
     2.3500E+00     3.9887E-09     1.4656E-11
     2.4500E+00     3.3833E-09     1.3555E-11
     2.5500E+00     2.8468E-09     1.2963E-11
     2.6500E+00     2.3420E-09     1.1779E-11
     2.7500E+00     1.8278E-09     1.0545E-11
     2.8500E+00     1.2287E-09     8.5282E-12
     2.9500E+00     1.2091E-09     8.4252E-12
     3.0500E+00     1.3889E-09     8.9474E-12
     3.1500E+00     1.6514E-09     9.7497E-12
     3.2500E+00     2.0195E-09     1.0812E-11
     3.3500E+00     2.5693E-09     1.2161E-11
     3.4500E+00     2.9933E-09     1.3091E-11
     3.5500E+00     3.6683E-13     3.6680E-13
     3.6500E+00     0.0000E+00     0.0000E+00
     3.7500E+00     0.0000E+00     0.0000E+00
     3.8500E+00     0.0000E+00     0.0000E+00
     3.9500E+00     0.0000E+00     0.0000E+00
     4.0500E+00     0.0000E+00     0.0000E+00
     4.1500E+00     0.0000E+00     0.0000E+00
     4.2500E+00     0.0000E+00     0.0000E+00
     4.3500E+00     0.0000E+00     0.0000E+00
     4.4500E+00     0.0000E+00     0.0000E+00
     4.5500E+00     0.0000E+00     0.0000E+00
     4.6500E+00     0.0000E+00     0.0000E+00
     4.7500E+00     0.0000E+00     0.0000E+00
     4.8500E+00     0.0000E+00     0.0000E+00
     4.9500E+00     0.0000E+00     0.0000E+00
&
