@g0 type xy 
@    title "energy fluence distribution"
@    subtitle "/home/miia/EGSnrc/egs_home/egs_chamber/anodeXRayWPbPort_egs_"
@    legend on
@    legend box linestyle 0
@    legend x1 0.6
@    legend y1 0.75
@    view xmin 0.250000
@    xaxis  label "energy /MeV"
@    timestamp on
@    yaxis  label "energy fluence/MeV/incident particle  /cm\\S-2\\N"
@    s0 on
@    legend string  0 "IQ =2  NO LATCH CHECK"
@TYPE xydy
@    s0 errorbar length 0.000000
@    s0 symbol color 1
     3.0000E-04     1.8415E-23     0.0000E+00
     9.0000E-04     1.8415E-23     0.0000E+00
     1.5000E-03     2.8739E-13     2.6955E-14
     2.1000E-03     2.8898E-12     1.6160E-13
     2.7000E-03     3.2022E-12     1.6640E-13
     3.3000E-03     3.3475E-13     6.3792E-14
     3.9000E-03     1.8415E-13     4.5450E-14
     4.5000E-03     2.8018E-13     5.5570E-14
     5.1000E-03     4.6887E-13     7.3640E-14
     5.7000E-03     6.1891E-13     8.6512E-14
     6.3000E-03     1.8001E-11     4.7277E-13
     6.9000E-03     3.8526E-12     2.3634E-13
     7.5000E-03     1.1721E-12     1.5274E-13
     8.1000E-03     1.6100E-11     5.1283E-13
     8.7000E-03     4.7011E-12     2.8721E-13
     9.3000E-03     3.5992E-11     1.0546E-12
     9.9000E-03     2.8404E-12     3.2172E-13
     1.0500E-02     9.3949E-10     5.8906E-12
     1.1100E-02     2.0143E-11     8.6584E-13
     1.1700E-02     3.3527E-12     2.9582E-13
     1.2300E-02     1.1668E-10     2.2821E-12
     1.2900E-02     1.3611E-09     7.8255E-12
     1.3500E-02     1.5535E-11     6.6464E-13
     1.4100E-02     3.2745E-11     8.9907E-13
     1.4700E-02     2.2332E-10     3.0849E-12
     1.5300E-02     2.3116E-10     2.6637E-12
     1.5900E-02     3.5733E-10     2.8982E-12
     1.6500E-02     6.4856E-10     3.8778E-12
     1.7100E-02     1.1448E-09     5.2450E-12
     1.7700E-02     1.8460E-09     6.7753E-12
     1.8300E-02     2.7935E-09     8.4757E-12
     1.8900E-02     4.0929E-09     1.0431E-11
     1.9500E-02     5.6982E-09     1.2506E-11
     2.0100E-02     7.6045E-09     1.4667E-11
     2.0700E-02     9.8707E-09     1.6964E-11
     2.1300E-02     1.2553E-08     1.9412E-11
     2.1900E-02     1.5464E-08     2.1849E-11
     2.2500E-02     1.8656E-08     2.4330E-11
     2.3100E-02     2.2039E-08     2.6801E-11
     2.3700E-02     2.5740E-08     2.9347E-11
     2.4300E-02     2.9520E-08     3.1825E-11
     2.4900E-02     3.3479E-08     3.4321E-11
     2.5500E-02     3.7433E-08     3.6720E-11
     2.6100E-02     4.1518E-08     3.9124E-11
     2.6700E-02     4.5637E-08     4.1500E-11
     2.7300E-02     4.9588E-08     4.3748E-11
     2.7900E-02     5.3735E-08     4.6044E-11
     2.8500E-02     5.7605E-08     4.8191E-11
     2.9100E-02     6.1456E-08     5.0299E-11
     2.9700E-02     6.5202E-08     5.2343E-11
     3.0300E-02     6.8677E-08     5.4261E-11
     3.0900E-02     7.2178E-08     5.6178E-11
     3.1500E-02     7.5716E-08     5.8102E-11
     3.2100E-02     7.8870E-08     5.9878E-11
     3.2700E-02     8.1648E-08     6.1487E-11
     3.3300E-02     8.4723E-08     6.3207E-11
     3.3900E-02     8.7410E-08     6.4776E-11
     3.4500E-02     8.9853E-08     6.6268E-11
     3.5100E-02     9.2474E-08     6.7802E-11
     3.5700E-02     9.4629E-08     6.9180E-11
     3.6300E-02     9.6772E-08     7.0550E-11
     3.6900E-02     9.8715E-08     7.1829E-11
     3.7500E-02     1.0063E-07     7.3100E-11
     3.8100E-02     1.0234E-07     7.4315E-11
     3.8700E-02     1.0374E-07     7.5420E-11
     3.9300E-02     1.0536E-07     7.6607E-11
     3.9900E-02     1.0648E-07     7.7586E-11
     4.0500E-02     1.0781E-07     7.8666E-11
     4.1100E-02     1.0876E-07     7.9598E-11
     4.1700E-02     1.0970E-07     8.0522E-11
     4.2300E-02     1.1078E-07     8.1498E-11
     4.2900E-02     1.1135E-07     8.2297E-11
     4.3500E-02     1.1202E-07     8.3117E-11
     4.4100E-02     1.1274E-07     8.3957E-11
     4.4700E-02     1.1316E-07     8.4701E-11
     4.5300E-02     1.1343E-07     8.5355E-11
     4.5900E-02     1.1356E-07     8.5952E-11
     4.6500E-02     1.1384E-07     8.6650E-11
     4.7100E-02     1.1402E-07     8.7260E-11
     4.7700E-02     1.1400E-07     8.7806E-11
     4.8300E-02     1.1393E-07     8.8312E-11
     4.8900E-02     1.1401E-07     8.8887E-11
     4.9500E-02     1.1387E-07     8.9364E-11
     5.0100E-02     1.1355E-07     8.9811E-11
     5.0700E-02     1.1331E-07     9.0241E-11
     5.1300E-02     1.1305E-07     9.0700E-11
     5.1900E-02     1.1290E-07     9.1208E-11
     5.2500E-02     1.1254E-07     9.1659E-11
     5.3100E-02     1.1255E-07     9.2318E-11
     5.3700E-02     1.1300E-07     9.3154E-11
     5.4300E-02     1.1288E-07     9.3703E-11
     5.4900E-02     1.1325E-07     9.4467E-11
     5.5500E-02     1.1338E-07     9.5060E-11
     5.6100E-02     1.1390E-07     9.5775E-11
     5.6700E-02     1.1404E-07     9.6272E-11
     5.7300E-02     1.1483E-07     9.6980E-11
     5.7900E-02     2.7527E-07     1.4878E-10
     5.8500E-02     1.1076E-07     9.5921E-11
     5.9100E-02     4.0459E-07     1.8167E-10
     5.9700E-02     1.1125E-07     9.6838E-11
     6.0300E-02     1.0277E-07     9.3686E-11
     6.0900E-02     1.1601E-07     9.9810E-11
     6.1500E-02     1.0100E-07     9.3804E-11
     6.2100E-02     9.9922E-08     9.3766E-11
     6.2700E-02     9.9165E-08     9.3852E-11
     6.3300E-02     9.8235E-08     9.3873E-11
     6.3900E-02     9.7260E-08     9.3811E-11
     6.4500E-02     9.6339E-08     9.3778E-11
     6.5100E-02     9.5629E-08     9.3832E-11
     6.5700E-02     9.4737E-08     9.3757E-11
     6.6300E-02     9.3627E-08     9.3545E-11
     6.6900E-02     1.3255E-07     1.1118E-10
     6.7500E-02     1.7059E-07     1.2620E-10
     6.8100E-02     8.8059E-08     9.1810E-11
     6.8700E-02     8.8737E-08     9.2512E-11
     6.9300E-02     1.2371E-07     1.0919E-10
     6.9900E-02     7.3380E-08     8.5023E-11
     7.0500E-02     7.1877E-08     8.4519E-11
     7.1100E-02     7.1870E-08     8.4858E-11
     7.1700E-02     7.0233E-08     8.4209E-11
     7.2300E-02     6.8916E-08     8.3764E-11
     7.2900E-02     6.8740E-08     8.4413E-11
     7.3500E-02     6.6923E-08     8.3216E-11
     7.4100E-02     6.6107E-08     8.3040E-11
     7.4700E-02     6.6765E-08     8.4454E-11
     7.5300E-02     6.4030E-08     8.2349E-11
     7.5900E-02     6.2930E-08     8.1960E-11
     7.6500E-02     6.1849E-08     8.1535E-11
     7.7100E-02     6.0749E-08     8.1121E-11
     7.7700E-02     5.9850E-08     8.0816E-11
     7.8300E-02     5.8588E-08     8.0225E-11
     7.8900E-02     5.7419E-08     7.9734E-11
     7.9500E-02     5.6304E-08     7.9237E-11
     8.0100E-02     5.5111E-08     7.8693E-11
     8.0700E-02     5.3692E-08     7.7896E-11
     8.1300E-02     5.2560E-08     7.7342E-11
     8.1900E-02     5.1281E-08     7.6665E-11
     8.2500E-02     4.9902E-08     7.5863E-11
     8.3100E-02     4.8749E-08     7.5247E-11
     8.3700E-02     4.7433E-08     7.4464E-11
     8.4300E-02     4.6111E-08     7.3783E-11
     8.4900E-02     4.5127E-08     7.3385E-11
     8.5500E-02     4.3087E-08     7.1648E-11
     8.6100E-02     4.1552E-08     7.0560E-11
     8.6700E-02     4.0033E-08     6.9467E-11
     8.7300E-02     3.8882E-08     6.8817E-11
     8.7900E-02     3.6312E-08     6.6566E-11
     8.8500E-02     3.3866E-08     6.4402E-11
     8.9100E-02     3.2115E-08     6.2899E-11
     8.9700E-02     3.0519E-08     6.1490E-11
     9.0300E-02     2.8930E-08     6.0046E-11
     9.0900E-02     2.7227E-08     5.8444E-11
     9.1500E-02     2.5358E-08     5.6550E-11
     9.2100E-02     2.3750E-08     5.4884E-11
     9.2700E-02     2.2063E-08     5.3054E-11
     9.3300E-02     2.0144E-08     5.0840E-11
     9.3900E-02     1.8363E-08     4.8683E-11
     9.4500E-02     1.6612E-08     4.6435E-11
     9.5100E-02     1.4911E-08     4.4124E-11
     9.5700E-02     1.2984E-08     4.1292E-11
     9.6300E-02     1.1177E-08     3.8421E-11
     9.6900E-02     9.2950E-09     3.5146E-11
     9.7500E-02     7.5061E-09     3.1674E-11
     9.8100E-02     5.6173E-09     2.7472E-11
     9.8700E-02     3.8703E-09     2.2879E-11
     9.9300E-02     2.0286E-09     1.6607E-11
     9.9900E-02     3.7062E-10     7.1178E-12
     1.0050E-01     1.8415E-23     0.0000E+00
     1.0110E-01     1.8415E-23     0.0000E+00
     1.0170E-01     1.8415E-23     0.0000E+00
     1.0230E-01     1.8415E-23     0.0000E+00
     1.0290E-01     1.8415E-23     0.0000E+00
     1.0350E-01     1.8415E-23     0.0000E+00
     1.0410E-01     1.8415E-23     0.0000E+00
     1.0470E-01     1.8415E-23     0.0000E+00
     1.0530E-01     1.8415E-23     0.0000E+00
     1.0590E-01     1.8415E-23     0.0000E+00
     1.0650E-01     1.8415E-23     0.0000E+00
     1.0710E-01     1.8415E-23     0.0000E+00
     1.0770E-01     1.8415E-23     0.0000E+00
     1.0830E-01     1.8415E-23     0.0000E+00
     1.0890E-01     1.8415E-23     0.0000E+00
     1.0950E-01     1.8415E-23     0.0000E+00
     1.1010E-01     1.8415E-23     0.0000E+00
     1.1070E-01     1.8415E-23     0.0000E+00
     1.1130E-01     1.8415E-23     0.0000E+00
     1.1190E-01     1.8415E-23     0.0000E+00
     1.1250E-01     1.8415E-23     0.0000E+00
     1.1310E-01     1.8415E-23     0.0000E+00
     1.1370E-01     1.8415E-23     0.0000E+00
     1.1430E-01     1.8415E-23     0.0000E+00
     1.1490E-01     1.8415E-23     0.0000E+00
     1.1550E-01     1.8415E-23     0.0000E+00
     1.1610E-01     1.8415E-23     0.0000E+00
     1.1670E-01     1.8415E-23     0.0000E+00
     1.1730E-01     1.8415E-23     0.0000E+00
     1.1790E-01     1.8415E-23     0.0000E+00
     1.1850E-01     1.8415E-23     0.0000E+00
     1.1910E-01     1.8415E-23     0.0000E+00
     1.1970E-01     1.8415E-23     0.0000E+00
&
