@g0 type xy 
@    title "energy fluence vs position"
@    subtitle "/home/miia/EGSnrc/egs_home/egs_chamber/anodeXRayWPbPort_egs_"
@    legend on
@    legend box linestyle 0
@    legend x1 0.6
@    legend y1 0.75
@    view xmin 0.250000
@    xaxis  label "X /cm"
@    timestamp on
@    yaxis  label "planar energy fluence/incident particle /MeV cm\\S-2\\N)"
@    s0 on
@    legend string  0 "IQ =2  NO LATCH CHECK"
@TYPE xydy
@    s0 errorbar length 0.000000
@    s0 symbol color 1
    -4.9500E+00     0.0000E+00     0.0000E+00
    -4.8500E+00     0.0000E+00     0.0000E+00
    -4.7500E+00     0.0000E+00     0.0000E+00
    -4.6500E+00     0.0000E+00     0.0000E+00
    -4.5500E+00     0.0000E+00     0.0000E+00
    -4.4500E+00     0.0000E+00     0.0000E+00
    -4.3500E+00     0.0000E+00     0.0000E+00
    -4.2500E+00     0.0000E+00     0.0000E+00
    -4.1500E+00     0.0000E+00     0.0000E+00
    -4.0500E+00     0.0000E+00     0.0000E+00
    -3.9500E+00     0.0000E+00     0.0000E+00
    -3.8500E+00     0.0000E+00     0.0000E+00
    -3.7500E+00     0.0000E+00     0.0000E+00
    -3.6500E+00     0.0000E+00     0.0000E+00
    -3.5500E+00     0.0000E+00     0.0000E+00
    -3.4500E+00     2.1441E-09     1.1131E-11
    -3.3500E+00     1.7776E-09     1.0119E-11
    -3.2500E+00     1.2991E-09     8.6904E-12
    -3.1500E+00     9.4464E-10     7.4188E-12
    -3.0500E+00     7.4765E-10     6.5786E-12
    -2.9500E+00     6.3252E-10     6.0434E-12
    -2.8500E+00     7.3454E-10     6.8790E-12
    -2.7500E+00     1.3954E-09     9.4600E-12
    -2.6500E+00     1.9299E-09     1.0674E-11
    -2.5500E+00     2.4393E-09     1.1956E-11
    -2.4500E+00     2.9348E-09     1.2731E-11
    -2.3500E+00     3.5080E-09     1.3670E-11
    -2.2500E+00     4.1667E-09     1.4813E-11
    -2.1500E+00     4.8549E-09     1.5520E-11
    -2.0500E+00     5.6815E-09     1.6792E-11
    -1.9500E+00     6.6361E-09     1.7805E-11
    -1.8500E+00     7.7128E-09     1.8960E-11
    -1.7500E+00     2.1878E-08     3.0895E-11
    -1.6500E+00     1.1578E-07     6.8658E-11
    -1.5500E+00     1.3391E-07     7.3562E-11
    -1.4500E+00     1.3721E-07     7.4528E-11
    -1.3500E+00     1.4006E-07     7.5218E-11
    -1.2500E+00     1.4303E-07     7.5983E-11
    -1.1500E+00     1.4563E-07     7.6686E-11
    -1.0500E+00     1.4805E-07     7.7309E-11
    -9.5000E-01     1.5010E-07     7.7805E-11
    -8.5000E-01     1.5197E-07     7.8247E-11
    -7.5000E-01     1.5384E-07     7.8800E-11
    -6.5000E-01     1.5558E-07     7.9258E-11
    -5.5000E-01     1.5682E-07     7.9527E-11
    -4.5000E-01     1.5796E-07     7.9853E-11
    -3.5000E-01     1.5886E-07     8.0025E-11
    -2.5000E-01     1.5929E-07     8.0155E-11
    -1.5000E-01     1.5995E-07     8.0319E-11
    -5.0000E-02     1.6012E-07     8.0327E-11
     5.0000E-02     1.6020E-07     8.0369E-11
     1.5000E-01     1.5994E-07     8.0282E-11
     2.5000E-01     1.5940E-07     8.0105E-11
     3.5000E-01     1.5887E-07     8.0059E-11
     4.5000E-01     1.5794E-07     7.9776E-11
     5.5000E-01     1.5685E-07     7.9574E-11
     6.5000E-01     1.5539E-07     7.9179E-11
     7.5000E-01     1.5388E-07     7.8831E-11
     8.5000E-01     1.5216E-07     7.8358E-11
     9.5000E-01     1.5013E-07     7.7865E-11
     1.0500E+00     1.4793E-07     7.7270E-11
     1.1500E+00     1.4558E-07     7.6660E-11
     1.2500E+00     1.4306E-07     7.5981E-11
     1.3500E+00     1.4027E-07     7.5270E-11
     1.4500E+00     1.3737E-07     7.4509E-11
     1.5500E+00     1.3401E-07     7.3642E-11
     1.6500E+00     1.1577E-07     6.8660E-11
     1.7500E+00     2.1891E-08     3.0953E-11
     1.8500E+00     7.7122E-09     1.8904E-11
     1.9500E+00     6.6198E-09     1.7682E-11
     2.0500E+00     5.6773E-09     1.6690E-11
     2.1500E+00     4.8517E-09     1.5659E-11
     2.2500E+00     4.1355E-09     1.4539E-11
     2.3500E+00     3.5344E-09     1.3636E-11
     2.4500E+00     2.9657E-09     1.2911E-11
     2.5500E+00     2.4376E-09     1.1936E-11
     2.6500E+00     1.9216E-09     1.0860E-11
     2.7500E+00     1.3790E-09     9.2783E-12
     2.8500E+00     7.2917E-10     6.8156E-12
     2.9500E+00     6.3365E-10     6.0821E-12
     3.0500E+00     7.4342E-10     6.5695E-12
     3.1500E+00     9.4057E-10     7.3567E-12
     3.2500E+00     1.2799E-09     8.6038E-12
     3.3500E+00     1.8123E-09     1.0227E-11
     3.4500E+00     2.1585E-09     1.1135E-11
     3.5500E+00     4.0857E-14     4.0853E-14
     3.6500E+00     0.0000E+00     0.0000E+00
     3.7500E+00     0.0000E+00     0.0000E+00
     3.8500E+00     0.0000E+00     0.0000E+00
     3.9500E+00     0.0000E+00     0.0000E+00
     4.0500E+00     0.0000E+00     0.0000E+00
     4.1500E+00     0.0000E+00     0.0000E+00
     4.2500E+00     0.0000E+00     0.0000E+00
     4.3500E+00     0.0000E+00     0.0000E+00
     4.4500E+00     0.0000E+00     0.0000E+00
     4.5500E+00     0.0000E+00     0.0000E+00
     4.6500E+00     0.0000E+00     0.0000E+00
     4.7500E+00     0.0000E+00     0.0000E+00
     4.8500E+00     0.0000E+00     0.0000E+00
     4.9500E+00     0.0000E+00     0.0000E+00
&
