@g0 type xy 
@    title "energy fluence distribution"
@    subtitle "/home/miia/EGSnrc/egs_home/egs_chamber/anodeXRayWPbPort_egs_"
@    legend on
@    legend box linestyle 0
@    legend x1 0.6
@    legend y1 0.75
@    view xmin 0.250000
@    xaxis  label "energy /MeV"
@    timestamp on
@    yaxis  label "planar energy fluence/MeV/incident particle  /cm\\S-2\\N"
@    s0 on
@    legend string  0 "IQ =2  NO LATCH CHECK"
@TYPE xydy
@    s0 errorbar length 0.000000
@    s0 symbol color 1
     3.0000E-04     9.7100E-24     0.0000E+00
     9.0000E-04     9.7100E-24     0.0000E+00
     1.5000E-03     2.3204E-13     2.1365E-14
     2.1000E-03     1.5589E-12     6.9712E-14
     2.7000E-03     1.8192E-12     7.9008E-14
     3.3000E-03     1.9033E-13     2.8399E-14
     3.9000E-03     9.7100E-14     2.2290E-14
     4.5000E-03     1.6747E-13     3.1674E-14
     5.1000E-03     3.0442E-13     4.5408E-14
     5.7000E-03     4.2644E-13     5.6527E-14
     6.3000E-03     1.3451E-11     3.3733E-13
     6.9000E-03     2.7688E-12     1.6041E-13
     7.5000E-03     7.0427E-13     8.3606E-14
     8.1000E-03     1.1756E-11     3.5366E-13
     8.7000E-03     3.3328E-12     1.9744E-13
     9.3000E-03     1.9339E-11     4.8501E-13
     9.9000E-03     1.5486E-12     1.4258E-13
     1.0500E-02     4.9956E-10     2.6393E-12
     1.1100E-02     1.1001E-11     4.0580E-13
     1.1700E-02     2.2188E-12     1.8557E-13
     1.2300E-02     6.1987E-11     1.0033E-12
     1.2900E-02     7.2580E-10     3.4845E-12
     1.3500E-02     1.2309E-11     4.6896E-13
     1.4100E-02     2.8872E-11     7.3555E-13
     1.4700E-02     1.4876E-10     1.7040E-12
     1.5300E-02     1.9299E-10     1.9767E-12
     1.5900E-02     3.3580E-10     2.6600E-12
     1.6500E-02     6.1698E-10     3.6727E-12
     1.7100E-02     1.0892E-09     4.9670E-12
     1.7700E-02     1.7555E-09     6.4144E-12
     1.8300E-02     2.6562E-09     8.0224E-12
     1.8900E-02     3.8900E-09     9.8660E-12
     1.9500E-02     5.4123E-09     1.1820E-11
     2.0100E-02     7.2201E-09     1.3859E-11
     2.0700E-02     9.3713E-09     1.6023E-11
     2.1300E-02     1.1912E-08     1.8324E-11
     2.1900E-02     1.4669E-08     2.0617E-11
     2.2500E-02     1.7690E-08     2.2949E-11
     2.3100E-02     2.0895E-08     2.5271E-11
     2.3700E-02     2.4400E-08     2.7660E-11
     2.4300E-02     2.7976E-08     2.9990E-11
     2.4900E-02     3.1719E-08     3.2324E-11
     2.5500E-02     3.5463E-08     3.4587E-11
     2.6100E-02     3.9333E-08     3.6852E-11
     2.6700E-02     4.3226E-08     3.9074E-11
     2.7300E-02     4.6959E-08     4.1181E-11
     2.7900E-02     5.0885E-08     4.3336E-11
     2.8500E-02     5.4542E-08     4.5345E-11
     2.9100E-02     5.8187E-08     4.7326E-11
     2.9700E-02     6.1731E-08     4.9246E-11
     3.0300E-02     6.5021E-08     5.1049E-11
     3.0900E-02     6.8331E-08     5.2847E-11
     3.1500E-02     7.1677E-08     5.4649E-11
     3.2100E-02     7.4650E-08     5.6299E-11
     3.2700E-02     7.7281E-08     5.7815E-11
     3.3300E-02     8.0191E-08     5.9431E-11
     3.3900E-02     8.2728E-08     6.0905E-11
     3.4500E-02     8.5033E-08     6.2292E-11
     3.5100E-02     8.7527E-08     6.3746E-11
     3.5700E-02     8.9565E-08     6.5032E-11
     3.6300E-02     9.1570E-08     6.6306E-11
     3.6900E-02     9.3430E-08     6.7528E-11
     3.7500E-02     9.5250E-08     6.8734E-11
     3.8100E-02     9.6870E-08     6.9868E-11
     3.8700E-02     9.8193E-08     7.0895E-11
     3.9300E-02     9.9703E-08     7.1990E-11
     3.9900E-02     1.0078E-07     7.2928E-11
     4.0500E-02     1.0202E-07     7.3925E-11
     4.1100E-02     1.0290E-07     7.4793E-11
     4.1700E-02     1.0381E-07     7.5668E-11
     4.2300E-02     1.0483E-07     7.6583E-11
     4.2900E-02     1.0536E-07     7.7319E-11
     4.3500E-02     1.0600E-07     7.8093E-11
     4.4100E-02     1.0668E-07     7.8884E-11
     4.4700E-02     1.0706E-07     7.9557E-11
     4.5300E-02     1.0733E-07     8.0192E-11
     4.5900E-02     1.0746E-07     8.0769E-11
     4.6500E-02     1.0770E-07     8.1388E-11
     4.7100E-02     1.0790E-07     8.1984E-11
     4.7700E-02     1.0790E-07     8.2506E-11
     4.8300E-02     1.0784E-07     8.3000E-11
     4.8900E-02     1.0792E-07     8.3544E-11
     4.9500E-02     1.0779E-07     8.4007E-11
     5.0100E-02     1.0747E-07     8.4387E-11
     5.0700E-02     1.0726E-07     8.4811E-11
     5.1300E-02     1.0697E-07     8.5194E-11
     5.1900E-02     1.0677E-07     8.5612E-11
     5.2500E-02     1.0637E-07     8.5941E-11
     5.3100E-02     1.0618E-07     8.6354E-11
     5.3700E-02     1.0642E-07     8.6941E-11
     5.4300E-02     1.0614E-07     8.7309E-11
     5.4900E-02     1.0632E-07     8.7863E-11
     5.5500E-02     1.0635E-07     8.8357E-11
     5.6100E-02     1.0678E-07     8.9012E-11
     5.6700E-02     1.0698E-07     8.9569E-11
     5.7300E-02     1.0788E-07     9.0421E-11
     5.7900E-02     2.6420E-07     1.4230E-10
     5.8500E-02     1.0459E-07     8.9959E-11
     5.9100E-02     3.9052E-07     1.7495E-10
     5.9700E-02     1.0561E-07     9.1321E-11
     6.0300E-02     9.7377E-08     8.8126E-11
     6.0900E-02     1.1026E-07     9.4263E-11
     6.1500E-02     9.5676E-08     8.8218E-11
     6.2100E-02     9.4632E-08     8.8162E-11
     6.2700E-02     9.3892E-08     8.8240E-11
     6.3300E-02     9.3009E-08     8.8243E-11
     6.3900E-02     9.2087E-08     8.8220E-11
     6.4500E-02     9.1233E-08     8.8221E-11
     6.5100E-02     9.0604E-08     8.8325E-11
     6.5700E-02     8.9835E-08     8.8353E-11
     6.6300E-02     8.8886E-08     8.8285E-11
     6.6900E-02     1.2684E-07     1.0595E-10
     6.7500E-02     1.6392E-07     1.2087E-10
     6.8100E-02     8.3798E-08     8.6877E-11
     6.8700E-02     8.4522E-08     8.7640E-11
     6.9300E-02     1.1855E-07     1.0421E-10
     6.9900E-02     6.9704E-08     8.0275E-11
     7.0500E-02     6.8272E-08     7.9787E-11
     7.1100E-02     6.8281E-08     8.0132E-11
     7.1700E-02     6.6739E-08     7.9555E-11
     7.2300E-02     6.5489E-08     7.9135E-11
     7.2900E-02     6.5047E-08     7.9194E-11
     7.3500E-02     6.3602E-08     7.8631E-11
     7.4100E-02     6.2833E-08     7.8473E-11
     7.4700E-02     6.2984E-08     7.8887E-11
     7.5300E-02     6.0877E-08     7.7865E-11
     7.5900E-02     5.9832E-08     7.7501E-11
     7.6500E-02     5.8842E-08     7.7160E-11
     7.7100E-02     5.7793E-08     7.6768E-11
     7.7700E-02     5.6947E-08     7.6500E-11
     7.8300E-02     5.5777E-08     7.6002E-11
     7.8900E-02     5.4656E-08     7.5522E-11
     7.9500E-02     5.3613E-08     7.5082E-11
     8.0100E-02     5.2472E-08     7.4558E-11
     8.0700E-02     5.1162E-08     7.3897E-11
     8.1300E-02     5.0097E-08     7.3395E-11
     8.1900E-02     4.8881E-08     7.2766E-11
     8.2500E-02     4.7590E-08     7.2061E-11
     8.3100E-02     4.6511E-08     7.1498E-11
     8.3700E-02     4.5270E-08     7.0792E-11
     8.4300E-02     4.3938E-08     6.9993E-11
     8.4900E-02     4.2939E-08     6.9438E-11
     8.5500E-02     4.1166E-08     6.8229E-11
     8.6100E-02     3.9732E-08     6.7264E-11
     8.6700E-02     3.8299E-08     6.6270E-11
     8.7300E-02     3.7142E-08     6.5487E-11
     8.7900E-02     3.4783E-08     6.3589E-11
     8.8500E-02     3.2514E-08     6.1691E-11
     8.9100E-02     3.0852E-08     6.0297E-11
     8.9700E-02     2.9338E-08     5.8997E-11
     9.0300E-02     2.7823E-08     5.7645E-11
     9.0900E-02     2.6196E-08     5.6119E-11
     9.1500E-02     2.4414E-08     5.4355E-11
     9.2100E-02     2.2878E-08     5.2790E-11
     9.2700E-02     2.1264E-08     5.1058E-11
     9.3300E-02     1.9422E-08     4.8955E-11
     9.3900E-02     1.7712E-08     4.6899E-11
     9.4500E-02     1.6034E-08     4.4766E-11
     9.5100E-02     1.4396E-08     4.2552E-11
     9.5700E-02     1.2540E-08     3.9840E-11
     9.6300E-02     1.0800E-08     3.7087E-11
     9.6900E-02     8.9820E-09     3.3927E-11
     9.7500E-02     7.2552E-09     3.0586E-11
     9.8100E-02     5.4333E-09     2.6549E-11
     9.8700E-02     3.7419E-09     2.2099E-11
     9.9300E-02     1.9622E-09     1.6050E-11
     9.9900E-02     3.5828E-10     6.8747E-12
     1.0050E-01     9.7100E-24     0.0000E+00
     1.0110E-01     9.7100E-24     0.0000E+00
     1.0170E-01     9.7100E-24     0.0000E+00
     1.0230E-01     9.7100E-24     0.0000E+00
     1.0290E-01     9.7100E-24     0.0000E+00
     1.0350E-01     9.7100E-24     0.0000E+00
     1.0410E-01     9.7100E-24     0.0000E+00
     1.0470E-01     9.7100E-24     0.0000E+00
     1.0530E-01     9.7100E-24     0.0000E+00
     1.0590E-01     9.7100E-24     0.0000E+00
     1.0650E-01     9.7100E-24     0.0000E+00
     1.0710E-01     9.7100E-24     0.0000E+00
     1.0770E-01     9.7100E-24     0.0000E+00
     1.0830E-01     9.7100E-24     0.0000E+00
     1.0890E-01     9.7100E-24     0.0000E+00
     1.0950E-01     9.7100E-24     0.0000E+00
     1.1010E-01     9.7100E-24     0.0000E+00
     1.1070E-01     9.7100E-24     0.0000E+00
     1.1130E-01     9.7100E-24     0.0000E+00
     1.1190E-01     9.7100E-24     0.0000E+00
     1.1250E-01     9.7100E-24     0.0000E+00
     1.1310E-01     9.7100E-24     0.0000E+00
     1.1370E-01     9.7100E-24     0.0000E+00
     1.1430E-01     9.7100E-24     0.0000E+00
     1.1490E-01     9.7100E-24     0.0000E+00
     1.1550E-01     9.7100E-24     0.0000E+00
     1.1610E-01     9.7100E-24     0.0000E+00
     1.1670E-01     9.7100E-24     0.0000E+00
     1.1730E-01     9.7100E-24     0.0000E+00
     1.1790E-01     9.7100E-24     0.0000E+00
     1.1850E-01     9.7100E-24     0.0000E+00
     1.1910E-01     9.7100E-24     0.0000E+00
     1.1970E-01     9.7100E-24     0.0000E+00
&
