@g0 type xy 
@    title "energy fluence vs position"
@    subtitle "/home/miia/EGSnrc/egs_home/egs_chamber/anodeXRayWPbPort_egs_"
@    legend on
@    legend box linestyle 0
@    legend x1 0.6
@    legend y1 0.75
@    view xmin 0.250000
@    xaxis  label "Y /cm"
@    timestamp on
@    yaxis  label "energy fluence/incident particle /MeV cm\\S-2\\N)"
@    s0 on
@    legend string  0 "IQ =2  NO LATCH CHECK"
@TYPE xydy
@    s0 errorbar length 0.000000
@    s0 symbol color 1
    -4.9500E+00     0.0000E+00     0.0000E+00
    -4.8500E+00     0.0000E+00     0.0000E+00
    -4.7500E+00     0.0000E+00     0.0000E+00
    -4.6500E+00     0.0000E+00     0.0000E+00
    -4.5500E+00     0.0000E+00     0.0000E+00
    -4.4500E+00     0.0000E+00     0.0000E+00
    -4.3500E+00     0.0000E+00     0.0000E+00
    -4.2500E+00     0.0000E+00     0.0000E+00
    -4.1500E+00     0.0000E+00     0.0000E+00
    -4.0500E+00     0.0000E+00     0.0000E+00
    -3.9500E+00     0.0000E+00     0.0000E+00
    -3.8500E+00     0.0000E+00     0.0000E+00
    -3.7500E+00     0.0000E+00     0.0000E+00
    -3.6500E+00     0.0000E+00     0.0000E+00
    -3.5500E+00     0.0000E+00     0.0000E+00
    -3.4500E+00     4.1414E-11     1.8288E-12
    -3.3500E+00     4.0017E-11     1.8778E-12
    -3.2500E+00     4.1321E-11     1.8104E-12
    -3.1500E+00     3.6519E-11     1.9715E-12
    -3.0500E+00     3.4423E-11     1.6968E-12
    -2.9500E+00     3.6890E-11     1.8213E-12
    -2.8500E+00     4.0207E-10     7.6452E-12
    -2.7500E+00     1.8321E-09     1.5589E-11
    -2.6500E+00     2.7724E-09     1.8155E-11
    -2.5500E+00     3.5919E-09     2.2383E-11
    -2.4500E+00     4.4247E-09     2.3954E-11
    -2.3500E+00     5.1896E-09     2.3286E-11
    -2.2500E+00     5.9419E-09     2.4279E-11
    -2.1500E+00     6.7743E-09     2.4542E-11
    -2.0500E+00     7.5779E-09     2.6545E-11
    -1.9500E+00     8.3774E-09     2.5596E-11
    -1.8500E+00     9.1915E-09     2.7353E-11
    -1.7500E+00     9.9765E-09     2.7526E-11
    -1.6500E+00     1.0883E-08     2.9087E-11
    -1.5500E+00     1.1823E-08     2.9431E-11
    -1.4500E+00     1.2849E-08     3.0606E-11
    -1.3500E+00     5.0682E-08     5.1406E-11
    -1.2500E+00     9.7249E-08     6.9039E-11
    -1.1500E+00     1.2164E-07     7.6033E-11
    -1.0500E+00     1.3734E-07     7.9749E-11
    -9.5000E-01     1.4893E-07     8.2364E-11
    -8.5000E-01     1.5758E-07     8.3994E-11
    -7.5000E-01     1.6460E-07     8.5748E-11
    -6.5000E-01     1.7038E-07     8.6944E-11
    -5.5000E-01     1.7507E-07     8.7856E-11
    -4.5000E-01     1.7929E-07     8.8676E-11
    -3.5000E-01     1.8244E-07     8.9657E-11
    -2.5000E-01     1.8540E-07     9.0390E-11
    -1.5000E-01     1.8726E-07     9.0625E-11
    -5.0000E-02     1.8915E-07     9.0571E-11
     5.0000E-02     1.9052E-07     9.0933E-11
     1.5000E-01     1.9149E-07     9.0883E-11
     2.5000E-01     1.9181E-07     9.1149E-11
     3.5000E-01     1.9219E-07     9.0989E-11
     4.5000E-01     1.9206E-07     9.0812E-11
     5.5000E-01     1.9164E-07     9.1178E-11
     6.5000E-01     1.9065E-07     9.0950E-11
     7.5000E-01     1.8986E-07     9.0859E-11
     8.5000E-01     1.8851E-07     9.0622E-11
     9.5000E-01     1.8674E-07     8.9932E-11
     1.0500E+00     1.8490E-07     8.9886E-11
     1.1500E+00     1.8258E-07     8.9297E-11
     1.2500E+00     1.8038E-07     8.8878E-11
     1.3500E+00     1.7745E-07     8.8659E-11
     1.4500E+00     1.7419E-07     8.7081E-11
     1.5500E+00     1.7115E-07     8.6591E-11
     1.6500E+00     1.5910E-07     8.3838E-11
     1.7500E+00     1.9868E-08     3.6405E-11
     1.8500E+00     1.1648E-08     2.9847E-11
     1.9500E+00     1.0103E-08     2.7690E-11
     2.0500E+00     8.8438E-09     2.7266E-11
     2.1500E+00     7.6763E-09     2.5068E-11
     2.2500E+00     6.7296E-09     2.5446E-11
     2.3500E+00     5.7917E-09     2.3404E-11
     2.4500E+00     4.9636E-09     2.1394E-11
     2.5500E+00     4.1995E-09     2.0748E-11
     2.6500E+00     3.4442E-09     1.8962E-11
     2.7500E+00     2.6285E-09     1.5753E-11
     2.8500E+00     1.5890E-09     1.2038E-11
     2.9500E+00     1.4825E-09     1.0430E-11
     3.0500E+00     1.7070E-09     1.1056E-11
     3.1500E+00     2.0374E-09     1.2098E-11
     3.2500E+00     2.4989E-09     1.3465E-11
     3.3500E+00     3.1932E-09     1.5380E-11
     3.4500E+00     3.7526E-09     1.6718E-11
     3.5500E+00     1.0598E-12     1.0597E-12
     3.6500E+00     0.0000E+00     0.0000E+00
     3.7500E+00     0.0000E+00     0.0000E+00
     3.8500E+00     0.0000E+00     0.0000E+00
     3.9500E+00     0.0000E+00     0.0000E+00
     4.0500E+00     0.0000E+00     0.0000E+00
     4.1500E+00     0.0000E+00     0.0000E+00
     4.2500E+00     0.0000E+00     0.0000E+00
     4.3500E+00     0.0000E+00     0.0000E+00
     4.4500E+00     0.0000E+00     0.0000E+00
     4.5500E+00     0.0000E+00     0.0000E+00
     4.6500E+00     0.0000E+00     0.0000E+00
     4.7500E+00     0.0000E+00     0.0000E+00
     4.8500E+00     0.0000E+00     0.0000E+00
     4.9500E+00     0.0000E+00     0.0000E+00
&
