@g0 type xy 
@    title "energy fluence vs position"
@    subtitle "/home/miia/EGSnrc/egs_home/egs_chamber/anodeXRayWPbPort_egs_"
@    legend on
@    legend box linestyle 0
@    legend x1 0.6
@    legend y1 0.75
@    view xmin 0.250000
@    xaxis  label "X /cm"
@    timestamp on
@    yaxis  label "energy fluence/incident particle /MeV cm\\S-2\\N)"
@    s0 on
@    legend string  0 "IQ =2  NO LATCH CHECK"
@TYPE xydy
@    s0 errorbar length 0.000000
@    s0 symbol color 1
    -4.9500E+00     0.0000E+00     0.0000E+00
    -4.8500E+00     0.0000E+00     0.0000E+00
    -4.7500E+00     0.0000E+00     0.0000E+00
    -4.6500E+00     0.0000E+00     0.0000E+00
    -4.5500E+00     0.0000E+00     0.0000E+00
    -4.4500E+00     0.0000E+00     0.0000E+00
    -4.3500E+00     0.0000E+00     0.0000E+00
    -4.2500E+00     0.0000E+00     0.0000E+00
    -4.1500E+00     0.0000E+00     0.0000E+00
    -4.0500E+00     0.0000E+00     0.0000E+00
    -3.9500E+00     0.0000E+00     0.0000E+00
    -3.8500E+00     0.0000E+00     0.0000E+00
    -3.7500E+00     0.0000E+00     0.0000E+00
    -3.6500E+00     0.0000E+00     0.0000E+00
    -3.5500E+00     0.0000E+00     0.0000E+00
    -3.4500E+00     2.6503E-09     1.3837E-11
    -3.3500E+00     2.1828E-09     1.2781E-11
    -3.2500E+00     1.5924E-09     1.0696E-11
    -3.1500E+00     1.1668E-09     9.2625E-12
    -3.0500E+00     9.2318E-10     8.1805E-12
    -2.9500E+00     7.7697E-10     7.4511E-12
    -2.8500E+00     9.9777E-10     9.8491E-12
    -2.7500E+00     2.1820E-09     1.6908E-11
    -2.6500E+00     3.0252E-09     1.8643E-11
    -2.5500E+00     3.8058E-09     2.0576E-11
    -2.4500E+00     4.5342E-09     2.1509E-11
    -2.3500E+00     5.3121E-09     2.1772E-11
    -2.2500E+00     6.2046E-09     2.3704E-11
    -2.1500E+00     7.0916E-09     2.4157E-11
    -2.0500E+00     8.1414E-09     2.6022E-11
    -1.9500E+00     9.2855E-09     2.7841E-11
    -1.8500E+00     1.0549E-08     2.8544E-11
    -1.7500E+00     2.5654E-08     3.8890E-11
    -1.6500E+00     1.2453E-07     7.5475E-11
    -1.5500E+00     1.4302E-07     8.0046E-11
    -1.4500E+00     1.4600E-07     8.1054E-11
    -1.3500E+00     1.4846E-07     8.1520E-11
    -1.2500E+00     1.5106E-07     8.1888E-11
    -1.1500E+00     1.5333E-07     8.2908E-11
    -1.0500E+00     1.5540E-07     8.3152E-11
    -9.5000E-01     1.5710E-07     8.3231E-11
    -8.5000E-01     1.5868E-07     8.3568E-11
    -7.5000E-01     1.6029E-07     8.4201E-11
    -6.5000E-01     1.6179E-07     8.4264E-11
    -5.5000E-01     1.6283E-07     8.4855E-11
    -4.5000E-01     1.6379E-07     8.4948E-11
    -3.5000E-01     1.6452E-07     8.4979E-11
    -2.5000E-01     1.6486E-07     8.4928E-11
    -1.5000E-01     1.6546E-07     8.5490E-11
    -5.0000E-02     1.6560E-07     8.5324E-11
     5.0000E-02     1.6570E-07     8.5273E-11
     1.5000E-01     1.6544E-07     8.5122E-11
     2.5000E-01     1.6496E-07     8.5006E-11
     3.5000E-01     1.6456E-07     8.4971E-11
     4.5000E-01     1.6376E-07     8.4574E-11
     5.5000E-01     1.6288E-07     8.4918E-11
     6.5000E-01     1.6156E-07     8.3964E-11
     7.5000E-01     1.6031E-07     8.3803E-11
     8.5000E-01     1.5886E-07     8.3722E-11
     9.5000E-01     1.5714E-07     8.3402E-11
     1.0500E+00     1.5524E-07     8.2903E-11
     1.1500E+00     1.5325E-07     8.2266E-11
     1.2500E+00     1.5110E-07     8.1949E-11
     1.3500E+00     1.4869E-07     8.1967E-11
     1.4500E+00     1.4617E-07     8.1713E-11
     1.5500E+00     1.4316E-07     8.0420E-11
     1.6500E+00     1.2454E-07     7.5829E-11
     1.7500E+00     2.5679E-08     3.9461E-11
     1.8500E+00     1.0551E-08     2.8568E-11
     1.9500E+00     9.2597E-09     2.7006E-11
     2.0500E+00     8.1297E-09     2.6637E-11
     2.1500E+00     7.0906E-09     2.4295E-11
     2.2500E+00     6.1734E-09     2.4280E-11
     2.3500E+00     5.3723E-09     2.2905E-11
     2.4500E+00     4.5698E-09     2.1366E-11
     2.5500E+00     3.8008E-09     2.0262E-11
     2.6500E+00     3.0133E-09     1.8783E-11
     2.7500E+00     2.1564E-09     1.6739E-11
     2.8500E+00     9.8742E-10     9.5027E-12
     2.9500E+00     7.7996E-10     7.5438E-12
     3.0500E+00     9.1711E-10     8.2400E-12
     3.1500E+00     1.1599E-09     9.1175E-12
     3.2500E+00     1.5723E-09     1.0708E-11
     3.3500E+00     2.2222E-09     1.2605E-11
     3.4500E+00     2.6695E-09     1.3815E-11
     3.5500E+00     7.9343E-14     7.9335E-14
     3.6500E+00     0.0000E+00     0.0000E+00
     3.7500E+00     0.0000E+00     0.0000E+00
     3.8500E+00     0.0000E+00     0.0000E+00
     3.9500E+00     0.0000E+00     0.0000E+00
     4.0500E+00     0.0000E+00     0.0000E+00
     4.1500E+00     0.0000E+00     0.0000E+00
     4.2500E+00     0.0000E+00     0.0000E+00
     4.3500E+00     0.0000E+00     0.0000E+00
     4.4500E+00     0.0000E+00     0.0000E+00
     4.5500E+00     0.0000E+00     0.0000E+00
     4.6500E+00     0.0000E+00     0.0000E+00
     4.7500E+00     0.0000E+00     0.0000E+00
     4.8500E+00     0.0000E+00     0.0000E+00
     4.9500E+00     0.0000E+00     0.0000E+00
&
