@g0 type xy 
@    title "fluence vs position"
@    subtitle "/home/miia/EGSnrc/egs_home/egs_chamber/anodeXRayWPbPort_egs_"
@    legend on
@    legend box linestyle 0
@    legend x1 0.6
@    legend y1 0.75
@    view xmin 0.250000
@    xaxis  label "X /cm"
@    timestamp on
@    yaxis  label "planar fluence/incident particle /cm\\S-2\\N"
@    s0 on
@    legend string  0 "IQ =2  NO LATCH CHECK"
@TYPE xydy
@    s0 errorbar length 0.000000
@    s0 symbol color 1
    -4.9500E+00     0.0000E+00     0.0000E+00
    -4.8500E+00     0.0000E+00     0.0000E+00
    -4.7500E+00     0.0000E+00     0.0000E+00
    -4.6500E+00     0.0000E+00     0.0000E+00
    -4.5500E+00     0.0000E+00     0.0000E+00
    -4.4500E+00     0.0000E+00     0.0000E+00
    -4.3500E+00     0.0000E+00     0.0000E+00
    -4.2500E+00     0.0000E+00     0.0000E+00
    -4.1500E+00     0.0000E+00     0.0000E+00
    -4.0500E+00     0.0000E+00     0.0000E+00
    -3.9500E+00     0.0000E+00     0.0000E+00
    -3.8500E+00     0.0000E+00     0.0000E+00
    -3.7500E+00     0.0000E+00     0.0000E+00
    -3.6500E+00     0.0000E+00     0.0000E+00
    -3.5500E+00     0.0000E+00     0.0000E+00
    -3.4500E+00     2.7375E-08     1.3983E-10
    -3.3500E+00     2.2706E-08     1.2735E-10
    -3.2500E+00     1.6608E-08     1.0891E-10
    -3.1500E+00     1.2081E-08     9.2890E-11
    -3.0500E+00     9.5855E-09     8.2742E-11
    -2.9500E+00     8.0971E-09     7.6047E-11
    -2.8500E+00     1.0247E-08     8.5572E-11
    -2.7500E+00     2.3526E-08     1.2965E-10
    -2.6500E+00     3.4280E-08     1.5650E-10
    -2.5500E+00     4.4268E-08     1.7786E-10
    -2.4500E+00     5.4677E-08     1.9763E-10
    -2.3500E+00     6.6360E-08     2.1772E-10
    -2.2500E+00     8.0062E-08     2.3914E-10
    -2.1500E+00     9.4983E-08     2.6047E-10
    -2.0500E+00     1.1234E-07     2.8327E-10
    -1.9500E+00     1.3268E-07     3.0784E-10
    -1.8500E+00     1.5573E-07     3.3351E-10
    -1.7500E+00     4.2312E-07     5.4974E-10
    -1.6500E+00     2.2889E-06     1.2786E-09
    -1.5500E+00     2.6637E-06     1.3793E-09
    -1.4500E+00     2.7328E-06     1.3971E-09
    -1.3500E+00     2.7941E-06     1.4127E-09
    -1.2500E+00     2.8558E-06     1.4282E-09
    -1.1500E+00     2.9097E-06     1.4416E-09
    -1.0500E+00     2.9610E-06     1.4542E-09
    -9.5000E-01     3.0044E-06     1.4649E-09
    -8.5000E-01     3.0445E-06     1.4746E-09
    -7.5000E-01     3.0825E-06     1.4838E-09
    -6.5000E-01     3.1184E-06     1.4924E-09
    -5.5000E-01     3.1446E-06     1.4986E-09
    -4.5000E-01     3.1667E-06     1.5039E-09
    -3.5000E-01     3.1866E-06     1.5086E-09
    -2.5000E-01     3.1959E-06     1.5108E-09
    -1.5000E-01     3.2094E-06     1.5140E-09
    -5.0000E-02     3.2142E-06     1.5151E-09
     5.0000E-02     3.2150E-06     1.5153E-09
     1.5000E-01     3.2094E-06     1.5140E-09
     2.5000E-01     3.1998E-06     1.5118E-09
     3.5000E-01     3.1867E-06     1.5087E-09
     4.5000E-01     3.1684E-06     1.5043E-09
     5.5000E-01     3.1446E-06     1.4986E-09
     6.5000E-01     3.1148E-06     1.4915E-09
     7.5000E-01     3.0824E-06     1.4838E-09
     8.5000E-01     3.0475E-06     1.4753E-09
     9.5000E-01     3.0040E-06     1.4648E-09
     1.0500E+00     2.9581E-06     1.4535E-09
     1.1500E+00     2.9088E-06     1.4414E-09
     1.2500E+00     2.8554E-06     1.4281E-09
     1.3500E+00     2.7967E-06     1.4133E-09
     1.4500E+00     2.7362E-06     1.3980E-09
     1.5500E+00     2.6651E-06     1.3797E-09
     1.6500E+00     2.2887E-06     1.2785E-09
     1.7500E+00     4.2341E-07     5.4992E-10
     1.8500E+00     1.5570E-07     3.3349E-10
     1.9500E+00     1.3255E-07     3.0770E-10
     2.0500E+00     1.1224E-07     2.8314E-10
     2.1500E+00     9.4715E-08     2.6010E-10
     2.2500E+00     7.9668E-08     2.3855E-10
     2.3500E+00     6.7109E-08     2.1895E-10
     2.4500E+00     5.5147E-08     1.9848E-10
     2.5500E+00     4.4260E-08     1.7782E-10
     2.6500E+00     3.3885E-08     1.5560E-10
     2.7500E+00     2.3316E-08     1.2908E-10
     2.8500E+00     1.0225E-08     8.5489E-11
     2.9500E+00     8.1414E-09     7.6254E-11
     3.0500E+00     9.5341E-09     8.2519E-11
     3.1500E+00     1.2064E-08     9.2824E-11
     3.2500E+00     1.6388E-08     1.0819E-10
     3.3500E+00     2.3160E-08     1.2861E-10
     3.4500E+00     2.7622E-08     1.4046E-10
     3.5500E+00     7.1422E-13     7.1415E-13
     3.6500E+00     0.0000E+00     0.0000E+00
     3.7500E+00     0.0000E+00     0.0000E+00
     3.8500E+00     0.0000E+00     0.0000E+00
     3.9500E+00     0.0000E+00     0.0000E+00
     4.0500E+00     0.0000E+00     0.0000E+00
     4.1500E+00     0.0000E+00     0.0000E+00
     4.2500E+00     0.0000E+00     0.0000E+00
     4.3500E+00     0.0000E+00     0.0000E+00
     4.4500E+00     0.0000E+00     0.0000E+00
     4.5500E+00     0.0000E+00     0.0000E+00
     4.6500E+00     0.0000E+00     0.0000E+00
     4.7500E+00     0.0000E+00     0.0000E+00
     4.8500E+00     0.0000E+00     0.0000E+00
     4.9500E+00     0.0000E+00     0.0000E+00
&
