@g0 type xy 
@    title "fluence vs position"
@    subtitle "/home/miia/EGSnrc/egs_home/egs_chamber/anodeXRayWPbPort_egs_"
@    legend on
@    legend box linestyle 0
@    legend x1 0.6
@    legend y1 0.75
@    view xmin 0.250000
@    xaxis  label "Y /cm"
@    timestamp on
@    yaxis  label "planar fluence/incident particle /cm\\S-2\\N"
@    s0 on
@    legend string  0 "IQ =2  NO LATCH CHECK"
@TYPE xydy
@    s0 errorbar length 0.000000
@    s0 symbol color 1
    -4.9500E+00     0.0000E+00     0.0000E+00
    -4.8500E+00     0.0000E+00     0.0000E+00
    -4.7500E+00     0.0000E+00     0.0000E+00
    -4.6500E+00     0.0000E+00     0.0000E+00
    -4.5500E+00     0.0000E+00     0.0000E+00
    -4.4500E+00     0.0000E+00     0.0000E+00
    -4.3500E+00     0.0000E+00     0.0000E+00
    -4.2500E+00     0.0000E+00     0.0000E+00
    -4.1500E+00     0.0000E+00     0.0000E+00
    -4.0500E+00     0.0000E+00     0.0000E+00
    -3.9500E+00     0.0000E+00     0.0000E+00
    -3.8500E+00     0.0000E+00     0.0000E+00
    -3.7500E+00     0.0000E+00     0.0000E+00
    -3.6500E+00     0.0000E+00     0.0000E+00
    -3.5500E+00     0.0000E+00     0.0000E+00
    -3.4500E+00     4.0568E-10     1.7022E-11
    -3.3500E+00     3.8496E-10     1.6582E-11
    -3.2500E+00     4.1568E-10     1.7230E-11
    -3.1500E+00     3.4854E-10     1.5778E-11
    -3.0500E+00     3.4068E-10     1.5599E-11
    -2.9500E+00     3.5568E-10     1.5938E-11
    -2.8500E+00     3.9911E-09     5.3438E-11
    -2.7500E+00     1.9677E-08     1.1860E-10
    -2.6500E+00     3.0854E-08     1.4847E-10
    -2.5500E+00     4.1183E-08     1.7153E-10
    -2.4500E+00     5.1829E-08     1.9241E-10
    -2.3500E+00     6.3115E-08     2.1234E-10
    -2.2500E+00     7.4633E-08     2.3090E-10
    -2.1500E+00     8.6908E-08     2.4917E-10
    -2.0500E+00     9.9565E-08     2.6667E-10
    -1.9500E+00     1.1325E-07     2.8442E-10
    -1.8500E+00     1.2684E-07     3.0099E-10
    -1.7500E+00     1.4067E-07     3.1698E-10
    -1.6500E+00     1.5658E-07     3.3442E-10
    -1.5500E+00     1.7414E-07     3.5268E-10
    -1.4500E+00     1.9323E-07     3.7150E-10
    -1.3500E+00     8.2183E-07     7.6614E-10
    -1.2500E+00     1.6534E-06     1.0867E-09
    -1.1500E+00     2.1318E-06     1.2339E-09
    -1.0500E+00     2.4607E-06     1.3257E-09
    -9.5000E-01     2.7121E-06     1.3918E-09
    -8.5000E-01     2.9088E-06     1.4414E-09
    -7.5000E-01     3.0709E-06     1.4810E-09
    -6.5000E-01     3.2084E-06     1.5138E-09
    -5.5000E-01     3.3215E-06     1.5402E-09
    -4.5000E-01     3.4239E-06     1.5638E-09
    -3.5000E-01     3.5034E-06     1.5818E-09
    -2.5000E-01     3.5770E-06     1.5984E-09
    -1.5000E-01     3.6285E-06     1.6098E-09
    -5.0000E-02     3.6777E-06     1.6207E-09
     5.0000E-02     3.7144E-06     1.6288E-09
     1.5000E-01     3.7416E-06     1.6347E-09
     2.5000E-01     3.7543E-06     1.6375E-09
     3.5000E-01     3.7652E-06     1.6399E-09
     4.5000E-01     3.7656E-06     1.6400E-09
     5.5000E-01     3.7567E-06     1.6380E-09
     6.5000E-01     3.7360E-06     1.6335E-09
     7.5000E-01     3.7162E-06     1.6292E-09
     8.5000E-01     3.6847E-06     1.6222E-09
     9.5000E-01     3.6431E-06     1.6131E-09
     1.0500E+00     3.5984E-06     1.6031E-09
     1.1500E+00     3.5441E-06     1.5910E-09
     1.2500E+00     3.4881E-06     1.5784E-09
     1.3500E+00     3.4184E-06     1.5625E-09
     1.4500E+00     3.3434E-06     1.5453E-09
     1.5500E+00     3.2685E-06     1.5279E-09
     1.6500E+00     3.0079E-06     1.4657E-09
     1.7500E+00     3.1595E-07     4.7504E-10
     1.8500E+00     1.7842E-07     3.5699E-10
     1.9500E+00     1.4965E-07     3.2695E-10
     2.0500E+00     1.2610E-07     3.0012E-10
     2.1500E+00     1.0588E-07     2.7500E-10
     2.2500E+00     8.8872E-08     2.5196E-10
     2.3500E+00     7.3970E-08     2.2987E-10
     2.4500E+00     6.1456E-08     2.0952E-10
     2.5500E+00     4.9679E-08     1.8838E-10
     2.6500E+00     3.9494E-08     1.6798E-10
     2.7500E+00     2.9062E-08     1.4410E-10
     2.8500E+00     1.6665E-08     1.0911E-10
     2.9500E+00     1.5422E-08     1.0495E-10
     3.0500E+00     1.7813E-08     1.1279E-10
     3.1500E+00     2.1223E-08     1.2312E-10
     3.2500E+00     2.5959E-08     1.3616E-10
     3.3500E+00     3.3120E-08     1.5381E-10
     3.4500E+00     3.8720E-08     1.6630E-10
     3.5500E+00     7.1422E-13     7.1415E-13
     3.6500E+00     0.0000E+00     0.0000E+00
     3.7500E+00     0.0000E+00     0.0000E+00
     3.8500E+00     0.0000E+00     0.0000E+00
     3.9500E+00     0.0000E+00     0.0000E+00
     4.0500E+00     0.0000E+00     0.0000E+00
     4.1500E+00     0.0000E+00     0.0000E+00
     4.2500E+00     0.0000E+00     0.0000E+00
     4.3500E+00     0.0000E+00     0.0000E+00
     4.4500E+00     0.0000E+00     0.0000E+00
     4.5500E+00     0.0000E+00     0.0000E+00
     4.6500E+00     0.0000E+00     0.0000E+00
     4.7500E+00     0.0000E+00     0.0000E+00
     4.8500E+00     0.0000E+00     0.0000E+00
     4.9500E+00     0.0000E+00     0.0000E+00
&
