@g0 type xy 
@    title "fluence vs position"
@    subtitle "/home/miia/EGSnrc/egs_home/egs_chamber/anodeXRayWPbPort_egs_"
@    legend on
@    legend box linestyle 0
@    legend x1 0.6
@    legend y1 0.75
@    view xmin 0.250000
@    xaxis  label "Y /cm"
@    timestamp on
@    yaxis  label "fluence/incident particle /cm\\S-2\\N"
@    s0 on
@    legend string  0 "IQ =2  NO LATCH CHECK"
@TYPE xydy
@    s0 errorbar length 0.000000
@    s0 symbol color 1
    -4.9500E+00     0.0000E+00     0.0000E+00
    -4.8500E+00     0.0000E+00     0.0000E+00
    -4.7500E+00     0.0000E+00     0.0000E+00
    -4.6500E+00     0.0000E+00     0.0000E+00
    -4.5500E+00     0.0000E+00     0.0000E+00
    -4.4500E+00     0.0000E+00     0.0000E+00
    -4.3500E+00     0.0000E+00     0.0000E+00
    -4.2500E+00     0.0000E+00     0.0000E+00
    -4.1500E+00     0.0000E+00     0.0000E+00
    -4.0500E+00     0.0000E+00     0.0000E+00
    -3.9500E+00     0.0000E+00     0.0000E+00
    -3.8500E+00     0.0000E+00     0.0000E+00
    -3.7500E+00     0.0000E+00     0.0000E+00
    -3.6500E+00     0.0000E+00     0.0000E+00
    -3.5500E+00     0.0000E+00     0.0000E+00
    -3.4500E+00     6.5895E-10     2.8131E-11
    -3.3500E+00     6.1675E-10     2.7072E-11
    -3.2500E+00     6.5362E-10     2.7856E-11
    -3.1500E+00     5.4852E-10     2.5184E-11
    -3.0500E+00     5.2584E-10     2.4484E-11
    -2.9500E+00     5.4628E-10     2.5004E-11
    -2.8500E+00     7.2210E-09     9.8561E-11
    -2.7500E+00     3.5344E-08     2.1761E-10
    -2.6500E+00     5.4252E-08     2.6657E-10
    -2.5500E+00     7.0673E-08     3.0100E-10
    -2.4500E+00     8.7075E-08     3.3088E-10
    -2.3500E+00     1.0373E-07     3.5702E-10
    -2.2500E+00     1.1963E-07     3.7864E-10
    -2.1500E+00     1.3620E-07     3.9866E-10
    -2.0500E+00     1.5288E-07     4.1870E-10
    -1.9500E+00     1.7024E-07     4.3726E-10
    -1.8500E+00     1.8708E-07     4.5432E-10
    -1.7500E+00     2.0359E-07     4.6944E-10
    -1.6500E+00     2.2230E-07     4.8601E-10
    -1.5500E+00     2.4238E-07     5.0232E-10
    -1.4500E+00     2.6368E-07     5.1893E-10
    -1.3500E+00     9.1927E-07     8.7022E-10
    -1.2500E+00     1.7810E-06     1.1811E-09
    -1.1500E+00     2.2714E-06     1.3246E-09
    -1.0500E+00     2.6043E-06     1.4121E-09
    -9.5000E-01     2.8568E-06     1.4749E-09
    -8.5000E-01     3.0516E-06     1.5206E-09
    -7.5000E-01     3.2112E-06     1.5570E-09
    -6.5000E-01     3.3449E-06     1.5862E-09
    -5.5000E-01     3.4545E-06     1.6097E-09
    -4.5000E-01     3.5538E-06     1.6306E-09
    -3.5000E-01     3.6302E-06     1.6465E-09
    -2.5000E-01     3.7020E-06     1.6616E-09
    -1.5000E-01     3.7512E-06     1.6713E-09
    -5.0000E-02     3.7997E-06     1.6814E-09
     5.0000E-02     3.8361E-06     1.6887E-09
     1.5000E-01     3.8644E-06     1.6950E-09
     2.5000E-01     3.8784E-06     1.6982E-09
     3.5000E-01     3.8915E-06     1.7012E-09
     4.5000E-01     3.8958E-06     1.7029E-09
     5.5000E-01     3.8911E-06     1.7028E-09
     6.5000E-01     3.8759E-06     1.7008E-09
     7.5000E-01     3.8623E-06     1.6994E-09
     8.5000E-01     3.8378E-06     1.6958E-09
     9.5000E-01     3.8038E-06     1.6902E-09
     1.0500E+00     3.7676E-06     1.6844E-09
     1.1500E+00     3.7224E-06     1.6769E-09
     1.2500E+00     3.6761E-06     1.6693E-09
     1.3500E+00     3.6159E-06     1.6587E-09
     1.4500E+00     3.5501E-06     1.6463E-09
     1.5500E+00     3.4849E-06     1.6346E-09
     1.6500E+00     3.2237E-06     1.5765E-09
     1.7500E+00     3.8291E-07     5.8684E-10
     1.8500E+00     2.3528E-07     4.7987E-10
     1.9500E+00     2.0225E-07     4.5015E-10
     2.0500E+00     1.7466E-07     4.2373E-10
     2.1500E+00     1.4990E-07     3.9656E-10
     2.2500E+00     1.2852E-07     3.7205E-10
     2.3500E+00     1.0906E-07     3.4641E-10
     2.4500E+00     9.2036E-08     3.2065E-10
     2.5500E+00     7.5142E-08     2.9134E-10
     2.6500E+00     5.9901E-08     2.6091E-10
     2.7500E+00     4.3448E-08     2.2194E-10
     2.8500E+00     2.1964E-08     1.4721E-10
     2.9500E+00     1.8925E-08     1.2958E-10
     3.0500E+00     2.1918E-08     1.3950E-10
     3.1500E+00     2.6210E-08     1.5281E-10
     3.2500E+00     3.2159E-08     1.6956E-10
     3.3500E+00     4.1202E-08     1.9277E-10
     3.4500E+00     4.8591E-08     2.1002E-10
     3.5500E+00     2.0633E-12     2.0631E-12
     3.6500E+00     0.0000E+00     0.0000E+00
     3.7500E+00     0.0000E+00     0.0000E+00
     3.8500E+00     0.0000E+00     0.0000E+00
     3.9500E+00     0.0000E+00     0.0000E+00
     4.0500E+00     0.0000E+00     0.0000E+00
     4.1500E+00     0.0000E+00     0.0000E+00
     4.2500E+00     0.0000E+00     0.0000E+00
     4.3500E+00     0.0000E+00     0.0000E+00
     4.4500E+00     0.0000E+00     0.0000E+00
     4.5500E+00     0.0000E+00     0.0000E+00
     4.6500E+00     0.0000E+00     0.0000E+00
     4.7500E+00     0.0000E+00     0.0000E+00
     4.8500E+00     0.0000E+00     0.0000E+00
     4.9500E+00     0.0000E+00     0.0000E+00
&
