@g0 type xy 
@    title "fluence vs position"
@    subtitle "/home/miia/EGSnrc/egs_home/egs_chamber/anodeXRayWPbPort_egs_"
@    legend on
@    legend box linestyle 0
@    legend x1 0.6
@    legend y1 0.75
@    view xmin 0.250000
@    xaxis  label "X /cm"
@    timestamp on
@    yaxis  label "fluence/incident particle /cm\\S-2\\N"
@    s0 on
@    legend string  0 "IQ =2  NO LATCH CHECK"
@TYPE xydy
@    s0 errorbar length 0.000000
@    s0 symbol color 1
    -4.9500E+00     0.0000E+00     0.0000E+00
    -4.8500E+00     0.0000E+00     0.0000E+00
    -4.7500E+00     0.0000E+00     0.0000E+00
    -4.6500E+00     0.0000E+00     0.0000E+00
    -4.5500E+00     0.0000E+00     0.0000E+00
    -4.4500E+00     0.0000E+00     0.0000E+00
    -4.3500E+00     0.0000E+00     0.0000E+00
    -4.2500E+00     0.0000E+00     0.0000E+00
    -4.1500E+00     0.0000E+00     0.0000E+00
    -4.0500E+00     0.0000E+00     0.0000E+00
    -3.9500E+00     0.0000E+00     0.0000E+00
    -3.8500E+00     0.0000E+00     0.0000E+00
    -3.7500E+00     0.0000E+00     0.0000E+00
    -3.6500E+00     0.0000E+00     0.0000E+00
    -3.5500E+00     0.0000E+00     0.0000E+00
    -3.4500E+00     3.3919E-08     1.7429E-10
    -3.3500E+00     2.7904E-08     1.5738E-10
    -3.2500E+00     2.0395E-08     1.3455E-10
    -3.1500E+00     1.4946E-08     1.1582E-10
    -3.0500E+00     1.1863E-08     1.0336E-10
    -2.9500E+00     9.9663E-09     9.4185E-11
    -2.8500E+00     1.4352E-08     1.2392E-10
    -2.7500E+00     3.8008E-08     2.1657E-10
    -2.6500E+00     5.5319E-08     2.5963E-10
    -2.5500E+00     7.0685E-08     2.9226E-10
    -2.4500E+00     8.6034E-08     3.1890E-10
    -2.3500E+00     1.0223E-07     3.4379E-10
    -2.2500E+00     1.2083E-07     3.7022E-10
    -2.1500E+00     1.4021E-07     3.9386E-10
    -2.0500E+00     1.6186E-07     4.1807E-10
    -1.9500E+00     1.8628E-07     4.4301E-10
    -1.8500E+00     2.1330E-07     4.6800E-10
    -1.7500E+00     4.9859E-07     6.6084E-10
    -1.6500E+00     2.4634E-06     1.3838E-09
    -1.5500E+00     2.8464E-06     1.4814E-09
    -1.4500E+00     2.9085E-06     1.4945E-09
    -1.3500E+00     2.9625E-06     1.5052E-09
    -1.2500E+00     3.0170E-06     1.5161E-09
    -1.1500E+00     3.0640E-06     1.5254E-09
    -1.0500E+00     3.1086E-06     1.5344E-09
    -9.5000E-01     3.1454E-06     1.5412E-09
    -8.5000E-01     3.1797E-06     1.5476E-09
    -7.5000E-01     3.2125E-06     1.5541E-09
    -6.5000E-01     3.2434E-06     1.5596E-09
    -5.5000E-01     3.2653E-06     1.5636E-09
    -4.5000E-01     3.2840E-06     1.5669E-09
    -3.5000E-01     3.3011E-06     1.5700E-09
    -2.5000E-01     3.3084E-06     1.5714E-09
    -1.5000E-01     3.3202E-06     1.5736E-09
    -5.0000E-02     3.3247E-06     1.5746E-09
     5.0000E-02     3.3260E-06     1.5753E-09
     1.5000E-01     3.3203E-06     1.5736E-09
     2.5000E-01     3.3125E-06     1.5724E-09
     3.5000E-01     3.3014E-06     1.5703E-09
     4.5000E-01     3.2859E-06     1.5675E-09
     5.5000E-01     3.2656E-06     1.5638E-09
     6.5000E-01     3.2395E-06     1.5587E-09
     7.5000E-01     3.2121E-06     1.5538E-09
     8.5000E-01     3.1825E-06     1.5481E-09
     9.5000E-01     3.1450E-06     1.5411E-09
     1.0500E+00     3.1054E-06     1.5334E-09
     1.1500E+00     3.0631E-06     1.5254E-09
     1.2500E+00     3.0169E-06     1.5166E-09
     1.3500E+00     2.9652E-06     1.5062E-09
     1.4500E+00     2.9120E-06     1.4952E-09
     1.5500E+00     2.8479E-06     1.4817E-09
     1.6500E+00     2.4632E-06     1.3838E-09
     1.7500E+00     4.9914E-07     6.6157E-10
     1.8500E+00     2.1326E-07     4.6758E-10
     1.9500E+00     1.8625E-07     4.4315E-10
     2.0500E+00     1.6158E-07     4.1741E-10
     2.1500E+00     1.3983E-07     3.9351E-10
     2.2500E+00     1.2022E-07     3.6883E-10
     2.3500E+00     1.0347E-07     3.4632E-10
     2.4500E+00     8.6727E-08     3.2029E-10
     2.5500E+00     7.0666E-08     2.9182E-10
     2.6500E+00     5.4690E-08     2.5868E-10
     2.7500E+00     3.7640E-08     2.1527E-10
     2.8500E+00     1.4330E-08     1.2359E-10
     2.9500E+00     1.0042E-08     9.4814E-11
     3.0500E+00     1.1773E-08     1.0255E-10
     3.1500E+00     1.4915E-08     1.1571E-10
     3.2500E+00     2.0155E-08     1.3380E-10
     3.3500E+00     2.8453E-08     1.5877E-10
     3.4500E+00     3.4245E-08     1.7505E-10
     3.5500E+00     1.3870E-12     1.3868E-12
     3.6500E+00     0.0000E+00     0.0000E+00
     3.7500E+00     0.0000E+00     0.0000E+00
     3.8500E+00     0.0000E+00     0.0000E+00
     3.9500E+00     0.0000E+00     0.0000E+00
     4.0500E+00     0.0000E+00     0.0000E+00
     4.1500E+00     0.0000E+00     0.0000E+00
     4.2500E+00     0.0000E+00     0.0000E+00
     4.3500E+00     0.0000E+00     0.0000E+00
     4.4500E+00     0.0000E+00     0.0000E+00
     4.5500E+00     0.0000E+00     0.0000E+00
     4.6500E+00     0.0000E+00     0.0000E+00
     4.7500E+00     0.0000E+00     0.0000E+00
     4.8500E+00     0.0000E+00     0.0000E+00
     4.9500E+00     0.0000E+00     0.0000E+00
&
