@g0 type xy 
@    title "mean energy distribution"
@    subtitle "/home/miia/EGSnrc/egs_home/egs_chamber/anodeXRayWPbPort_egs_"
@    legend on
@    legend box linestyle 0
@    legend x1 0.6
@    legend y1 0.75
@    view xmin 0.250000
@    xaxis  label "X /cm"
@    timestamp on
@    yaxis  label "mean energy /MeV"
@    s0 on
@    legend string  0 "IQ =2  NO LATCH CHECK"
@TYPE xydy
@    s0 errorbar length 0.000000
@    s0 symbol color 1
    -4.9500E+00     0.0000E+00     0.0000E+00
    -4.8500E+00     0.0000E+00     0.0000E+00
    -4.7500E+00     0.0000E+00     0.0000E+00
    -4.6500E+00     0.0000E+00     0.0000E+00
    -4.5500E+00     0.0000E+00     0.0000E+00
    -4.4500E+00     0.0000E+00     0.0000E+00
    -4.3500E+00     0.0000E+00     0.0000E+00
    -4.2500E+00     0.0000E+00     0.0000E+00
    -4.1500E+00     0.0000E+00     0.0000E+00
    -4.0500E+00     0.0000E+00     0.0000E+00
    -3.9500E+00     0.0000E+00     0.0000E+00
    -3.8500E+00     0.0000E+00     0.0000E+00
    -3.7500E+00     0.0000E+00     0.0000E+00
    -3.6500E+00     0.0000E+00     0.0000E+00
    -3.5500E+00     0.0000E+00     0.0000E+00
    -3.4500E+00     7.8137E-02     7.8881E-05
    -3.3500E+00     7.8227E-02     1.1883E-04
    -3.2500E+00     7.8076E-02     1.0571E-04
    -3.1500E+00     7.8068E-02     1.4029E-04
    -3.0500E+00     7.7822E-02     1.4139E-04
    -2.9500E+00     7.7960E-02     1.4188E-04
    -2.8500E+00     6.9523E-02     3.6227E-04
    -2.7500E+00     5.7410E-02     3.0215E-04
    -2.6500E+00     5.4687E-02     2.2009E-04
    -2.5500E+00     5.3842E-02     1.8840E-04
    -2.4500E+00     5.2702E-02     1.5660E-04
    -2.3500E+00     5.1961E-02     1.2448E-04
    -2.2500E+00     5.1350E-02     1.1819E-04
    -2.1500E+00     5.0578E-02     9.8731E-05
    -2.0500E+00     5.0298E-02     9.4554E-05
    -1.9500E+00     4.9848E-02     8.9690E-05
    -1.8500E+00     4.9457E-02     7.7608E-05
    -1.7500E+00     5.1452E-02     3.8010E-05
    -1.6500E+00     5.0553E-02     1.1490E-05
    -1.5500E+00     5.0247E-02     1.0318E-05
    -1.4500E+00     5.0196E-02     1.0513E-05
    -1.3500E+00     5.0112E-02     1.0374E-05
    -1.2500E+00     5.0070E-02     1.0141E-05
    -1.1500E+00     5.0044E-02     1.0444E-05
    -1.0500E+00     4.9991E-02     1.0251E-05
    -9.5000E-01     4.9947E-02     1.0011E-05
    -8.5000E-01     4.9904E-02     9.9883E-06
    -7.5000E-01     4.9895E-02     1.0146E-05
    -6.5000E-01     4.9883E-02     9.9333E-06
    -5.5000E-01     4.9865E-02     1.0155E-05
    -4.5000E-01     4.9875E-02     1.0054E-05
    -3.5000E-01     4.9840E-02     9.9530E-06
    -2.5000E-01     4.9832E-02     9.8816E-06
    -1.5000E-01     4.9836E-02     1.0143E-05
    -5.0000E-02     4.9809E-02     1.0019E-05
     5.0000E-02     4.9819E-02     9.9628E-06
     1.5000E-01     4.9827E-02     9.9070E-06
     2.5000E-01     4.9801E-02     9.9153E-06
     3.5000E-01     4.9846E-02     9.9437E-06
     4.5000E-01     4.9837E-02     9.8142E-06
     5.5000E-01     4.9876E-02     1.0183E-05
     6.5000E-01     4.9873E-02     9.7724E-06
     7.5000E-01     4.9909E-02     9.8698E-06
     8.5000E-01     4.9919E-02     1.0056E-05
     9.5000E-01     4.9965E-02     1.0133E-05
     1.0500E+00     4.9992E-02     1.0114E-05
     1.1500E+00     5.0031E-02     1.0007E-05
     1.2500E+00     5.0084E-02     1.0165E-05
     1.3500E+00     5.0143E-02     1.0642E-05
     1.4500E+00     5.0195E-02     1.0951E-05
     1.5500E+00     5.0268E-02     1.0595E-05
     1.6500E+00     5.0561E-02     1.1792E-05
     1.7500E+00     5.1447E-02     3.9868E-05
     1.8500E+00     4.9474E-02     7.7470E-05
     1.9500E+00     4.9715E-02     8.3568E-05
     2.0500E+00     5.0315E-02     1.0015E-04
     2.1500E+00     5.0709E-02     1.0035E-04
     2.2500E+00     5.1350E-02     1.2534E-04
     2.3500E+00     5.1923E-02     1.3739E-04
     2.4500E+00     5.2692E-02     1.5348E-04
     2.5500E+00     5.3785E-02     1.8336E-04
     2.6500E+00     5.5097E-02     2.2571E-04
     2.7500E+00     5.7290E-02     2.9971E-04
     2.8500E+00     6.8903E-02     3.3341E-04
     2.9500E+00     7.7673E-02     1.7290E-04
     3.0500E+00     7.7899E-02     1.7339E-04
     3.1500E+00     7.7769E-02     1.1317E-04
     3.2500E+00     7.8010E-02     1.2161E-04
     3.3500E+00     7.8101E-02     8.5626E-05
     3.4500E+00     7.7955E-02     7.0556E-05
     3.5500E+00     5.7206E-02     5.7200E-02
     3.6500E+00     0.0000E+00     0.0000E+00
     3.7500E+00     0.0000E+00     0.0000E+00
     3.8500E+00     0.0000E+00     0.0000E+00
     3.9500E+00     0.0000E+00     0.0000E+00
     4.0500E+00     0.0000E+00     0.0000E+00
     4.1500E+00     0.0000E+00     0.0000E+00
     4.2500E+00     0.0000E+00     0.0000E+00
     4.3500E+00     0.0000E+00     0.0000E+00
     4.4500E+00     0.0000E+00     0.0000E+00
     4.5500E+00     0.0000E+00     0.0000E+00
     4.6500E+00     0.0000E+00     0.0000E+00
     4.7500E+00     0.0000E+00     0.0000E+00
     4.8500E+00     0.0000E+00     0.0000E+00
     4.9500E+00     0.0000E+00     0.0000E+00
&
