@g0 type xy 
@    title "mean energy distribution"
@    subtitle "/home/miia/EGSnrc/egs_home/egs_chamber/anodeXRayWPbPort_egs_"
@    legend on
@    legend box linestyle 0
@    legend x1 0.6
@    legend y1 0.75
@    view xmin 0.250000
@    xaxis  label "Y /cm"
@    timestamp on
@    yaxis  label "mean energy /MeV"
@    s0 on
@    legend string  0 "IQ =2  NO LATCH CHECK"
@TYPE xydy
@    s0 errorbar length 0.000000
@    s0 symbol color 1
    -4.9500E+00     0.0000E+00     0.0000E+00
    -4.8500E+00     0.0000E+00     0.0000E+00
    -4.7500E+00     0.0000E+00     0.0000E+00
    -4.6500E+00     0.0000E+00     0.0000E+00
    -4.5500E+00     0.0000E+00     0.0000E+00
    -4.4500E+00     0.0000E+00     0.0000E+00
    -4.3500E+00     0.0000E+00     0.0000E+00
    -4.2500E+00     0.0000E+00     0.0000E+00
    -4.1500E+00     0.0000E+00     0.0000E+00
    -4.0500E+00     0.0000E+00     0.0000E+00
    -3.9500E+00     0.0000E+00     0.0000E+00
    -3.8500E+00     0.0000E+00     0.0000E+00
    -3.7500E+00     0.0000E+00     0.0000E+00
    -3.6500E+00     0.0000E+00     0.0000E+00
    -3.5500E+00     0.0000E+00     0.0000E+00
    -3.4500E+00     6.2848E-02     6.1824E-04
    -3.3500E+00     6.4883E-02     1.0576E-03
    -3.2500E+00     6.3218E-02     6.4217E-04
    -3.1500E+00     6.6578E-02     1.8441E-03
    -3.0500E+00     6.5463E-02     1.0601E-03
    -2.9500E+00     6.7529E-02     1.2426E-03
    -2.8500E+00     5.5680E-02     7.2484E-04
    -2.7500E+00     5.1835E-02     2.9913E-04
    -2.6500E+00     5.1102E-02     2.1999E-04
    -2.5500E+00     5.0824E-02     2.2237E-04
    -2.4500E+00     5.0814E-02     1.9079E-04
    -2.3500E+00     5.0030E-02     1.4179E-04
    -2.2500E+00     4.9670E-02     1.2588E-04
    -2.1500E+00     4.9737E-02     1.0541E-04
    -2.0500E+00     4.9568E-02     1.0607E-04
    -1.9500E+00     4.9208E-02     8.1724E-05
    -1.8500E+00     4.9131E-02     8.3581E-05
    -1.7500E+00     4.9002E-02     7.4014E-05
    -1.6500E+00     4.8957E-02     7.4209E-05
    -1.5500E+00     4.8780E-02     6.6338E-05
    -1.4500E+00     4.8730E-02     6.4390E-05
    -1.3500E+00     5.5132E-02     2.1475E-05
    -1.2500E+00     5.4604E-02     1.4157E-05
    -1.1500E+00     5.3553E-02     1.2216E-05
    -1.0500E+00     5.2737E-02     1.1055E-05
    -9.5000E-01     5.2132E-02     1.0405E-05
    -8.5000E-01     5.1639E-02     9.8432E-06
    -7.5000E-01     5.1259E-02     9.7786E-06
    -6.5000E-01     5.0937E-02     9.5933E-06
    -5.5000E-01     5.0679E-02     9.4321E-06
    -4.5000E-01     5.0449E-02     9.2833E-06
    -3.5000E-01     5.0258E-02     9.4276E-06
    -2.5000E-01     5.0083E-02     9.4373E-06
    -1.5000E-01     4.9919E-02     9.3383E-06
    -5.0000E-02     4.9781E-02     9.0478E-06
     5.0000E-02     4.9664E-02     9.0810E-06
     1.5000E-01     4.9553E-02     8.9270E-06
     2.5000E-01     4.9455E-02     9.0510E-06
     3.5000E-01     4.9386E-02     8.9084E-06
     4.5000E-01     4.9300E-02     8.8190E-06
     5.5000E-01     4.9251E-02     9.0951E-06
     6.5000E-01     4.9188E-02     9.1042E-06
     7.5000E-01     4.9157E-02     9.1493E-06
     8.5000E-01     4.9120E-02     9.1896E-06
     9.5000E-01     4.9093E-02     9.0419E-06
     1.0500E+00     4.9076E-02     9.2581E-06
     1.1500E+00     4.9049E-02     9.2319E-06
     1.2500E+00     4.9069E-02     9.2884E-06
     1.3500E+00     4.9076E-02     9.5823E-06
     1.4500E+00     4.9067E-02     9.1062E-06
     1.5500E+00     4.9111E-02     9.2477E-06
     1.6500E+00     4.9353E-02     9.6308E-06
     1.7500E+00     5.1886E-02     5.1865E-05
     1.8500E+00     4.9506E-02     7.5334E-05
     1.9500E+00     4.9952E-02     7.9152E-05
     2.0500E+00     5.0634E-02     9.4850E-05
     2.1500E+00     5.1211E-02     9.8048E-05
     2.2500E+00     5.2364E-02     1.2588E-04
     2.3500E+00     5.3104E-02     1.3293E-04
     2.4500E+00     5.3931E-02     1.3986E-04
     2.5500E+00     5.5888E-02     1.7412E-04
     2.6500E+00     5.7497E-02     1.9817E-04
     2.7500E+00     6.0499E-02     2.0846E-04
     2.8500E+00     7.2345E-02     2.6374E-04
     2.9500E+00     7.8334E-02     1.3009E-04
     3.0500E+00     7.7883E-02     9.7995E-05
     3.1500E+00     7.7735E-02     9.1163E-05
     3.2500E+00     7.7704E-02     8.9824E-05
     3.3500E+00     7.7501E-02     8.7528E-05
     3.4500E+00     7.7227E-02     8.3255E-05
     3.5500E+00     5.1361E-01     5.1356E-01
     3.6500E+00     0.0000E+00     0.0000E+00
     3.7500E+00     0.0000E+00     0.0000E+00
     3.8500E+00     0.0000E+00     0.0000E+00
     3.9500E+00     0.0000E+00     0.0000E+00
     4.0500E+00     0.0000E+00     0.0000E+00
     4.1500E+00     0.0000E+00     0.0000E+00
     4.2500E+00     0.0000E+00     0.0000E+00
     4.3500E+00     0.0000E+00     0.0000E+00
     4.4500E+00     0.0000E+00     0.0000E+00
     4.5500E+00     0.0000E+00     0.0000E+00
     4.6500E+00     0.0000E+00     0.0000E+00
     4.7500E+00     0.0000E+00     0.0000E+00
     4.8500E+00     0.0000E+00     0.0000E+00
     4.9500E+00     0.0000E+00     0.0000E+00
&
