@g0 type xy 
@    title "spectral distribution"
@    subtitle "/home/miia/EGSnrc/egs_home/egs_chamber/anodeXRayWPbPort_egs_"
@    legend on
@    legend box linestyle 0
@    legend x1 0.6
@    legend y1 0.75
@    view xmin 0.250000
@    xaxis  label "energy /MeV"
@    timestamp on
@    yaxis  label "planar fluence/MeV/incident particle /cm\\S-2\\N MeV\\S-1\\N"
@    s0 on
@    legend string  0 "IQ =2  NO LATCH CHECK"
@TYPE xydy
@    s0 errorbar length 0.000000
@    s0 symbol color 1
     3.7500E-04     2.9627E-21     0.0000E+00
     1.1250E-03     1.1957E-10     1.1248E-11
     1.8750E-03     3.5975E-11     6.1697E-12
     2.6250E-03     1.0645E-09     3.3594E-11
     3.3750E-03     5.0789E-11     7.3307E-12
     4.1250E-03     2.9627E-11     5.5990E-12
     4.8750E-03     5.0789E-11     7.3307E-12
     5.6250E-03     7.4067E-11     8.8527E-12
     6.3750E-03     1.6972E-09     4.2377E-11
     7.1250E-03     3.4071E-10     1.8987E-11
     7.8750E-03     1.1872E-09     3.5442E-11
     8.6250E-03     3.1849E-10     1.8357E-11
     9.3750E-03     1.7046E-09     4.2469E-11
     1.0125E-02     4.0176E-09     6.5200E-11
     1.0875E-02     3.4077E-08     1.8991E-10
     1.1625E-02     8.5177E-10     3.0021E-11
     1.2375E-02     4.4454E-08     2.1690E-10
     1.3125E-02     5.8693E-09     7.8806E-11
     1.3875E-02     1.3311E-09     3.7529E-11
     1.4625E-02     8.7251E-09     9.6084E-11
     1.5375E-02     1.3476E-08     1.1941E-10
     1.6125E-02     2.6319E-08     1.6688E-10
     1.6875E-02     5.2560E-08     2.3583E-10
     1.7625E-02     9.4606E-08     3.1639E-10
     1.8375E-02     1.5178E-07     4.0075E-10
     1.9125E-02     2.3169E-07     4.9513E-10
     1.9875E-02     3.2803E-07     5.8915E-10
     2.0625E-02     4.4006E-07     6.8237E-10
     2.1375E-02     5.7244E-07     7.7826E-10
     2.2125E-02     7.1247E-07     8.6826E-10
     2.2875E-02     8.5973E-07     9.5377E-10
     2.3625E-02     1.0138E-06     1.0357E-09
     2.4375E-02     1.1659E-06     1.1107E-09
     2.5125E-02     1.3194E-06     1.1816E-09
     2.5875E-02     1.4619E-06     1.2437E-09
     2.6625E-02     1.6053E-06     1.3033E-09
     2.7375E-02     1.7334E-06     1.3543E-09
     2.8125E-02     1.8583E-06     1.4022E-09
     2.8875E-02     1.9680E-06     1.4430E-09
     2.9625E-02     2.0683E-06     1.4794E-09
     3.0375E-02     2.1529E-06     1.5093E-09
     3.1125E-02     2.2375E-06     1.5387E-09
     3.1875E-02     2.3064E-06     1.5622E-09
     3.2625E-02     2.3600E-06     1.5802E-09
     3.3375E-02     2.4122E-06     1.5976E-09
     3.4125E-02     2.4498E-06     1.6100E-09
     3.4875E-02     2.4831E-06     1.6209E-09
     3.5625E-02     2.5073E-06     1.6288E-09
     3.6375E-02     2.5233E-06     1.6340E-09
     3.7125E-02     2.5359E-06     1.6381E-09
     3.7875E-02     2.5421E-06     1.6401E-09
     3.8625E-02     2.5381E-06     1.6388E-09
     3.9375E-02     2.5349E-06     1.6377E-09
     4.0125E-02     2.5251E-06     1.6346E-09
     4.0875E-02     2.5088E-06     1.6293E-09
     4.1625E-02     2.4913E-06     1.6236E-09
     4.2375E-02     2.4755E-06     1.6184E-09
     4.3125E-02     2.4498E-06     1.6100E-09
     4.3875E-02     2.4243E-06     1.6016E-09
     4.4625E-02     2.3986E-06     1.5931E-09
     4.5375E-02     2.3651E-06     1.5819E-09
     4.6125E-02     2.3312E-06     1.5706E-09
     4.6875E-02     2.3020E-06     1.5607E-09
     4.7625E-02     2.2654E-06     1.5482E-09
     4.8375E-02     2.2308E-06     1.5364E-09
     4.9125E-02     2.1945E-06     1.5238E-09
     4.9875E-02     2.1574E-06     1.5109E-09
     5.0625E-02     2.1197E-06     1.4976E-09
     5.1375E-02     2.0813E-06     1.4840E-09
     5.2125E-02     2.0465E-06     1.4715E-09
     5.2875E-02     2.0089E-06     1.4580E-09
     5.3625E-02     1.9833E-06     1.4486E-09
     5.4375E-02     1.9519E-06     1.4371E-09
     5.5125E-02     1.9292E-06     1.4287E-09
     5.5875E-02     1.9085E-06     1.4211E-09
     5.6625E-02     1.8887E-06     1.4136E-09
     5.7375E-02     1.8808E-06     1.4107E-09
     5.8125E-02     3.9885E-06     2.0543E-09
     5.8875E-02     1.7757E-06     1.3707E-09
     5.9625E-02     5.6262E-06     2.4399E-09
     6.0375E-02     1.6113E-06     1.3057E-09
     6.1125E-02     1.7544E-06     1.3625E-09
     6.1875E-02     1.5344E-06     1.2742E-09
     6.2625E-02     1.5013E-06     1.2604E-09
     6.3375E-02     1.4658E-06     1.2454E-09
     6.4125E-02     1.4318E-06     1.2309E-09
     6.4875E-02     1.3993E-06     1.2168E-09
     6.5625E-02     1.3704E-06     1.2042E-09
     6.6375E-02     1.3375E-06     1.1896E-09
     6.7125E-02     2.6739E-06     1.6820E-09
     6.7875E-02     1.2640E-06     1.1565E-09
     6.8625E-02     1.2284E-06     1.1401E-09
     6.9375E-02     1.5726E-06     1.2899E-09
     7.0125E-02     9.8355E-07     1.0201E-09
     7.0875E-02     9.6590E-07     1.0110E-09
     7.1625E-02     9.3283E-07     9.9349E-10
     7.2375E-02     9.0265E-07     9.7729E-10
     7.3125E-02     8.8408E-07     9.6718E-10
     7.3875E-02     8.5433E-07     9.5077E-10
     7.4625E-02     8.4257E-07     9.4421E-10
     7.5375E-02     8.0556E-07     9.2324E-10
     7.6125E-02     7.8138E-07     9.0928E-10
     7.6875E-02     7.5737E-07     8.9519E-10
     7.7625E-02     7.3447E-07     8.8156E-10
     7.8375E-02     7.0939E-07     8.6637E-10
     7.9125E-02     6.8603E-07     8.5199E-10
     7.9875E-02     6.6254E-07     8.3728E-10
     8.0625E-02     6.3689E-07     8.2091E-10
     8.1375E-02     6.1353E-07     8.0572E-10
     8.2125E-02     5.8955E-07     7.8981E-10
     8.2875E-02     5.6581E-07     7.7375E-10
     8.3625E-02     5.4350E-07     7.5834E-10
     8.4375E-02     5.1898E-07     7.4103E-10
     8.5125E-02     4.9648E-07     7.2479E-10
     8.5875E-02     4.6985E-07     7.0509E-10
     8.6625E-02     4.4406E-07     6.8546E-10
     8.7375E-02     4.2303E-07     6.6904E-10
     8.8125E-02     3.8263E-07     6.3629E-10
     8.8875E-02     3.5435E-07     6.1232E-10
     8.9625E-02     3.2954E-07     5.9050E-10
     9.0375E-02     3.0539E-07     5.6845E-10
     9.1125E-02     2.8040E-07     5.4470E-10
     9.1875E-02     2.5510E-07     5.1954E-10
     9.2625E-02     2.3186E-07     4.9531E-10
     9.3375E-02     2.0590E-07     4.6676E-10
     9.4125E-02     1.8121E-07     4.3788E-10
     9.4875E-02     1.5838E-07     4.0936E-10
     9.5625E-02     1.3366E-07     3.7606E-10
     9.6375E-02     1.0955E-07     3.4047E-10
     9.7125E-02     8.5781E-08     3.0127E-10
     9.7875E-02     6.2701E-08     2.5757E-10
     9.8625E-02     4.0041E-08     2.0583E-10
     9.9375E-02     1.7533E-08     1.3620E-10
     1.0012E-01     1.1565E-09     3.4981E-11
     1.0087E-01     2.9627E-21     0.0000E+00
     1.0162E-01     2.9627E-21     0.0000E+00
     1.0237E-01     2.9627E-21     0.0000E+00
     1.0312E-01     2.9627E-21     0.0000E+00
     1.0387E-01     2.9627E-21     0.0000E+00
     1.0462E-01     2.9627E-21     0.0000E+00
     1.0537E-01     2.9627E-21     0.0000E+00
     1.0612E-01     2.9627E-21     0.0000E+00
     1.0687E-01     2.9627E-21     0.0000E+00
     1.0762E-01     2.9627E-21     0.0000E+00
     1.0837E-01     2.9627E-21     0.0000E+00
     1.0912E-01     2.9627E-21     0.0000E+00
     1.0988E-01     2.9627E-21     0.0000E+00
     1.1063E-01     2.9627E-21     0.0000E+00
     1.1138E-01     2.9627E-21     0.0000E+00
     1.1213E-01     2.9627E-21     0.0000E+00
     1.1288E-01     2.9627E-21     0.0000E+00
     1.1363E-01     2.9627E-21     0.0000E+00
     1.1438E-01     2.9627E-21     0.0000E+00
     1.1512E-01     2.9627E-21     0.0000E+00
     1.1588E-01     2.9627E-21     0.0000E+00
     1.1663E-01     2.9627E-21     0.0000E+00
     1.1738E-01     2.9627E-21     0.0000E+00
     1.1813E-01     2.9627E-21     0.0000E+00
     1.1887E-01     2.9627E-21     0.0000E+00
     1.1962E-01     2.9627E-21     0.0000E+00
     1.2037E-01     2.9627E-21     0.0000E+00
     1.2112E-01     2.9627E-21     0.0000E+00
     1.2187E-01     2.9627E-21     0.0000E+00
     1.2262E-01     2.9627E-21     0.0000E+00
     1.2337E-01     2.9627E-21     0.0000E+00
     1.2412E-01     2.9627E-21     0.0000E+00
     1.2487E-01     2.9627E-21     0.0000E+00
     1.2562E-01     2.9627E-21     0.0000E+00
     1.2638E-01     2.9627E-21     0.0000E+00
     1.2712E-01     2.9627E-21     0.0000E+00
     1.2788E-01     2.9627E-21     0.0000E+00
     1.2862E-01     2.9627E-21     0.0000E+00
     1.2938E-01     2.9627E-21     0.0000E+00
     1.3012E-01     2.9627E-21     0.0000E+00
     1.3087E-01     2.9627E-21     0.0000E+00
     1.3162E-01     2.9627E-21     0.0000E+00
     1.3238E-01     2.9627E-21     0.0000E+00
     1.3312E-01     2.9627E-21     0.0000E+00
     1.3387E-01     2.9627E-21     0.0000E+00
     1.3462E-01     2.9627E-21     0.0000E+00
     1.3537E-01     2.9627E-21     0.0000E+00
     1.3612E-01     2.9627E-21     0.0000E+00
     1.3687E-01     2.9627E-21     0.0000E+00
     1.3762E-01     2.9627E-21     0.0000E+00
     1.3837E-01     2.9627E-21     0.0000E+00
     1.3912E-01     2.9627E-21     0.0000E+00
     1.3987E-01     2.9627E-21     0.0000E+00
     1.4062E-01     2.9627E-21     0.0000E+00
     1.4137E-01     2.9627E-21     0.0000E+00
     1.4213E-01     2.9627E-21     0.0000E+00
     1.4287E-01     2.9627E-21     0.0000E+00
     1.4363E-01     2.9627E-21     0.0000E+00
     1.4437E-01     2.9627E-21     0.0000E+00
     1.4513E-01     2.9627E-21     0.0000E+00
     1.4587E-01     2.9627E-21     0.0000E+00
     1.4663E-01     2.9627E-21     0.0000E+00
     1.4737E-01     2.9627E-21     0.0000E+00
     1.4813E-01     2.9627E-21     0.0000E+00
     1.4887E-01     2.9627E-21     0.0000E+00
     1.4963E-01     2.9627E-21     0.0000E+00
&
