@g0 type xy 
@    title "spectral distribution"
@    subtitle "/home/miia/EGSnrc/egs_home/egs_chamber/anodeXRayWPbPort_egs_"
@    legend on
@    legend box linestyle 0
@    legend x1 0.6
@    legend y1 0.75
@    view xmin 0.250000
@    xaxis  label "energy /MeV"
@    timestamp on
@    yaxis  label "fluence/MeV/incident particle /cm\\S-2\\N MeV\\S-1\\N"
@    s0 on
@    legend string  0 "IQ =2  NO LATCH CHECK"
@TYPE xydy
@    s0 errorbar length 0.000000
@    s0 symbol color 1
     3.7500E-04     5.3879E-21     0.0000E+00
     1.1250E-03     1.4806E-10     1.4194E-11
     1.8750E-03     5.6326E-11     1.0216E-11
     2.6250E-03     1.9211E-09     7.3780E-11
     3.3750E-03     8.8979E-11     1.6184E-11
     4.1250E-03     5.3879E-11     1.0820E-11
     4.8750E-03     8.1280E-11     1.2326E-11
     5.6250E-03     1.0745E-10     1.3510E-11
     6.3750E-03     2.2764E-09     5.9565E-11
     7.1250E-03     4.7409E-10     2.7899E-11
     7.8750E-03     1.6371E-09     5.1987E-11
     8.6250E-03     4.5466E-10     2.7125E-11
     9.3750E-03     3.1675E-09     9.2210E-11
     1.0125E-02     7.6311E-09     1.4791E-10
     1.0875E-02     6.3998E-08     4.2296E-10
     1.1625E-02     1.5208E-09     6.2055E-11
     1.2375E-02     8.3565E-08     4.8875E-10
     1.3125E-02     1.0675E-08     1.7147E-10
     1.3875E-02     1.4419E-09     4.1892E-11
     1.4625E-02     1.2911E-08     1.7115E-10
     1.5375E-02     1.5863E-08     1.5721E-10
     1.6125E-02     2.7678E-08     1.7650E-10
     1.6875E-02     5.5257E-08     2.4908E-10
     1.7625E-02     9.9471E-08     3.3414E-10
     1.8375E-02     1.5962E-07     4.2348E-10
     1.9125E-02     2.4385E-07     5.2350E-10
     1.9875E-02     3.4548E-07     6.2352E-10
     2.0625E-02     4.6349E-07     7.2242E-10
     2.1375E-02     6.0330E-07     8.2456E-10
     2.2125E-02     7.5128E-07     9.2039E-10
     2.2875E-02     9.0665E-07     1.0112E-09
     2.3625E-02     1.0695E-06     1.0989E-09
     2.4375E-02     1.2303E-06     1.1787E-09
     2.5125E-02     1.3927E-06     1.2545E-09
     2.5875E-02     1.5432E-06     1.3204E-09
     2.6625E-02     1.6948E-06     1.3842E-09
     2.7375E-02     1.8305E-06     1.4387E-09
     2.8125E-02     1.9625E-06     1.4901E-09
     2.8875E-02     2.0784E-06     1.5335E-09
     2.9625E-02     2.1847E-06     1.5725E-09
     3.0375E-02     2.2740E-06     1.6043E-09
     3.1125E-02     2.3636E-06     1.6359E-09
     3.1875E-02     2.4365E-06     1.6610E-09
     3.2625E-02     2.4935E-06     1.6808E-09
     3.3375E-02     2.5487E-06     1.6992E-09
     3.4125E-02     2.5883E-06     1.7123E-09
     3.4875E-02     2.6237E-06     1.7244E-09
     3.5625E-02     2.6491E-06     1.7326E-09
     3.6375E-02     2.6665E-06     1.7385E-09
     3.7125E-02     2.6794E-06     1.7424E-09
     3.7875E-02     2.6857E-06     1.7444E-09
     3.8625E-02     2.6814E-06     1.7431E-09
     3.9375E-02     2.6787E-06     1.7427E-09
     4.0125E-02     2.6683E-06     1.7393E-09
     4.0875E-02     2.6512E-06     1.7337E-09
     4.1625E-02     2.6327E-06     1.7278E-09
     4.2375E-02     2.6161E-06     1.7224E-09
     4.3125E-02     2.5889E-06     1.7135E-09
     4.3875E-02     2.5621E-06     1.7047E-09
     4.4625E-02     2.5352E-06     1.6960E-09
     4.5375E-02     2.4995E-06     1.6838E-09
     4.6125E-02     2.4638E-06     1.6716E-09
     4.6875E-02     2.4329E-06     1.6614E-09
     4.7625E-02     2.3935E-06     1.6476E-09
     4.8375E-02     2.3566E-06     1.6346E-09
     4.9125E-02     2.3185E-06     1.6212E-09
     4.9875E-02     2.2794E-06     1.6077E-09
     5.0625E-02     2.2393E-06     1.5936E-09
     5.1375E-02     2.1996E-06     1.5799E-09
     5.2125E-02     2.1644E-06     1.5684E-09
     5.2875E-02     2.1277E-06     1.5571E-09
     5.3625E-02     2.1055E-06     1.5518E-09
     5.4375E-02     2.0762E-06     1.5427E-09
     5.5125E-02     2.0558E-06     1.5367E-09
     5.5875E-02     2.0355E-06     1.5291E-09
     5.6625E-02     2.0135E-06     1.5197E-09
     5.7375E-02     2.0012E-06     1.5124E-09
     5.8125E-02     4.1606E-06     2.1511E-09
     5.8875E-02     1.8770E-06     1.4586E-09
     5.9625E-02     5.8321E-06     2.5359E-09
     6.0375E-02     1.7004E-06     1.3879E-09
     6.1125E-02     1.8472E-06     1.4441E-09
     6.1875E-02     1.6200E-06     1.3550E-09
     6.2625E-02     1.5855E-06     1.3404E-09
     6.3375E-02     1.5481E-06     1.3247E-09
     6.4125E-02     1.5122E-06     1.3088E-09
     6.4875E-02     1.4772E-06     1.2930E-09
     6.5625E-02     1.4454E-06     1.2780E-09
     6.6375E-02     1.4087E-06     1.2604E-09
     6.7125E-02     2.7808E-06     1.7548E-09
     6.7875E-02     1.3280E-06     1.2218E-09
     6.8625E-02     1.2899E-06     1.2038E-09
     6.9375E-02     1.6428E-06     1.3534E-09
     7.0125E-02     1.0356E-06     1.0807E-09
     7.0875E-02     1.0167E-06     1.0706E-09
     7.1625E-02     9.8175E-07     1.0517E-09
     7.2375E-02     9.4987E-07     1.0344E-09
     7.3125E-02     9.3345E-07     1.0295E-09
     7.3875E-02     8.9890E-07     1.0061E-09
     7.4625E-02     8.9182E-07     1.0085E-09
     7.5375E-02     8.4725E-07     9.7637E-10
     7.6125E-02     8.2164E-07     9.6131E-10
     7.6875E-02     7.9618E-07     9.4607E-10
     7.7625E-02     7.7188E-07     9.3124E-10
     7.8375E-02     7.4520E-07     9.1459E-10
     7.9125E-02     7.2062E-07     8.9941E-10
     7.9875E-02     6.9589E-07     8.8376E-10
     8.0625E-02     6.6841E-07     8.6538E-10
     8.1375E-02     6.4369E-07     8.4905E-10
     8.2125E-02     6.1832E-07     8.3177E-10
     8.2875E-02     5.9322E-07     8.1458E-10
     8.3625E-02     5.6949E-07     7.9768E-10
     8.4375E-02     5.4448E-07     7.8086E-10
     8.5125E-02     5.2133E-07     7.6492E-10
     8.5875E-02     4.9151E-07     7.3991E-10
     8.6625E-02     4.6417E-07     7.1855E-10
     8.7375E-02     4.4267E-07     7.0260E-10
     8.8125E-02     3.9907E-07     6.6536E-10
     8.8875E-02     3.6895E-07     6.3894E-10
     8.9625E-02     3.4282E-07     6.1550E-10
     9.0375E-02     3.1752E-07     5.9210E-10
     9.1125E-02     2.9135E-07     5.6704E-10
     9.1875E-02     2.6490E-07     5.4035E-10
     9.2625E-02     2.4059E-07     5.1470E-10
     9.3375E-02     2.1355E-07     4.8474E-10
     9.4125E-02     1.8781E-07     4.5437E-10
     9.4875E-02     1.6407E-07     4.2458E-10
     9.5625E-02     1.3838E-07     3.8977E-10
     9.6375E-02     1.1337E-07     3.5269E-10
     9.7125E-02     8.8766E-08     3.1207E-10
     9.7875E-02     6.4849E-08     2.6664E-10
     9.8625E-02     4.1409E-08     2.1306E-10
     9.9375E-02     1.8127E-08     1.4095E-10
     1.0012E-01     1.1958E-09     3.6203E-11
     1.0087E-01     5.3879E-21     0.0000E+00
     1.0162E-01     5.3879E-21     0.0000E+00
     1.0237E-01     5.3879E-21     0.0000E+00
     1.0312E-01     5.3879E-21     0.0000E+00
     1.0387E-01     5.3879E-21     0.0000E+00
     1.0462E-01     5.3879E-21     0.0000E+00
     1.0537E-01     5.3879E-21     0.0000E+00
     1.0612E-01     5.3879E-21     0.0000E+00
     1.0687E-01     5.3879E-21     0.0000E+00
     1.0762E-01     5.3879E-21     0.0000E+00
     1.0837E-01     5.3879E-21     0.0000E+00
     1.0912E-01     5.3879E-21     0.0000E+00
     1.0988E-01     5.3879E-21     0.0000E+00
     1.1063E-01     5.3879E-21     0.0000E+00
     1.1138E-01     5.3879E-21     0.0000E+00
     1.1213E-01     5.3879E-21     0.0000E+00
     1.1288E-01     5.3879E-21     0.0000E+00
     1.1363E-01     5.3879E-21     0.0000E+00
     1.1438E-01     5.3879E-21     0.0000E+00
     1.1512E-01     5.3879E-21     0.0000E+00
     1.1588E-01     5.3879E-21     0.0000E+00
     1.1663E-01     5.3879E-21     0.0000E+00
     1.1738E-01     5.3879E-21     0.0000E+00
     1.1813E-01     5.3879E-21     0.0000E+00
     1.1887E-01     5.3879E-21     0.0000E+00
     1.1962E-01     5.3879E-21     0.0000E+00
     1.2037E-01     5.3879E-21     0.0000E+00
     1.2112E-01     5.3879E-21     0.0000E+00
     1.2187E-01     5.3879E-21     0.0000E+00
     1.2262E-01     5.3879E-21     0.0000E+00
     1.2337E-01     5.3879E-21     0.0000E+00
     1.2412E-01     5.3879E-21     0.0000E+00
     1.2487E-01     5.3879E-21     0.0000E+00
     1.2562E-01     5.3879E-21     0.0000E+00
     1.2638E-01     5.3879E-21     0.0000E+00
     1.2712E-01     5.3879E-21     0.0000E+00
     1.2788E-01     5.3879E-21     0.0000E+00
     1.2862E-01     5.3879E-21     0.0000E+00
     1.2938E-01     5.3879E-21     0.0000E+00
     1.3012E-01     5.3879E-21     0.0000E+00
     1.3087E-01     5.3879E-21     0.0000E+00
     1.3162E-01     5.3879E-21     0.0000E+00
     1.3238E-01     5.3879E-21     0.0000E+00
     1.3312E-01     5.3879E-21     0.0000E+00
     1.3387E-01     5.3879E-21     0.0000E+00
     1.3462E-01     5.3879E-21     0.0000E+00
     1.3537E-01     5.3879E-21     0.0000E+00
     1.3612E-01     5.3879E-21     0.0000E+00
     1.3687E-01     5.3879E-21     0.0000E+00
     1.3762E-01     5.3879E-21     0.0000E+00
     1.3837E-01     5.3879E-21     0.0000E+00
     1.3912E-01     5.3879E-21     0.0000E+00
     1.3987E-01     5.3879E-21     0.0000E+00
     1.4062E-01     5.3879E-21     0.0000E+00
     1.4137E-01     5.3879E-21     0.0000E+00
     1.4213E-01     5.3879E-21     0.0000E+00
     1.4287E-01     5.3879E-21     0.0000E+00
     1.4363E-01     5.3879E-21     0.0000E+00
     1.4437E-01     5.3879E-21     0.0000E+00
     1.4513E-01     5.3879E-21     0.0000E+00
     1.4587E-01     5.3879E-21     0.0000E+00
     1.4663E-01     5.3879E-21     0.0000E+00
     1.4737E-01     5.3879E-21     0.0000E+00
     1.4813E-01     5.3879E-21     0.0000E+00
     1.4887E-01     5.3879E-21     0.0000E+00
     1.4963E-01     5.3879E-21     0.0000E+00
&
