@g0 type logx 
@    xaxis  ticklabel format exponential
@    title "weight distribution"
@    subtitle "/home/miia/EGSnrc/egs_home/egs_chamber/anodeXRayWPbPort_egs_"
@    legend on
@    legend box linestyle 0
@    legend x1 0.6
@    legend y1 0.75
@    view xmin 0.250000
@    xaxis  label "weight"
@    timestamp on
@    yaxis  label "particles/bin(equal width)/incident particle"
@    s0 on
@    legend string  0 "IQ =2  NO LATCH CHECK"
@TYPE xydy
@    s0 errorbar length 0.000000
@    s0 symbol color 1
     1.0176E-01     1.0381E-14     0.0000E+00
     1.0533E-01     1.0381E-14     0.0000E+00
     1.0903E-01     1.0381E-14     0.0000E+00
     1.1287E-01     1.0381E-14     0.0000E+00
     1.1683E-01     1.0381E-14     0.0000E+00
     1.2094E-01     1.0381E-14     0.0000E+00
     1.2519E-01     1.0381E-14     0.0000E+00
     1.2959E-01     1.0381E-14     0.0000E+00
     1.3414E-01     1.0381E-14     0.0000E+00
     1.3886E-01     1.0381E-14     0.0000E+00
     1.4374E-01     1.0381E-14     0.0000E+00
     1.4879E-01     1.0381E-14     0.0000E+00
     1.5402E-01     1.0381E-14     0.0000E+00
     1.5943E-01     1.0381E-14     0.0000E+00
     1.6503E-01     1.0381E-14     0.0000E+00
     1.7083E-01     1.0381E-14     0.0000E+00
     1.7683E-01     1.0381E-14     0.0000E+00
     1.8305E-01     1.0381E-14     0.0000E+00
     1.8948E-01     1.0381E-14     0.0000E+00
     1.9614E-01     1.0381E-14     0.0000E+00
     2.0303E-01     1.0381E-14     0.0000E+00
     2.1017E-01     1.0381E-14     0.0000E+00
     2.1755E-01     1.0381E-14     0.0000E+00
     2.2520E-01     1.0381E-14     0.0000E+00
     2.3311E-01     1.0381E-14     0.0000E+00
     2.4130E-01     1.0381E-14     0.0000E+00
     2.4978E-01     1.0381E-14     0.0000E+00
     2.5856E-01     1.0381E-14     0.0000E+00
     2.6765E-01     1.0381E-14     0.0000E+00
     2.7705E-01     1.0381E-14     0.0000E+00
     2.8679E-01     1.0381E-14     0.0000E+00
     2.9687E-01     1.0381E-14     0.0000E+00
     3.0730E-01     1.0381E-14     0.0000E+00
     3.1810E-01     1.0381E-14     0.0000E+00
     3.2928E-01     1.0381E-14     0.0000E+00
     3.4085E-01     1.0381E-14     0.0000E+00
     3.5283E-01     1.0381E-14     0.0000E+00
     3.6523E-01     1.0381E-14     0.0000E+00
     3.7806E-01     1.0381E-14     0.0000E+00
     3.9135E-01     1.0381E-14     0.0000E+00
     4.0510E-01     1.0381E-14     0.0000E+00
     4.1934E-01     1.0381E-14     0.0000E+00
     4.3407E-01     1.0381E-14     0.0000E+00
     4.4933E-01     1.0381E-14     0.0000E+00
     4.6512E-01     1.0381E-14     0.0000E+00
     4.8147E-01     1.0381E-14     0.0000E+00
     4.9838E-01     1.0381E-14     0.0000E+00
     5.1590E-01     1.0381E-14     0.0000E+00
     5.3403E-01     1.0381E-14     0.0000E+00
     5.5280E-01     1.0381E-14     0.0000E+00
     5.7222E-01     1.0381E-14     0.0000E+00
     5.9233E-01     1.0381E-14     0.0000E+00
     6.1315E-01     1.0381E-14     0.0000E+00
     6.3469E-01     1.0381E-14     0.0000E+00
     6.5700E-01     1.0381E-14     0.0000E+00
     6.8009E-01     1.0381E-14     0.0000E+00
     7.0399E-01     1.0381E-14     0.0000E+00
     7.2873E-01     1.0381E-14     0.0000E+00
     7.5434E-01     1.0381E-14     0.0000E+00
     7.8084E-01     1.0381E-14     0.0000E+00
     8.0829E-01     1.0381E-14     0.0000E+00
     8.3669E-01     1.0381E-14     0.0000E+00
     8.6609E-01     1.0381E-14     0.0000E+00
     8.9653E-01     1.0381E-14     0.0000E+00
     9.2804E-01     1.0381E-14     0.0000E+00
     9.6065E-01     1.0381E-14     0.0000E+00
     9.9441E-01     1.0381E-04     8.6105E-09
     1.0294E+00     1.0381E-14     0.0000E+00
     1.0655E+00     1.0381E-14     0.0000E+00
     1.1030E+00     1.0381E-14     0.0000E+00
     1.1417E+00     1.0381E-14     0.0000E+00
     1.1819E+00     1.0381E-14     0.0000E+00
     1.2234E+00     1.0381E-14     0.0000E+00
     1.2664E+00     1.0381E-14     0.0000E+00
     1.3109E+00     1.0381E-14     0.0000E+00
     1.3570E+00     1.0381E-14     0.0000E+00
     1.4046E+00     1.0381E-14     0.0000E+00
     1.4540E+00     1.0381E-14     0.0000E+00
     1.5051E+00     1.0381E-14     0.0000E+00
     1.5580E+00     1.0381E-14     0.0000E+00
     1.6127E+00     1.0381E-14     0.0000E+00
     1.6694E+00     1.0381E-14     0.0000E+00
     1.7281E+00     1.0381E-14     0.0000E+00
     1.7888E+00     1.0381E-14     0.0000E+00
     1.8517E+00     1.0381E-14     0.0000E+00
     1.9167E+00     1.0381E-14     0.0000E+00
     1.9841E+00     1.0381E-14     0.0000E+00
     2.0538E+00     1.0381E-14     0.0000E+00
     2.1260E+00     1.0381E-14     0.0000E+00
     2.2007E+00     1.0381E-14     0.0000E+00
     2.2781E+00     1.0381E-14     0.0000E+00
     2.3581E+00     1.0381E-14     0.0000E+00
     2.4410E+00     1.0381E-14     0.0000E+00
     2.5268E+00     1.0381E-14     0.0000E+00
     2.6156E+00     1.0381E-14     0.0000E+00
     2.7075E+00     1.0381E-14     0.0000E+00
     2.8026E+00     1.0381E-14     0.0000E+00
     2.9011E+00     1.0381E-14     0.0000E+00
     3.0031E+00     1.0381E-14     0.0000E+00
     3.1086E+00     1.0381E-14     0.0000E+00
     3.2178E+00     1.0381E-14     0.0000E+00
     3.3309E+00     1.0381E-14     0.0000E+00
     3.4480E+00     1.0381E-14     0.0000E+00
     3.5691E+00     1.0381E-14     0.0000E+00
     3.6946E+00     1.0381E-14     0.0000E+00
     3.8244E+00     1.0381E-14     0.0000E+00
     3.9588E+00     1.0381E-14     0.0000E+00
     4.0979E+00     1.0381E-14     0.0000E+00
     4.2419E+00     1.0381E-14     0.0000E+00
     4.3910E+00     1.0381E-14     0.0000E+00
     4.5453E+00     1.0381E-14     0.0000E+00
     4.7051E+00     1.0381E-14     0.0000E+00
     4.8704E+00     1.0381E-14     0.0000E+00
     5.0416E+00     1.0381E-14     0.0000E+00
     5.2187E+00     1.0381E-14     0.0000E+00
     5.4021E+00     1.0381E-14     0.0000E+00
     5.5920E+00     1.0381E-14     0.0000E+00
     5.7885E+00     1.0381E-14     0.0000E+00
     5.9919E+00     1.0381E-14     0.0000E+00
     6.2025E+00     1.0381E-14     0.0000E+00
     6.4204E+00     1.0381E-14     0.0000E+00
     6.6461E+00     1.0381E-14     0.0000E+00
     6.8796E+00     1.0381E-14     0.0000E+00
     7.1214E+00     1.0381E-14     0.0000E+00
     7.3717E+00     1.0381E-14     0.0000E+00
     7.6307E+00     1.0381E-14     0.0000E+00
     7.8989E+00     1.0381E-14     0.0000E+00
     8.1764E+00     1.0381E-14     0.0000E+00
     8.4638E+00     1.0381E-14     0.0000E+00
     8.7612E+00     1.0381E-14     0.0000E+00
     9.0691E+00     1.0381E-14     0.0000E+00
     9.3878E+00     1.0381E-14     0.0000E+00
     9.7177E+00     1.0381E-14     0.0000E+00
     1.0059E+01     1.0381E-14     0.0000E+00
     1.0413E+01     1.0381E-14     0.0000E+00
     1.0779E+01     1.0381E-14     0.0000E+00
     1.1157E+01     1.0381E-14     0.0000E+00
     1.1550E+01     1.0381E-14     0.0000E+00
     1.1955E+01     1.0381E-14     0.0000E+00
     1.2376E+01     1.0381E-14     0.0000E+00
     1.2810E+01     1.0381E-14     0.0000E+00
     1.3261E+01     1.0381E-14     0.0000E+00
     1.3727E+01     1.0381E-14     0.0000E+00
     1.4209E+01     1.0381E-14     0.0000E+00
     1.4708E+01     1.0381E-14     0.0000E+00
     1.5225E+01     1.0381E-14     0.0000E+00
     1.5760E+01     1.0381E-14     0.0000E+00
     1.6314E+01     1.0381E-14     0.0000E+00
     1.6887E+01     1.0381E-14     0.0000E+00
     1.7481E+01     1.0381E-14     0.0000E+00
     1.8095E+01     1.0381E-14     0.0000E+00
     1.8731E+01     1.0381E-14     0.0000E+00
     1.9389E+01     1.0381E-14     0.0000E+00
     2.0071E+01     1.0381E-14     0.0000E+00
     2.0776E+01     1.0381E-14     0.0000E+00
     2.1506E+01     1.0381E-14     0.0000E+00
     2.2262E+01     1.0381E-14     0.0000E+00
     2.3044E+01     1.0381E-14     0.0000E+00
     2.3854E+01     1.0381E-14     0.0000E+00
     2.4692E+01     1.0381E-14     0.0000E+00
     2.5560E+01     1.0381E-14     0.0000E+00
     2.6458E+01     1.0381E-14     0.0000E+00
     2.7388E+01     1.0381E-14     0.0000E+00
     2.8351E+01     1.0381E-14     0.0000E+00
     2.9347E+01     1.0381E-14     0.0000E+00
     3.0378E+01     1.0381E-14     0.0000E+00
     3.1446E+01     1.0381E-14     0.0000E+00
     3.2551E+01     1.0381E-14     0.0000E+00
     3.3695E+01     1.0381E-14     0.0000E+00
     3.4879E+01     1.0381E-14     0.0000E+00
     3.6105E+01     1.0381E-14     0.0000E+00
     3.7374E+01     1.0381E-14     0.0000E+00
     3.8687E+01     1.0381E-14     0.0000E+00
     4.0047E+01     1.0381E-14     0.0000E+00
     4.1454E+01     1.0381E-14     0.0000E+00
     4.2911E+01     1.0381E-14     0.0000E+00
     4.4419E+01     1.0381E-14     0.0000E+00
     4.5980E+01     1.0381E-14     0.0000E+00
     4.7595E+01     1.0381E-14     0.0000E+00
     4.9268E+01     1.0381E-14     0.0000E+00
     5.0999E+01     1.0381E-14     0.0000E+00
     5.2792E+01     1.0381E-14     0.0000E+00
     5.4647E+01     1.0381E-14     0.0000E+00
     5.6567E+01     1.0381E-14     0.0000E+00
     5.8555E+01     1.0381E-14     0.0000E+00
     6.0613E+01     1.0381E-14     0.0000E+00
     6.2743E+01     1.0381E-14     0.0000E+00
     6.4948E+01     1.0381E-14     0.0000E+00
     6.7230E+01     1.0381E-14     0.0000E+00
     6.9593E+01     1.0381E-14     0.0000E+00
     7.2039E+01     1.0381E-14     0.0000E+00
     7.4570E+01     1.0381E-14     0.0000E+00
     7.7191E+01     1.0381E-14     0.0000E+00
     7.9903E+01     1.0381E-14     0.0000E+00
     8.2711E+01     1.0381E-14     0.0000E+00
     8.5618E+01     1.0381E-14     0.0000E+00
     8.8627E+01     1.0381E-14     0.0000E+00
     9.1741E+01     1.0381E-14     0.0000E+00
     9.4965E+01     1.0381E-14     0.0000E+00
     9.8303E+01     1.0381E-14     0.0000E+00
&
