@g0 type xy 
@    title "distribution of ZLAST"
@    subtitle "/home/miia/EGSnrc/egs_home/egs_chamber/anodeXRayWPbPort_egs_"
@    legend on
@    legend box linestyle 0
@    legend x1 0.6
@    legend y1 0.75
@    view xmin 0.250000
@    xaxis  label "Z /cm"
@    timestamp on
@    yaxis  label "particles/bin(equal)/incident particle"
@    s0 on
@    legend string  0 "IQ =2  NO LATCH CHECK"
@TYPE xydy
@    s0 errorbar length 0.000000
@    s0 symbol color 1
     2.5000E-05     1.0381E-04     8.6105E-09
     7.5000E-05     1.0381E-14     0.0000E+00
     1.2500E-04     1.0381E-14     0.0000E+00
     1.7500E-04     1.0381E-14     0.0000E+00
     2.2500E-04     1.0381E-14     0.0000E+00
     2.7500E-04     1.0381E-14     0.0000E+00
     3.2500E-04     1.0381E-14     0.0000E+00
     3.7500E-04     1.0381E-14     0.0000E+00
     4.2500E-04     1.0381E-14     0.0000E+00
     4.7500E-04     1.0381E-14     0.0000E+00
     5.2500E-04     1.0381E-14     0.0000E+00
     5.7500E-04     1.0381E-14     0.0000E+00
     6.2500E-04     1.0381E-14     0.0000E+00
     6.7500E-04     1.0381E-14     0.0000E+00
     7.2500E-04     1.0381E-14     0.0000E+00
     7.7500E-04     1.0381E-14     0.0000E+00
     8.2500E-04     1.0381E-14     0.0000E+00
     8.7500E-04     1.0381E-14     0.0000E+00
     9.2500E-04     1.0381E-14     0.0000E+00
     9.7500E-04     1.0381E-14     0.0000E+00
     1.0250E-03     1.0381E-14     0.0000E+00
     1.0750E-03     1.0381E-14     0.0000E+00
     1.1250E-03     1.0381E-14     0.0000E+00
     1.1750E-03     1.0381E-14     0.0000E+00
     1.2250E-03     1.0381E-14     0.0000E+00
     1.2750E-03     1.0381E-14     0.0000E+00
     1.3250E-03     1.0381E-14     0.0000E+00
     1.3750E-03     1.0381E-14     0.0000E+00
     1.4250E-03     1.0381E-14     0.0000E+00
     1.4750E-03     1.0381E-14     0.0000E+00
     1.5250E-03     1.0381E-14     0.0000E+00
     1.5750E-03     1.0381E-14     0.0000E+00
     1.6250E-03     1.0381E-14     0.0000E+00
     1.6750E-03     1.0381E-14     0.0000E+00
     1.7250E-03     1.0381E-14     0.0000E+00
     1.7750E-03     1.0381E-14     0.0000E+00
     1.8250E-03     1.0381E-14     0.0000E+00
     1.8750E-03     1.0381E-14     0.0000E+00
     1.9250E-03     1.0381E-14     0.0000E+00
     1.9750E-03     1.0381E-14     0.0000E+00
     2.0250E-03     1.0381E-14     0.0000E+00
     2.0750E-03     1.0381E-14     0.0000E+00
     2.1250E-03     1.0381E-14     0.0000E+00
     2.1750E-03     1.0381E-14     0.0000E+00
     2.2250E-03     1.0381E-14     0.0000E+00
     2.2750E-03     1.0381E-14     0.0000E+00
     2.3250E-03     1.0381E-14     0.0000E+00
     2.3750E-03     1.0381E-14     0.0000E+00
     2.4250E-03     1.0381E-14     0.0000E+00
     2.4750E-03     1.0381E-14     0.0000E+00
     2.5250E-03     1.0381E-14     0.0000E+00
     2.5750E-03     1.0381E-14     0.0000E+00
     2.6250E-03     1.0381E-14     0.0000E+00
     2.6750E-03     1.0381E-14     0.0000E+00
     2.7250E-03     1.0381E-14     0.0000E+00
     2.7750E-03     1.0381E-14     0.0000E+00
     2.8250E-03     1.0381E-14     0.0000E+00
     2.8750E-03     1.0381E-14     0.0000E+00
     2.9250E-03     1.0381E-14     0.0000E+00
     2.9750E-03     1.0381E-14     0.0000E+00
     3.0250E-03     1.0381E-14     0.0000E+00
     3.0750E-03     1.0381E-14     0.0000E+00
     3.1250E-03     1.0381E-14     0.0000E+00
     3.1750E-03     1.0381E-14     0.0000E+00
     3.2250E-03     1.0381E-14     0.0000E+00
     3.2750E-03     1.0381E-14     0.0000E+00
     3.3250E-03     1.0381E-14     0.0000E+00
     3.3750E-03     1.0381E-14     0.0000E+00
     3.4250E-03     1.0381E-14     0.0000E+00
     3.4750E-03     1.0381E-14     0.0000E+00
     3.5250E-03     1.0381E-14     0.0000E+00
     3.5750E-03     1.0381E-14     0.0000E+00
     3.6250E-03     1.0381E-14     0.0000E+00
     3.6750E-03     1.0381E-14     0.0000E+00
     3.7250E-03     1.0381E-14     0.0000E+00
     3.7750E-03     1.0381E-14     0.0000E+00
     3.8250E-03     1.0381E-14     0.0000E+00
     3.8750E-03     1.0381E-14     0.0000E+00
     3.9250E-03     1.0381E-14     0.0000E+00
     3.9750E-03     1.0381E-14     0.0000E+00
     4.0250E-03     1.0381E-14     0.0000E+00
     4.0750E-03     1.0381E-14     0.0000E+00
     4.1250E-03     1.0381E-14     0.0000E+00
     4.1750E-03     1.0381E-14     0.0000E+00
     4.2250E-03     1.0381E-14     0.0000E+00
     4.2750E-03     1.0381E-14     0.0000E+00
     4.3250E-03     1.0381E-14     0.0000E+00
     4.3750E-03     1.0381E-14     0.0000E+00
     4.4250E-03     1.0381E-14     0.0000E+00
     4.4750E-03     1.0381E-14     0.0000E+00
     4.5250E-03     1.0381E-14     0.0000E+00
     4.5750E-03     1.0381E-14     0.0000E+00
     4.6250E-03     1.0381E-14     0.0000E+00
     4.6750E-03     1.0381E-14     0.0000E+00
     4.7250E-03     1.0381E-14     0.0000E+00
     4.7750E-03     1.0381E-14     0.0000E+00
     4.8250E-03     1.0381E-14     0.0000E+00
     4.8750E-03     1.0381E-14     0.0000E+00
     4.9250E-03     1.0381E-14     0.0000E+00
     4.9750E-03     1.0381E-14     0.0000E+00
     5.0250E-03     1.0381E-14     0.0000E+00
     5.0750E-03     1.0381E-14     0.0000E+00
     5.1250E-03     1.0381E-14     0.0000E+00
     5.1750E-03     1.0381E-14     0.0000E+00
     5.2250E-03     1.0381E-14     0.0000E+00
     5.2750E-03     1.0381E-14     0.0000E+00
     5.3250E-03     1.0381E-14     0.0000E+00
     5.3750E-03     1.0381E-14     0.0000E+00
     5.4250E-03     1.0381E-14     0.0000E+00
     5.4750E-03     1.0381E-14     0.0000E+00
     5.5250E-03     1.0381E-14     0.0000E+00
     5.5750E-03     1.0381E-14     0.0000E+00
     5.6250E-03     1.0381E-14     0.0000E+00
     5.6750E-03     1.0381E-14     0.0000E+00
     5.7250E-03     1.0381E-14     0.0000E+00
     5.7750E-03     1.0381E-14     0.0000E+00
     5.8250E-03     1.0381E-14     0.0000E+00
     5.8750E-03     1.0381E-14     0.0000E+00
     5.9250E-03     1.0381E-14     0.0000E+00
     5.9750E-03     1.0381E-14     0.0000E+00
     6.0250E-03     1.0381E-14     0.0000E+00
     6.0750E-03     1.0381E-14     0.0000E+00
     6.1250E-03     1.0381E-14     0.0000E+00
     6.1750E-03     1.0381E-14     0.0000E+00
     6.2250E-03     1.0381E-14     0.0000E+00
     6.2750E-03     1.0381E-14     0.0000E+00
     6.3250E-03     1.0381E-14     0.0000E+00
     6.3750E-03     1.0381E-14     0.0000E+00
     6.4250E-03     1.0381E-14     0.0000E+00
     6.4750E-03     1.0381E-14     0.0000E+00
     6.5250E-03     1.0381E-14     0.0000E+00
     6.5750E-03     1.0381E-14     0.0000E+00
     6.6250E-03     1.0381E-14     0.0000E+00
     6.6750E-03     1.0381E-14     0.0000E+00
     6.7250E-03     1.0381E-14     0.0000E+00
     6.7750E-03     1.0381E-14     0.0000E+00
     6.8250E-03     1.0381E-14     0.0000E+00
     6.8750E-03     1.0381E-14     0.0000E+00
     6.9250E-03     1.0381E-14     0.0000E+00
     6.9750E-03     1.0381E-14     0.0000E+00
     7.0250E-03     1.0381E-14     0.0000E+00
     7.0750E-03     1.0381E-14     0.0000E+00
     7.1250E-03     1.0381E-14     0.0000E+00
     7.1750E-03     1.0381E-14     0.0000E+00
     7.2250E-03     1.0381E-14     0.0000E+00
     7.2750E-03     1.0381E-14     0.0000E+00
     7.3250E-03     1.0381E-14     0.0000E+00
     7.3750E-03     1.0381E-14     0.0000E+00
     7.4250E-03     1.0381E-14     0.0000E+00
     7.4750E-03     1.0381E-14     0.0000E+00
     7.5250E-03     1.0381E-14     0.0000E+00
     7.5750E-03     1.0381E-14     0.0000E+00
     7.6250E-03     1.0381E-14     0.0000E+00
     7.6750E-03     1.0381E-14     0.0000E+00
     7.7250E-03     1.0381E-14     0.0000E+00
     7.7750E-03     1.0381E-14     0.0000E+00
     7.8250E-03     1.0381E-14     0.0000E+00
     7.8750E-03     1.0381E-14     0.0000E+00
     7.9250E-03     1.0381E-14     0.0000E+00
     7.9750E-03     1.0381E-14     0.0000E+00
     8.0250E-03     1.0381E-14     0.0000E+00
     8.0750E-03     1.0381E-14     0.0000E+00
     8.1250E-03     1.0381E-14     0.0000E+00
     8.1750E-03     1.0381E-14     0.0000E+00
     8.2250E-03     1.0381E-14     0.0000E+00
     8.2750E-03     1.0381E-14     0.0000E+00
     8.3250E-03     1.0381E-14     0.0000E+00
     8.3750E-03     1.0381E-14     0.0000E+00
     8.4250E-03     1.0381E-14     0.0000E+00
     8.4750E-03     1.0381E-14     0.0000E+00
     8.5250E-03     1.0381E-14     0.0000E+00
     8.5750E-03     1.0381E-14     0.0000E+00
     8.6250E-03     1.0381E-14     0.0000E+00
     8.6750E-03     1.0381E-14     0.0000E+00
     8.7250E-03     1.0381E-14     0.0000E+00
     8.7750E-03     1.0381E-14     0.0000E+00
     8.8250E-03     1.0381E-14     0.0000E+00
     8.8750E-03     1.0381E-14     0.0000E+00
     8.9250E-03     1.0381E-14     0.0000E+00
     8.9750E-03     1.0381E-14     0.0000E+00
     9.0250E-03     1.0381E-14     0.0000E+00
     9.0750E-03     1.0381E-14     0.0000E+00
     9.1250E-03     1.0381E-14     0.0000E+00
     9.1750E-03     1.0381E-14     0.0000E+00
     9.2250E-03     1.0381E-14     0.0000E+00
     9.2750E-03     1.0381E-14     0.0000E+00
     9.3250E-03     1.0381E-14     0.0000E+00
     9.3750E-03     1.0381E-14     0.0000E+00
     9.4250E-03     1.0381E-14     0.0000E+00
     9.4750E-03     1.0381E-14     0.0000E+00
     9.5250E-03     1.0381E-14     0.0000E+00
     9.5750E-03     1.0381E-14     0.0000E+00
     9.6250E-03     1.0381E-14     0.0000E+00
     9.6750E-03     1.0381E-14     0.0000E+00
     9.7250E-03     1.0381E-14     0.0000E+00
     9.7750E-03     1.0381E-14     0.0000E+00
     9.8250E-03     1.0381E-14     0.0000E+00
     9.8750E-03     1.0381E-14     0.0000E+00
     9.9250E-03     1.0381E-14     0.0000E+00
     9.9750E-03     1.0381E-14     0.0000E+00
&
